"Time Stamp","Name","PTID","LBMP ($/MWHr)","Marginal Cost Losses ($/MWHr)","Marginal Cost Congestion ($/MWHr)"
"11/20/2012 00:05:00","CAPITL",61757,55.08,1.60,0.00
"11/20/2012 00:05:00","CENTRL",61754,54.06,0.59,0.00
"11/20/2012 00:05:00","DUNWOD",61760,56.25,2.78,0.00
"11/20/2012 00:05:00","GENESE",61753,53.53,0.05,0.00
"11/20/2012 00:05:00","H Q",61844,52.51,-0.96,0.00
"11/20/2012 00:05:00","HUD VL",61758,56.41,2.94,0.00
"11/20/2012 00:05:00","LONGIL",61762,58.67,5.19,-0.01
"11/20/2012 00:05:00","MHK VL",61756,55.13,1.66,0.00
"11/20/2012 00:05:00","MILLWD",61759,56.36,2.89,0.00
"11/20/2012 00:05:00","N.Y.C.",61761,56.36,2.89,0.00
"11/20/2012 00:05:00","NORTH",61755,52.99,-0.48,0.00
"11/20/2012 00:05:00","NPX",61845,54.92,1.44,0.00
"11/20/2012 00:05:00","O H",61846,50.00,-3.47,0.00
"11/20/2012 00:05:00","PJM",61847,52.25,-1.23,0.00
"11/20/2012 00:05:00","WEST",61752,50.80,-2.67,0.00
"11/20/2012 00:10:00","CAPITL",61757,55.01,1.71,0.00
"11/20/2012 00:10:00","CENTRL",61754,53.89,0.59,0.00
"11/20/2012 00:10:00","DUNWOD",61760,56.02,2.72,0.00
"11/20/2012 00:10:00","GENESE",61753,53.47,0.16,0.00
"11/20/2012 00:10:00","H Q",61844,52.35,-0.96,0.00
"11/20/2012 00:10:00","HUD VL",61758,56.13,2.82,0.00
"11/20/2012 00:10:00","LONGIL",61762,58.26,4.96,0.00
"11/20/2012 00:10:00","MHK VL",61756,54.90,1.60,0.00
"11/20/2012 00:10:00","MILLWD",61759,56.08,2.77,0.00
"11/20/2012 00:10:00","N.Y.C.",61761,56.08,2.77,0.00
"11/20/2012 00:10:00","NORTH",61755,52.72,-0.59,0.00
"11/20/2012 00:10:00","NPX",61845,54.85,1.55,0.00
"11/20/2012 00:10:00","O H",61846,49.95,-3.36,0.00
"11/20/2012 00:10:00","PJM",61847,52.03,-1.28,0.00
"11/20/2012 00:10:00","WEST",61752,50.75,-2.56,0.00
"11/20/2012 00:15:00","CAPITL",61757,55.06,1.76,0.00
"11/20/2012 00:15:00","CENTRL",61754,53.95,0.64,0.00
"11/20/2012 00:15:00","DUNWOD",61760,55.92,2.61,0.00
"11/20/2012 00:15:00","GENESE",61753,53.52,0.21,0.00
"11/20/2012 00:15:00","H Q",61844,52.35,-0.96,0.00
"11/20/2012 00:15:00","HUD VL",61758,56.13,2.82,0.00
"11/20/2012 00:15:00","LONGIL",61762,58.05,4.74,0.00
"11/20/2012 00:15:00","MHK VL",61756,54.96,1.65,0.00
"11/20/2012 00:15:00","MILLWD",61759,56.02,2.72,0.00
"11/20/2012 00:15:00","N.Y.C.",61761,55.97,2.66,0.00
"11/20/2012 00:15:00","NORTH",61755,52.67,-0.64,0.00
"11/20/2012 00:15:00","NPX",61845,54.85,1.55,0.00
"11/20/2012 00:15:00","O H",61846,50.00,-3.31,0.00
"11/20/2012 00:15:00","PJM",61847,52.08,-1.22,0.00
"11/20/2012 00:15:00","WEST",61752,50.75,-2.56,0.00
"11/20/2012 00:20:00","CAPITL",61757,49.45,1.63,0.00
"11/20/2012 00:20:00","CENTRL",61754,48.44,0.62,0.00
"11/20/2012 00:20:00","DUNWOD",61760,50.12,2.30,0.00
"11/20/2012 00:20:00","GENESE",61753,48.06,0.24,0.00
"11/20/2012 00:20:00","H Q",61844,46.91,-0.91,0.00
"11/20/2012 00:20:00","HUD VL",61758,50.26,2.44,0.00
"11/20/2012 00:20:00","LONGIL",61762,51.88,4.06,0.00
"11/20/2012 00:20:00","MHK VL",61756,49.31,1.48,0.00
"11/20/2012 00:20:00","MILLWD",61759,50.21,2.39,0.00
"11/20/2012 00:20:00","N.Y.C.",61761,50.16,2.34,0.00
"11/20/2012 00:20:00","NORTH",61755,47.25,-0.57,0.00
"11/20/2012 00:20:00","NPX",61845,49.21,1.39,0.00
"11/20/2012 00:20:00","O H",61846,45.00,-2.82,0.00
"11/20/2012 00:20:00","PJM",61847,46.81,-1.01,0.00
"11/20/2012 00:20:00","WEST",61752,45.72,-2.10,0.00
"11/20/2012 00:25:00","CAPITL",61757,49.50,1.63,0.00
"11/20/2012 00:25:00","CENTRL",61754,48.45,0.58,0.00
"11/20/2012 00:25:00","DUNWOD",61760,50.22,2.35,0.00
"11/20/2012 00:25:00","GENESE",61753,48.11,0.24,0.00
"11/20/2012 00:25:00","H Q",61844,47.01,-0.86,0.00
"11/20/2012 00:25:00","HUD VL",61758,50.31,2.44,0.00
"11/20/2012 00:25:00","LONGIL",61762,51.99,4.12,0.00
"11/20/2012 00:25:00","MHK VL",61756,49.36,1.49,0.00
"11/20/2012 00:25:00","MILLWD",61759,50.26,2.39,0.00
"11/20/2012 00:25:00","N.Y.C.",61761,50.26,2.39,0.00
"11/20/2012 00:25:00","NORTH",61755,47.35,-0.53,0.00
"11/20/2012 00:25:00","NPX",61845,49.26,1.39,0.00
"11/20/2012 00:25:00","O H",61846,44.95,-2.92,0.00
"11/20/2012 00:25:00","PJM",61847,46.77,-1.10,0.00
"11/20/2012 00:25:00","WEST",61752,45.67,-2.20,0.00
"11/20/2012 00:30:00","CAPITL",61757,49.24,1.57,0.00
"11/20/2012 00:30:00","CENTRL",61754,48.24,0.57,0.00
"11/20/2012 00:30:00","DUNWOD",61760,49.91,2.24,0.00
"11/20/2012 00:30:00","GENESE",61753,48.00,0.34,0.00
"11/20/2012 00:30:00","H Q",61844,46.81,-0.86,0.00
"11/20/2012 00:30:00","HUD VL",61758,50.05,2.38,0.00
"11/20/2012 00:30:00","LONGIL",61762,51.62,3.95,0.00
"11/20/2012 00:30:00","MHK VL",61756,49.19,1.52,0.00
"11/20/2012 00:30:00","MILLWD",61759,49.96,2.29,0.00
"11/20/2012 00:30:00","N.Y.C.",61761,50.00,2.34,0.00
"11/20/2012 00:30:00","NORTH",61755,47.15,-0.52,0.00
"11/20/2012 00:30:00","NPX",61845,49.05,1.38,0.00
"11/20/2012 00:30:00","O H",61846,44.90,-2.77,0.00
"11/20/2012 00:30:00","PJM",61847,46.57,-1.09,0.00
"11/20/2012 00:30:00","WEST",61752,45.57,-2.10,0.00
"11/20/2012 00:35:00","CAPITL",61757,48.66,1.51,0.00
"11/20/2012 00:35:00","CENTRL",61754,47.72,0.57,0.00
"11/20/2012 00:35:00","DUNWOD",61760,49.41,2.26,0.00
"11/20/2012 00:35:00","GENESE",61753,47.43,0.28,0.00
"11/20/2012 00:35:00","H Q",61844,46.35,-0.80,0.00
"11/20/2012 00:35:00","HUD VL",61758,49.51,2.36,0.00
"11/20/2012 00:35:00","LONGIL",61762,51.11,3.96,0.00
"11/20/2012 00:35:00","MHK VL",61756,48.61,1.46,0.00
"11/20/2012 00:35:00","MILLWD",61759,49.46,2.31,0.00
"11/20/2012 00:35:00","N.Y.C.",61761,49.46,2.31,0.00
"11/20/2012 00:35:00","NORTH",61755,46.77,-0.38,0.00
"11/20/2012 00:35:00","NPX",61845,48.42,1.27,0.00
"11/20/2012 00:35:00","O H",61846,44.37,-2.78,0.00
"11/20/2012 00:35:00","PJM",61847,46.11,-1.04,0.00
"11/20/2012 00:35:00","WEST",61752,45.08,-2.07,0.00
"11/20/2012 00:40:00","CAPITL",61757,48.34,1.46,0.00
"11/20/2012 00:40:00","CENTRL",61754,47.50,0.61,0.00
"11/20/2012 00:40:00","DUNWOD",61760,49.09,2.20,0.00
"11/20/2012 00:40:00","GENESE",61753,47.22,0.33,0.00
"11/20/2012 00:40:00","H Q",61844,46.09,-0.80,0.00
"11/20/2012 00:40:00","HUD VL",61758,49.19,2.30,0.00
"11/20/2012 00:40:00","LONGIL",61762,50.78,3.89,0.00
"11/20/2012 00:40:00","MHK VL",61756,48.39,1.50,0.00
"11/20/2012 00:40:00","MILLWD",61759,49.14,2.25,0.00
"11/20/2012 00:40:00","N.Y.C.",61761,49.14,2.25,0.00
"11/20/2012 00:40:00","NORTH",61755,46.61,-0.28,0.00
"11/20/2012 00:40:00","NPX",61845,48.11,1.22,0.00
"11/20/2012 00:40:00","O H",61846,44.26,-2.62,0.00
"11/20/2012 00:40:00","PJM",61847,45.86,-1.03,0.00
"11/20/2012 00:40:00","WEST",61752,44.96,-1.92,0.00
"11/20/2012 00:45:00","CAPITL",61757,45.47,1.41,0.00
"11/20/2012 00:45:00","CENTRL",61754,44.55,0.49,0.00
"11/20/2012 00:45:00","DUNWOD",61760,46.18,2.11,0.00
"11/20/2012 00:45:00","GENESE",61753,44.28,0.22,0.00
"11/20/2012 00:45:00","H Q",61844,43.31,-0.75,0.00
"11/20/2012 00:45:00","HUD VL",61758,46.27,2.20,0.00
"11/20/2012 00:45:00","LONGIL",61762,47.77,3.70,0.00
"11/20/2012 00:45:00","MHK VL",61756,45.43,1.37,0.00
"11/20/2012 00:45:00","MILLWD",61759,46.22,2.16,0.00
"11/20/2012 00:45:00","N.Y.C.",61761,46.27,2.20,0.00
"11/20/2012 00:45:00","NORTH",61755,43.80,-0.26,0.00
"11/20/2012 00:45:00","NPX",61845,45.25,1.19,0.00
"11/20/2012 00:45:00","O H",61846,41.46,-2.60,0.00
"11/20/2012 00:45:00","PJM",61847,43.05,-1.01,0.00
"11/20/2012 00:45:00","WEST",61752,42.13,-1.94,0.00
"11/20/2012 00:50:00","CAPITL",61757,44.19,1.37,0.00
"11/20/2012 00:50:00","CENTRL",61754,43.25,0.43,0.00
"11/20/2012 00:50:00","DUNWOD",61760,44.96,2.14,0.00
"11/20/2012 00:50:00","GENESE",61753,42.99,0.17,0.00
"11/20/2012 00:50:00","H Q",61844,42.09,-0.73,0.00
"11/20/2012 00:50:00","HUD VL",61758,45.04,2.23,0.00
"11/20/2012 00:50:00","LONGIL",61762,46.45,3.64,0.00
"11/20/2012 00:50:00","MHK VL",61756,44.15,1.33,0.00
"11/20/2012 00:50:00","MILLWD",61759,45.00,2.18,0.00
"11/20/2012 00:50:00","N.Y.C.",61761,45.04,2.23,0.00
"11/20/2012 00:50:00","NORTH",61755,42.52,-0.30,0.00
"11/20/2012 00:50:00","NPX",61845,43.97,1.16,0.00
"11/20/2012 00:50:00","O H",61846,40.20,-2.61,0.00
"11/20/2012 00:50:00","PJM",61847,41.79,-1.03,0.00
"11/20/2012 00:50:00","WEST",61752,40.85,-1.97,0.00
"11/20/2012 00:55:00","CAPITL",61757,41.14,1.24,0.00
"11/20/2012 00:55:00","CENTRL",61754,40.38,0.48,0.00
"11/20/2012 00:55:00","DUNWOD",61760,41.86,1.95,0.00
"11/20/2012 00:55:00","GENESE",61753,40.14,0.24,0.00
"11/20/2012 00:55:00","H Q",61844,39.19,-0.72,0.00
"11/20/2012 00:55:00","HUD VL",61758,41.94,2.03,0.00
"11/20/2012 00:55:00","LONGIL",61762,43.18,3.27,0.00
"11/20/2012 00:55:00","MHK VL",61756,41.14,1.24,0.00
"11/20/2012 00:55:00","MILLWD",61759,41.90,1.99,0.00
"11/20/2012 00:55:00","N.Y.C.",61761,41.90,1.99,0.00
"11/20/2012 00:55:00","NORTH",61755,39.58,-0.32,0.00
"11/20/2012 00:55:00","NPX",61845,40.94,1.04,0.00
"11/20/2012 00:55:00","O H",61846,37.67,-2.23,0.00
"11/20/2012 00:55:00","PJM",61847,39.11,-0.80,0.00
"11/20/2012 00:55:00","WEST",61752,38.27,-1.64,0.00
"11/20/2012 01:00:00","CAPITL",61757,49.15,1.66,0.00
"11/20/2012 01:00:00","CENTRL",61754,47.72,0.24,0.00
"11/20/2012 01:00:00","DUNWOD",61760,49.95,2.47,0.00
"11/20/2012 01:00:00","GENESE",61753,47.15,-0.33,0.00
"11/20/2012 01:00:00","H Q",61844,46.68,-0.81,0.00
"11/20/2012 01:00:00","HUD VL",61758,50.05,2.56,0.00
"11/20/2012 01:00:00","LONGIL",61762,51.66,4.18,0.00
"11/20/2012 01:00:00","MHK VL",61756,48.86,1.38,0.00
"11/20/2012 01:00:00","MILLWD",61759,50.00,2.51,0.00
"11/20/2012 01:00:00","N.Y.C.",61761,50.00,2.51,0.00
"11/20/2012 01:00:00","NORTH",61755,47.10,-0.38,0.00
"11/20/2012 01:00:00","NPX",61845,49.00,1.52,0.00
"11/20/2012 01:00:00","O H",61846,43.87,-3.61,0.00
"11/20/2012 01:00:00","PJM",61847,46.01,-1.47,0.00
"11/20/2012 01:00:00","WEST",61752,44.49,-2.99,0.00
"11/20/2012 01:05:00","CAPITL",61757,45.22,1.65,0.00
"11/20/2012 01:05:00","CENTRL",61754,43.56,0.00,0.00
"11/20/2012 01:05:00","DUNWOD",61760,45.96,2.39,0.00
"11/20/2012 01:05:00","GENESE",61753,43.04,-0.52,0.00
"11/20/2012 01:05:00","H Q",61844,42.82,-0.74,0.00
"11/20/2012 01:05:00","HUD VL",61758,46.00,2.44,0.00
"11/20/2012 01:05:00","LONGIL",61762,47.61,4.05,0.00
"11/20/2012 01:05:00","MHK VL",61756,44.78,1.22,0.00
"11/20/2012 01:05:00","MILLWD",61759,45.96,2.39,0.00
"11/20/2012 01:05:00","N.Y.C.",61761,46.00,2.44,0.00
"11/20/2012 01:05:00","NORTH",61755,43.17,-0.39,0.00
"11/20/2012 01:05:00","NPX",61845,45.13,1.57,0.00
"11/20/2012 01:05:00","O H",61846,39.82,-3.75,0.00
"11/20/2012 01:05:00","PJM",61847,41.86,-1.70,0.00
"11/20/2012 01:05:00","WEST",61752,40.38,-3.18,0.00
"11/20/2012 01:10:00","CAPITL",61757,35.49,1.27,0.00
"11/20/2012 01:10:00","CENTRL",61754,34.39,0.17,0.00
"11/20/2012 01:10:00","DUNWOD",61760,35.97,1.74,0.00
"11/20/2012 01:10:00","GENESE",61753,33.98,-0.24,0.00
"11/20/2012 01:10:00","H Q",61844,33.61,-0.61,0.00
"11/20/2012 01:10:00","HUD VL",61758,36.03,1.81,0.00
"11/20/2012 01:10:00","LONGIL",61762,37.20,2.98,0.00
"11/20/2012 01:10:00","MHK VL",61756,35.21,0.99,0.00
"11/20/2012 01:10:00","MILLWD",61759,36.03,1.81,0.00
"11/20/2012 01:10:00","N.Y.C.",61761,36.07,1.85,0.00
"11/20/2012 01:10:00","NORTH",61755,33.88,-0.34,0.00
"11/20/2012 01:10:00","NPX",61845,35.42,1.20,0.00
"11/20/2012 01:10:00","O H",61846,31.62,-2.60,0.00
"11/20/2012 01:10:00","PJM",61847,33.12,-1.10,0.00
"11/20/2012 01:10:00","WEST",61752,32.07,-2.15,0.00
"11/20/2012 01:15:00","CAPITL",61757,35.52,1.27,0.00
"11/20/2012 01:15:00","CENTRL",61754,34.46,0.21,0.00
"11/20/2012 01:15:00","DUNWOD",61760,35.93,1.68,0.00
"11/20/2012 01:15:00","GENESE",61753,34.12,-0.14,0.00
"11/20/2012 01:15:00","H Q",61844,33.67,-0.58,0.00
"11/20/2012 01:15:00","HUD VL",61758,36.07,1.81,0.00
"11/20/2012 01:15:00","LONGIL",61762,37.23,2.98,0.00
"11/20/2012 01:15:00","MHK VL",61756,35.25,0.99,0.00
"11/20/2012 01:15:00","MILLWD",61759,35.97,1.71,0.00
"11/20/2012 01:15:00","N.Y.C.",61761,36.00,1.75,0.00
"11/20/2012 01:15:00","NORTH",61755,33.98,-0.28,0.00
"11/20/2012 01:15:00","NPX",61845,35.42,1.17,0.00
"11/20/2012 01:15:00","O H",61846,31.79,-2.47,0.00
"11/20/2012 01:15:00","PJM",61847,33.19,-1.06,0.00
"11/20/2012 01:15:00","WEST",61752,32.23,-2.02,0.00
"11/20/2012 01:20:00","CAPITL",61757,35.59,1.23,0.00
"11/20/2012 01:20:00","CENTRL",61754,34.66,0.31,0.00
"11/20/2012 01:20:00","DUNWOD",61760,35.97,1.61,0.00
"11/20/2012 01:20:00","GENESE",61753,34.28,-0.07,0.00
"11/20/2012 01:20:00","H Q",61844,33.73,-0.62,0.00
"11/20/2012 01:20:00","HUD VL",61758,36.10,1.75,0.00
"11/20/2012 01:20:00","LONGIL",61762,37.20,2.85,0.00
"11/20/2012 01:20:00","MHK VL",61756,35.35,1.00,0.00
"11/20/2012 01:20:00","MILLWD",61759,36.00,1.65,0.00
"11/20/2012 01:20:00","N.Y.C.",61761,36.00,1.65,0.00
"11/20/2012 01:20:00","NORTH",61755,34.08,-0.28,0.00
"11/20/2012 01:20:00","NPX",61845,35.48,1.13,0.00
"11/20/2012 01:20:00","O H",61846,32.05,-2.30,0.00
"11/20/2012 01:20:00","PJM",61847,33.46,-0.89,0.00
"11/20/2012 01:20:00","WEST",61752,32.50,-1.86,0.00
"11/20/2012 01:25:00","CAPITL",61757,35.55,1.20,0.00
"11/20/2012 01:25:00","CENTRL",61754,34.66,0.31,0.00
"11/20/2012 01:25:00","DUNWOD",61760,35.93,1.58,0.00
"11/20/2012 01:25:00","GENESE",61753,34.32,-0.03,0.00
"11/20/2012 01:25:00","H Q",61844,33.77,-0.58,0.00
"11/20/2012 01:25:00","HUD VL",61758,36.10,1.75,0.00
"11/20/2012 01:25:00","LONGIL",61762,37.20,2.85,0.00
"11/20/2012 01:25:00","MHK VL",61756,35.38,1.03,0.00
"11/20/2012 01:25:00","MILLWD",61759,35.97,1.61,0.00
"11/20/2012 01:25:00","N.Y.C.",61761,36.00,1.65,0.00
"11/20/2012 01:25:00","NORTH",61755,34.11,-0.24,0.00
"11/20/2012 01:25:00","NPX",61845,35.45,1.10,0.00
"11/20/2012 01:25:00","O H",61846,32.08,-2.27,0.00
"11/20/2012 01:25:00","PJM",61847,33.43,-0.93,0.00
"11/20/2012 01:25:00","WEST",61752,32.56,-1.79,0.00
"11/20/2012 01:30:00","CAPITL",61757,35.49,1.23,0.00
"11/20/2012 01:30:00","CENTRL",61754,34.46,0.21,0.00
"11/20/2012 01:30:00","DUNWOD",61760,35.93,1.68,0.00
"11/20/2012 01:30:00","GENESE",61753,34.08,-0.17,0.00
"11/20/2012 01:30:00","H Q",61844,33.64,-0.62,0.00
"11/20/2012 01:30:00","HUD VL",61758,36.07,1.81,0.00
"11/20/2012 01:30:00","LONGIL",61762,37.23,2.98,0.00
"11/20/2012 01:30:00","MHK VL",61756,35.25,0.99,0.00
"11/20/2012 01:30:00","MILLWD",61759,35.97,1.71,0.00
"11/20/2012 01:30:00","N.Y.C.",61761,36.00,1.75,0.00
"11/20/2012 01:30:00","NORTH",61755,33.98,-0.28,0.00
"11/20/2012 01:30:00","NPX",61845,35.38,1.13,0.00
"11/20/2012 01:30:00","O H",61846,31.79,-2.47,0.00
"11/20/2012 01:30:00","PJM",61847,33.23,-1.03,0.00
"11/20/2012 01:30:00","WEST",61752,32.23,-2.02,0.00
"11/20/2012 01:35:00","CAPITL",61757,35.47,1.23,0.00
"11/20/2012 01:35:00","CENTRL",61754,34.48,0.24,0.00
"11/20/2012 01:35:00","DUNWOD",61760,35.88,1.64,0.00
"11/20/2012 01:35:00","GENESE",61753,34.17,-0.07,0.00
"11/20/2012 01:35:00","H Q",61844,33.62,-0.62,0.00
"11/20/2012 01:35:00","HUD VL",61758,36.01,1.78,0.00
"11/20/2012 01:35:00","LONGIL",61762,37.14,2.91,0.00
"11/20/2012 01:35:00","MHK VL",61756,35.23,0.99,0.00
"11/20/2012 01:35:00","MILLWD",61759,35.91,1.68,0.00
"11/20/2012 01:35:00","N.Y.C.",61761,35.95,1.71,0.00
"11/20/2012 01:35:00","NORTH",61755,33.93,-0.31,0.00
"11/20/2012 01:35:00","NPX",61845,35.36,1.13,0.00
"11/20/2012 01:35:00","O H",61846,31.87,-2.36,0.00
"11/20/2012 01:35:00","PJM",61847,33.28,-0.96,0.00
"11/20/2012 01:35:00","WEST",61752,32.35,-1.88,0.00
"11/20/2012 01:40:00","CAPITL",61757,34.56,1.20,0.00
"11/20/2012 01:40:00","CENTRL",61754,33.63,0.27,0.00
"11/20/2012 01:40:00","DUNWOD",61760,34.93,1.57,0.00
"11/20/2012 01:40:00","GENESE",61753,33.33,-0.03,0.00
"11/20/2012 01:40:00","H Q",61844,32.77,-0.60,0.00
"11/20/2012 01:40:00","HUD VL",61758,35.07,1.70,0.00
"11/20/2012 01:40:00","LONGIL",61762,36.13,2.77,0.00
"11/20/2012 01:40:00","MHK VL",61756,34.37,1.00,0.00
"11/20/2012 01:40:00","MILLWD",61759,34.97,1.60,0.00
"11/20/2012 01:40:00","N.Y.C.",61761,34.97,1.60,0.00
"11/20/2012 01:40:00","NORTH",61755,33.10,-0.27,0.00
"11/20/2012 01:40:00","NPX",61845,34.46,1.10,0.00
"11/20/2012 01:40:00","O H",61846,31.13,-2.24,0.00
"11/20/2012 01:40:00","PJM",61847,32.47,-0.90,0.00
"11/20/2012 01:40:00","WEST",61752,31.60,-1.77,0.00
"11/20/2012 01:45:00","CAPITL",61757,34.91,1.21,0.00
"11/20/2012 01:45:00","CENTRL",61754,33.94,0.24,0.00
"11/20/2012 01:45:00","DUNWOD",61760,35.32,1.62,0.00
"11/20/2012 01:45:00","GENESE",61753,33.63,-0.07,0.00
"11/20/2012 01:45:00","H Q",61844,33.10,-0.61,0.00
"11/20/2012 01:45:00","HUD VL",61758,35.45,1.75,0.00
"11/20/2012 01:45:00","LONGIL",61762,36.53,2.83,0.00
"11/20/2012 01:45:00","MHK VL",61756,34.68,0.98,0.00
"11/20/2012 01:45:00","MILLWD",61759,35.35,1.65,0.00
"11/20/2012 01:45:00","N.Y.C.",61761,35.35,1.65,0.00
"11/20/2012 01:45:00","NORTH",61755,33.43,-0.27,0.00
"11/20/2012 01:45:00","NPX",61845,34.81,1.11,0.00
"11/20/2012 01:45:00","O H",61846,31.38,-2.33,0.00
"11/20/2012 01:45:00","PJM",61847,32.72,-0.98,0.00
"11/20/2012 01:45:00","WEST",61752,31.82,-1.89,0.00
"11/20/2012 01:50:00","CAPITL",61757,34.88,1.21,0.00
"11/20/2012 01:50:00","CENTRL",61754,33.94,0.27,0.00
"11/20/2012 01:50:00","DUNWOD",61760,35.25,1.58,0.00
"11/20/2012 01:50:00","GENESE",61753,33.63,-0.03,0.00
"11/20/2012 01:50:00","H Q",61844,33.06,-0.61,0.00
"11/20/2012 01:50:00","HUD VL",61758,35.38,1.72,0.00
"11/20/2012 01:50:00","LONGIL",61762,36.46,2.79,0.00
"11/20/2012 01:50:00","MHK VL",61756,34.68,1.01,0.00
"11/20/2012 01:50:00","MILLWD",61759,35.28,1.62,0.00
"11/20/2012 01:50:00","N.Y.C.",61761,35.28,1.62,0.00
"11/20/2012 01:50:00","NORTH",61755,33.36,-0.30,0.00
"11/20/2012 01:50:00","NPX",61845,34.78,1.11,0.00
"11/20/2012 01:50:00","O H",61846,31.41,-2.26,0.00
"11/20/2012 01:50:00","PJM",61847,32.76,-0.91,0.00
"11/20/2012 01:50:00","WEST",61752,31.85,-1.82,0.00
"11/20/2012 01:55:00","CAPITL",61757,34.38,1.19,0.00
"11/20/2012 01:55:00","CENTRL",61754,33.45,0.26,0.00
"11/20/2012 01:55:00","DUNWOD",61760,34.75,1.56,0.00
"11/20/2012 01:55:00","GENESE",61753,33.16,-0.03,0.00
"11/20/2012 01:55:00","H Q",61844,32.63,-0.56,0.00
"11/20/2012 01:55:00","HUD VL",61758,34.88,1.69,0.00
"11/20/2012 01:55:00","LONGIL",61762,35.91,2.72,0.00
"11/20/2012 01:55:00","MHK VL",61756,34.15,0.96,0.00
"11/20/2012 01:55:00","MILLWD",61759,34.78,1.59,0.00
"11/20/2012 01:55:00","N.Y.C.",61761,34.82,1.63,0.00
"11/20/2012 01:55:00","NORTH",61755,32.92,-0.27,0.00
"11/20/2012 01:55:00","NPX",61845,34.28,1.09,0.00
"11/20/2012 01:55:00","O H",61846,30.93,-2.26,0.00
"11/20/2012 01:55:00","PJM",61847,32.26,-0.93,0.00
"11/20/2012 01:55:00","WEST",61752,31.40,-1.79,0.00
"11/20/2012 02:00:00","CAPITL",61757,40.61,1.49,0.00
"11/20/2012 02:00:00","CENTRL",61754,39.36,0.24,0.00
"11/20/2012 02:00:00","DUNWOD",61760,40.96,1.84,0.00
"11/20/2012 02:00:00","GENESE",61753,38.97,-0.16,0.00
"11/20/2012 02:00:00","H Q",61844,38.46,-0.67,0.00
"11/20/2012 02:00:00","HUD VL",61758,41.12,1.99,0.00
"11/20/2012 02:00:00","LONGIL",61762,42.37,3.25,0.00
"11/20/2012 02:00:00","MHK VL",61756,40.26,1.14,0.00
"11/20/2012 02:00:00","MILLWD",61759,41.00,1.88,0.00
"11/20/2012 02:00:00","N.Y.C.",61761,41.00,1.88,0.00
"11/20/2012 02:00:00","NORTH",61755,38.81,-0.31,0.00
"11/20/2012 02:00:00","NPX",61845,40.57,1.45,0.00
"11/20/2012 02:00:00","O H",61846,36.30,-2.82,0.00
"11/20/2012 02:00:00","PJM",61847,37.87,-1.25,0.00
"11/20/2012 02:00:00","WEST",61752,36.85,-2.27,0.00
"11/20/2012 02:05:00","CAPITL",61757,39.62,1.53,0.00
"11/20/2012 02:05:00","CENTRL",61754,38.29,0.19,0.00
"11/20/2012 02:05:00","DUNWOD",61760,39.89,1.79,0.00
"11/20/2012 02:05:00","GENESE",61753,37.94,-0.15,0.00
"11/20/2012 02:05:00","H Q",61844,37.41,-0.68,0.00
"11/20/2012 02:05:00","HUD VL",61758,40.08,1.98,0.00
"11/20/2012 02:05:00","LONGIL",61762,41.33,3.24,0.00
"11/20/2012 02:05:00","MHK VL",61756,39.20,1.11,0.00
"11/20/2012 02:05:00","MILLWD",61759,39.96,1.87,0.00
"11/20/2012 02:05:00","N.Y.C.",61761,39.96,1.87,0.00
"11/20/2012 02:05:00","NORTH",61755,37.79,-0.31,0.00
"11/20/2012 02:05:00","NPX",61845,39.62,1.53,0.00
"11/20/2012 02:05:00","O H",61846,35.39,-2.70,0.00
"11/20/2012 02:05:00","PJM",61847,36.95,-1.14,0.00
"11/20/2012 02:05:00","WEST",61752,35.93,-2.17,0.00
"11/20/2012 02:10:00","CAPITL",61757,37.68,1.45,0.00
"11/20/2012 02:10:00","CENTRL",61754,36.41,0.18,0.00
"11/20/2012 02:10:00","DUNWOD",61760,37.96,1.74,0.00
"11/20/2012 02:10:00","GENESE",61753,36.01,-0.22,0.00
"11/20/2012 02:10:00","H Q",61844,35.61,-0.62,0.00
"11/20/2012 02:10:00","HUD VL",61758,38.11,1.88,0.00
"11/20/2012 02:10:00","LONGIL",61762,39.30,3.08,0.00
"11/20/2012 02:10:00","MHK VL",61756,37.28,1.05,0.00
"11/20/2012 02:10:00","MILLWD",61759,38.00,1.77,0.00
"11/20/2012 02:10:00","N.Y.C.",61761,38.04,1.81,0.00
"11/20/2012 02:10:00","NORTH",61755,35.93,-0.29,0.00
"11/20/2012 02:10:00","NPX",61845,37.68,1.45,0.00
"11/20/2012 02:10:00","O H",61846,33.62,-2.61,0.00
"11/20/2012 02:10:00","PJM",61847,35.14,-1.09,0.00
"11/20/2012 02:10:00","WEST",61752,34.09,-2.14,0.00
"11/20/2012 02:15:00","CAPITL",61757,37.71,1.45,0.00
"11/20/2012 02:15:00","CENTRL",61754,36.44,0.18,0.00
"11/20/2012 02:15:00","DUNWOD",61760,38.00,1.74,0.00
"11/20/2012 02:15:00","GENESE",61753,36.08,-0.18,0.00
"11/20/2012 02:15:00","H Q",61844,35.64,-0.62,0.00
"11/20/2012 02:15:00","HUD VL",61758,38.18,1.92,0.00
"11/20/2012 02:15:00","LONGIL",61762,39.34,3.08,0.00
"11/20/2012 02:15:00","MHK VL",61756,37.31,1.05,0.00
"11/20/2012 02:15:00","MILLWD",61759,38.04,1.78,0.00
"11/20/2012 02:15:00","N.Y.C.",61761,38.07,1.81,0.00
"11/20/2012 02:15:00","NORTH",61755,35.97,-0.29,0.00
"11/20/2012 02:15:00","NPX",61845,37.71,1.45,0.00
"11/20/2012 02:15:00","O H",61846,33.69,-2.57,0.00
"11/20/2012 02:15:00","PJM",61847,35.17,-1.09,0.00
"11/20/2012 02:15:00","WEST",61752,34.16,-2.10,0.00
"11/20/2012 02:20:00","CAPITL",61757,37.71,1.45,0.00
"11/20/2012 02:20:00","CENTRL",61754,36.48,0.22,0.00
"11/20/2012 02:20:00","DUNWOD",61760,38.00,1.74,0.00
"11/20/2012 02:20:00","GENESE",61753,36.04,-0.22,0.00
"11/20/2012 02:20:00","H Q",61844,35.61,-0.65,0.00
"11/20/2012 02:20:00","HUD VL",61758,38.18,1.92,0.00
"11/20/2012 02:20:00","LONGIL",61762,39.34,3.08,0.00
"11/20/2012 02:20:00","MHK VL",61756,37.31,1.05,0.00
"11/20/2012 02:20:00","MILLWD",61759,38.04,1.78,0.00
"11/20/2012 02:20:00","N.Y.C.",61761,38.07,1.81,0.00
"11/20/2012 02:20:00","NORTH",61755,35.97,-0.29,0.00
"11/20/2012 02:20:00","NPX",61845,37.75,1.49,0.00
"11/20/2012 02:20:00","O H",61846,33.65,-2.61,0.00
"11/20/2012 02:20:00","PJM",61847,35.21,-1.05,0.00
"11/20/2012 02:20:00","WEST",61752,34.12,-2.14,0.00
"11/20/2012 02:25:00","CAPITL",61757,37.64,1.41,0.00
"11/20/2012 02:25:00","CENTRL",61754,36.44,0.22,0.00
"11/20/2012 02:25:00","DUNWOD",61760,37.93,1.70,0.00
"11/20/2012 02:25:00","GENESE",61753,36.08,-0.14,0.00
"11/20/2012 02:25:00","H Q",61844,35.57,-0.65,0.00
"11/20/2012 02:25:00","HUD VL",61758,38.11,1.88,0.00
"11/20/2012 02:25:00","LONGIL",61762,39.23,3.01,0.00
"11/20/2012 02:25:00","MHK VL",61756,37.28,1.05,0.00
"11/20/2012 02:25:00","MILLWD",61759,38.00,1.77,0.00
"11/20/2012 02:25:00","N.Y.C.",61761,38.00,1.77,0.00
"11/20/2012 02:25:00","NORTH",61755,35.93,-0.29,0.00
"11/20/2012 02:25:00","NPX",61845,37.68,1.45,0.00
"11/20/2012 02:25:00","O H",61846,33.73,-2.50,0.00
"11/20/2012 02:25:00","PJM",61847,35.17,-1.05,0.00
"11/20/2012 02:25:00","WEST",61752,34.20,-2.03,0.00
"11/20/2012 02:30:00","CAPITL",61757,35.40,1.36,0.00
"11/20/2012 02:30:00","CENTRL",61754,34.24,0.21,0.00
"11/20/2012 02:30:00","DUNWOD",61760,35.67,1.63,0.00
"11/20/2012 02:30:00","GENESE",61753,33.90,-0.14,0.00
"11/20/2012 02:30:00","H Q",61844,33.43,-0.61,0.00
"11/20/2012 02:30:00","HUD VL",61758,35.84,1.80,0.00
"11/20/2012 02:30:00","LONGIL",61762,36.90,2.86,0.00
"11/20/2012 02:30:00","MHK VL",61756,35.03,0.99,0.00
"11/20/2012 02:30:00","MILLWD",61759,35.71,1.67,0.00
"11/20/2012 02:30:00","N.Y.C.",61761,35.71,1.67,0.00
"11/20/2012 02:30:00","NORTH",61755,33.77,-0.27,0.00
"11/20/2012 02:30:00","NPX",61845,35.40,1.36,0.00
"11/20/2012 02:30:00","O H",61846,31.66,-2.38,0.00
"11/20/2012 02:30:00","PJM",61847,33.05,-0.99,0.00
"11/20/2012 02:30:00","WEST",61752,32.13,-1.91,0.00
"11/20/2012 02:35:00","CAPITL",61757,35.13,1.35,0.00
"11/20/2012 02:35:00","CENTRL",61754,33.94,0.17,0.00
"11/20/2012 02:35:00","DUNWOD",61760,35.43,1.65,0.00
"11/20/2012 02:35:00","GENESE",61753,33.61,-0.17,0.00
"11/20/2012 02:35:00","H Q",61844,33.17,-0.61,0.00
"11/20/2012 02:35:00","HUD VL",61758,35.60,1.82,0.00
"11/20/2012 02:35:00","LONGIL",61762,36.68,2.91,0.00
"11/20/2012 02:35:00","MHK VL",61756,34.75,0.98,0.00
"11/20/2012 02:35:00","MILLWD",61759,35.46,1.69,0.00
"11/20/2012 02:35:00","N.Y.C.",61761,35.46,1.69,0.00
"11/20/2012 02:35:00","NORTH",61755,33.47,-0.30,0.00
"11/20/2012 02:35:00","NPX",61845,35.16,1.39,0.00
"11/20/2012 02:35:00","O H",61846,31.38,-2.40,0.00
"11/20/2012 02:35:00","PJM",61847,32.76,-1.01,0.00
"11/20/2012 02:35:00","WEST",61752,31.82,-1.96,0.00
"11/20/2012 02:40:00","CAPITL",61757,34.90,1.31,0.00
"11/20/2012 02:40:00","CENTRL",61754,33.83,0.24,0.00
"11/20/2012 02:40:00","DUNWOD",61760,35.14,1.55,0.00
"11/20/2012 02:40:00","GENESE",61753,33.56,-0.03,0.00
"11/20/2012 02:40:00","H Q",61844,33.02,-0.57,0.00
"11/20/2012 02:40:00","HUD VL",61758,35.31,1.71,0.00
"11/20/2012 02:40:00","LONGIL",61762,36.38,2.79,0.00
"11/20/2012 02:40:00","MHK VL",61756,34.57,0.97,0.00
"11/20/2012 02:40:00","MILLWD",61759,35.17,1.58,0.00
"11/20/2012 02:40:00","N.Y.C.",61761,35.21,1.61,0.00
"11/20/2012 02:40:00","NORTH",61755,33.32,-0.27,0.00
"11/20/2012 02:40:00","NPX",61845,34.94,1.35,0.00
"11/20/2012 02:40:00","O H",61846,31.34,-2.25,0.00
"11/20/2012 02:40:00","PJM",61847,32.62,-0.98,0.00
"11/20/2012 02:40:00","WEST",61752,31.81,-1.78,0.00
"11/20/2012 02:45:00","CAPITL",61757,35.05,1.35,0.00
"11/20/2012 02:45:00","CENTRL",61754,33.91,0.20,0.00
"11/20/2012 02:45:00","DUNWOD",61760,35.32,1.62,0.00
"11/20/2012 02:45:00","GENESE",61753,33.60,-0.10,0.00
"11/20/2012 02:45:00","H Q",61844,33.13,-0.57,0.00
"11/20/2012 02:45:00","HUD VL",61758,35.49,1.79,0.00
"11/20/2012 02:45:00","LONGIL",61762,36.53,2.83,0.00
"11/20/2012 02:45:00","MHK VL",61756,34.68,0.98,0.00
"11/20/2012 02:45:00","MILLWD",61759,35.35,1.65,0.00
"11/20/2012 02:45:00","N.Y.C.",61761,35.35,1.65,0.00
"11/20/2012 02:45:00","NORTH",61755,33.43,-0.27,0.00
"11/20/2012 02:45:00","NPX",61845,35.05,1.35,0.00
"11/20/2012 02:45:00","O H",61846,31.34,-2.36,0.00
"11/20/2012 02:45:00","PJM",61847,32.72,-0.98,0.00
"11/20/2012 02:45:00","WEST",61752,31.82,-1.89,0.00
"11/20/2012 02:50:00","CAPITL",61757,35.02,1.35,0.00
"11/20/2012 02:50:00","CENTRL",61754,33.87,0.20,0.00
"11/20/2012 02:50:00","DUNWOD",61760,35.25,1.58,0.00
"11/20/2012 02:50:00","GENESE",61753,33.60,-0.07,0.00
"11/20/2012 02:50:00","H Q",61844,33.06,-0.61,0.00
"11/20/2012 02:50:00","HUD VL",61758,35.42,1.75,0.00
"11/20/2012 02:50:00","LONGIL",61762,36.50,2.83,0.00
"11/20/2012 02:50:00","MHK VL",61756,34.64,0.98,0.00
"11/20/2012 02:50:00","MILLWD",61759,35.28,1.62,0.00
"11/20/2012 02:50:00","N.Y.C.",61761,35.32,1.65,0.00
"11/20/2012 02:50:00","NORTH",61755,33.40,-0.27,0.00
"11/20/2012 02:50:00","NPX",61845,35.02,1.35,0.00
"11/20/2012 02:50:00","O H",61846,31.38,-2.29,0.00
"11/20/2012 02:50:00","PJM",61847,32.69,-0.98,0.00
"11/20/2012 02:50:00","WEST",61752,31.85,-1.82,0.00
"11/20/2012 02:55:00","CAPITL",61757,30.29,1.17,0.00
"11/20/2012 02:55:00","CENTRL",61754,29.27,0.15,0.00
"11/20/2012 02:55:00","DUNWOD",61760,30.55,1.43,0.00
"11/20/2012 02:55:00","GENESE",61753,29.04,-0.09,0.00
"11/20/2012 02:55:00","H Q",61844,28.60,-0.52,0.00
"11/20/2012 02:55:00","HUD VL",61758,30.67,1.54,0.00
"11/20/2012 02:55:00","LONGIL",61762,31.60,2.47,0.00
"11/20/2012 02:55:00","MHK VL",61756,29.94,0.81,0.00
"11/20/2012 02:55:00","MILLWD",61759,30.58,1.46,0.00
"11/20/2012 02:55:00","N.Y.C.",61761,30.58,1.46,0.00
"11/20/2012 02:55:00","NORTH",61755,28.86,-0.26,0.00
"11/20/2012 02:55:00","NPX",61845,30.32,1.19,0.00
"11/20/2012 02:55:00","O H",61846,27.09,-2.04,0.00
"11/20/2012 02:55:00","PJM",61847,28.25,-0.87,0.00
"11/20/2012 02:55:00","WEST",61752,27.50,-1.63,0.00
"11/20/2012 03:00:00","CAPITL",61757,39.77,1.53,0.00
"11/20/2012 03:00:00","CENTRL",61754,38.51,0.27,0.00
"11/20/2012 03:00:00","DUNWOD",61760,40.00,1.76,0.00
"11/20/2012 03:00:00","GENESE",61753,38.20,-0.04,0.00
"11/20/2012 03:00:00","H Q",61844,37.55,-0.69,0.00
"11/20/2012 03:00:00","HUD VL",61758,40.23,1.99,0.00
"11/20/2012 03:00:00","LONGIL",61762,41.38,3.14,0.00
"11/20/2012 03:00:00","MHK VL",61756,39.35,1.11,0.00
"11/20/2012 03:00:00","MILLWD",61759,40.04,1.80,0.00
"11/20/2012 03:00:00","N.Y.C.",61761,40.04,1.80,0.00
"11/20/2012 03:00:00","NORTH",61755,37.90,-0.34,0.00
"11/20/2012 03:00:00","NPX",61845,39.81,1.57,0.00
"11/20/2012 03:00:00","O H",61846,35.71,-2.53,0.00
"11/20/2012 03:00:00","PJM",61847,37.21,-1.03,0.00
"11/20/2012 03:00:00","WEST",61752,36.25,-1.99,0.00
"11/20/2012 03:05:00","CAPITL",61757,40.88,1.53,0.00
"11/20/2012 03:05:00","CENTRL",61754,39.82,0.47,0.00
"11/20/2012 03:05:00","DUNWOD",61760,41.00,1.65,0.00
"11/20/2012 03:05:00","GENESE",61753,39.43,0.08,0.00
"11/20/2012 03:05:00","H Q",61844,38.64,-0.71,0.00
"11/20/2012 03:05:00","HUD VL",61758,41.28,1.93,0.00
"11/20/2012 03:05:00","LONGIL",61762,42.42,3.07,0.00
"11/20/2012 03:05:00","MHK VL",61756,40.53,1.18,0.00
"11/20/2012 03:05:00","MILLWD",61759,41.08,1.73,0.00
"11/20/2012 03:05:00","N.Y.C.",61761,41.04,1.69,0.00
"11/20/2012 03:05:00","NORTH",61755,39.03,-0.32,0.00
"11/20/2012 03:05:00","NPX",61845,43.46,1.36,-8.13
"11/20/2012 03:05:00","O H",61846,37.11,-2.24,0.00
"11/20/2012 03:05:00","PJM",61847,38.56,-0.79,0.00
"11/20/2012 03:05:00","WEST",61752,37.62,-1.73,0.00
"11/20/2012 03:10:00","CAPITL",61757,43.34,1.63,0.00
"11/20/2012 03:10:00","CENTRL",61754,42.13,0.42,0.00
"11/20/2012 03:10:00","DUNWOD",61760,43.55,1.83,0.00
"11/20/2012 03:10:00","GENESE",61753,41.71,0.00,0.00
"11/20/2012 03:10:00","H Q",61844,41.00,-0.71,0.00
"11/20/2012 03:10:00","HUD VL",61758,43.80,2.08,0.00
"11/20/2012 03:10:00","LONGIL",61762,45.13,3.42,0.00
"11/20/2012 03:10:00","MHK VL",61756,42.92,1.21,0.00
"11/20/2012 03:10:00","MILLWD",61759,43.59,1.88,0.00
"11/20/2012 03:10:00","N.Y.C.",61761,43.55,1.83,0.00
"11/20/2012 03:10:00","NORTH",61755,41.42,-0.29,0.00
"11/20/2012 03:10:00","NPX",61845,43.46,1.36,-8.13
"11/20/2012 03:10:00","O H",61846,39.17,-2.55,0.00
"11/20/2012 03:10:00","PJM",61847,40.76,-0.96,0.00
"11/20/2012 03:10:00","WEST",61752,39.71,-2.00,0.00
"11/20/2012 03:15:00","CAPITL",61757,43.68,1.64,0.00
"11/20/2012 03:15:00","CENTRL",61754,42.38,0.33,0.00
"11/20/2012 03:15:00","DUNWOD",61760,43.94,1.89,0.00
"11/20/2012 03:15:00","GENESE",61753,42.04,0.00,0.00
"11/20/2012 03:15:00","H Q",61844,41.33,-0.72,0.00
"11/20/2012 03:15:00","HUD VL",61758,44.19,2.14,0.00
"11/20/2012 03:15:00","LONGIL",61762,45.49,3.45,0.00
"11/20/2012 03:15:00","MHK VL",61756,43.26,1.22,0.00
"11/20/2012 03:15:00","MILLWD",61759,44.02,1.98,0.00
"11/20/2012 03:15:00","N.Y.C.",61761,43.98,1.94,0.00
"11/20/2012 03:15:00","NORTH",61755,41.75,-0.29,0.00
"11/20/2012 03:15:00","NPX",61845,43.46,1.36,-8.13
"11/20/2012 03:15:00","O H",61846,39.35,-2.69,0.00
"11/20/2012 03:15:00","PJM",61847,40.95,-1.09,0.00
"11/20/2012 03:15:00","WEST",61752,39.90,-2.14,0.00
"11/20/2012 03:20:00","CAPITL",61757,43.34,1.63,0.00
"11/20/2012 03:20:00","CENTRL",61754,42.05,0.33,0.00
"11/20/2012 03:20:00","DUNWOD",61760,43.59,1.88,0.00
"11/20/2012 03:20:00","GENESE",61753,41.67,-0.04,0.00
"11/20/2012 03:20:00","H Q",61844,41.00,-0.71,0.00
"11/20/2012 03:20:00","HUD VL",61758,43.84,2.13,0.00
"11/20/2012 03:20:00","LONGIL",61762,45.09,3.38,0.00
"11/20/2012 03:20:00","MHK VL",61756,42.92,1.21,0.00
"11/20/2012 03:20:00","MILLWD",61759,43.67,1.96,0.00
"11/20/2012 03:20:00","N.Y.C.",61761,43.63,1.92,0.00
"11/20/2012 03:20:00","NORTH",61755,41.42,-0.29,0.00
"11/20/2012 03:20:00","NPX",61845,35.33,1.36,0.00
"11/20/2012 03:20:00","O H",61846,39.00,-2.71,0.00
"11/20/2012 03:20:00","PJM",61847,40.63,-1.08,0.00
"11/20/2012 03:20:00","WEST",61752,39.59,-2.13,0.00
"11/20/2012 03:25:00","CAPITL",61757,43.98,1.65,0.00
"11/20/2012 03:25:00","CENTRL",61754,42.67,0.34,0.00
"11/20/2012 03:25:00","DUNWOD",61760,44.32,1.99,0.00
"11/20/2012 03:25:00","GENESE",61753,42.24,-0.08,0.00
"11/20/2012 03:25:00","H Q",61844,41.57,-0.76,0.00
"11/20/2012 03:25:00","HUD VL",61758,44.53,2.20,0.00
"11/20/2012 03:25:00","LONGIL",61762,45.84,3.51,0.00
"11/20/2012 03:25:00","MHK VL",61756,43.56,1.23,0.00
"11/20/2012 03:25:00","MILLWD",61759,44.36,2.03,0.00
"11/20/2012 03:25:00","N.Y.C.",61761,44.36,2.03,0.00
"11/20/2012 03:25:00","NORTH",61755,41.99,-0.34,0.00
"11/20/2012 03:25:00","NPX",61845,35.33,1.36,0.00
"11/20/2012 03:25:00","O H",61846,39.49,-2.84,0.00
"11/20/2012 03:25:00","PJM",61847,41.23,-1.10,0.00
"11/20/2012 03:25:00","WEST",61752,40.04,-2.29,0.00
"11/20/2012 03:30:00","CAPITL",61757,43.30,1.62,0.00
"11/20/2012 03:30:00","CENTRL",61754,42.01,0.33,0.00
"11/20/2012 03:30:00","DUNWOD",61760,43.59,1.92,0.00
"11/20/2012 03:30:00","GENESE",61753,41.59,-0.08,0.00
"11/20/2012 03:30:00","H Q",61844,40.97,-0.71,0.00
"11/20/2012 03:30:00","HUD VL",61758,43.80,2.12,0.00
"11/20/2012 03:30:00","LONGIL",61762,45.05,3.37,0.00
"11/20/2012 03:30:00","MHK VL",61756,42.88,1.21,0.00
"11/20/2012 03:30:00","MILLWD",61759,43.63,1.96,0.00
"11/20/2012 03:30:00","N.Y.C.",61761,43.63,1.96,0.00
"11/20/2012 03:30:00","NORTH",61755,41.34,-0.33,0.00
"11/20/2012 03:30:00","NPX",61845,35.33,1.36,0.00
"11/20/2012 03:30:00","O H",61846,38.92,-2.75,0.00
"11/20/2012 03:30:00","PJM",61847,40.59,-1.08,0.00
"11/20/2012 03:30:00","WEST",61752,39.46,-2.21,0.00
"11/20/2012 03:35:00","CAPITL",61757,42.95,1.61,0.00
"11/20/2012 03:35:00","CENTRL",61754,41.67,0.33,0.00
"11/20/2012 03:35:00","DUNWOD",61760,43.25,1.90,0.00
"11/20/2012 03:35:00","GENESE",61753,41.30,-0.04,0.00
"11/20/2012 03:35:00","H Q",61844,40.64,-0.70,0.00
"11/20/2012 03:35:00","HUD VL",61758,43.49,2.15,0.00
"11/20/2012 03:35:00","LONGIL",61762,44.73,3.39,0.00
"11/20/2012 03:35:00","MHK VL",61756,42.54,1.20,0.00
"11/20/2012 03:35:00","MILLWD",61759,43.29,1.94,0.00
"11/20/2012 03:35:00","N.Y.C.",61761,43.29,1.94,0.00
"11/20/2012 03:35:00","NORTH",61755,41.06,-0.29,0.00
"11/20/2012 03:35:00","NPX",61845,35.36,1.39,0.00
"11/20/2012 03:35:00","O H",61846,38.61,-2.73,0.00
"11/20/2012 03:35:00","PJM",61847,40.23,-1.11,0.00
"11/20/2012 03:35:00","WEST",61752,39.15,-2.19,0.00
"11/20/2012 03:40:00","CAPITL",61757,40.65,1.52,0.00
"11/20/2012 03:40:00","CENTRL",61754,39.40,0.28,0.00
"11/20/2012 03:40:00","DUNWOD",61760,40.96,1.84,0.00
"11/20/2012 03:40:00","GENESE",61753,39.01,-0.12,0.00
"11/20/2012 03:40:00","H Q",61844,38.46,-0.67,0.00
"11/20/2012 03:40:00","HUD VL",61758,41.19,2.07,0.00
"11/20/2012 03:40:00","LONGIL",61762,42.37,3.25,0.00
"11/20/2012 03:40:00","MHK VL",61756,40.29,1.17,0.00
"11/20/2012 03:40:00","MILLWD",61759,41.00,1.88,0.00
"11/20/2012 03:40:00","N.Y.C.",61761,41.00,1.88,0.00
"11/20/2012 03:40:00","NORTH",61755,38.85,-0.27,0.00
"11/20/2012 03:40:00","NPX",61845,35.36,1.39,0.00
"11/20/2012 03:40:00","O H",61846,36.46,-2.66,0.00
"11/20/2012 03:40:00","PJM",61847,38.10,-1.02,0.00
"11/20/2012 03:40:00","WEST",61752,37.01,-2.11,0.00
"11/20/2012 03:45:00","CAPITL",61757,39.73,1.53,0.00
"11/20/2012 03:45:00","CENTRL",61754,38.47,0.27,0.00
"11/20/2012 03:45:00","DUNWOD",61760,40.04,1.83,0.00
"11/20/2012 03:45:00","GENESE",61753,38.09,-0.11,0.00
"11/20/2012 03:45:00","H Q",61844,37.52,-0.69,0.00
"11/20/2012 03:45:00","HUD VL",61758,40.23,2.02,0.00
"11/20/2012 03:45:00","LONGIL",61762,41.37,3.17,0.00
"11/20/2012 03:45:00","MHK VL",61756,39.35,1.15,0.00
"11/20/2012 03:45:00","MILLWD",61759,40.08,1.87,0.00
"11/20/2012 03:45:00","N.Y.C.",61761,40.08,1.87,0.00
"11/20/2012 03:45:00","NORTH",61755,37.90,-0.31,0.00
"11/20/2012 03:45:00","NPX",61845,35.36,1.39,0.00
"11/20/2012 03:45:00","O H",61846,35.64,-2.56,0.00
"11/20/2012 03:45:00","PJM",61847,37.21,-0.99,0.00
"11/20/2012 03:45:00","WEST",61752,36.14,-2.06,0.00
"11/20/2012 03:50:00","CAPITL",61757,40.61,1.56,0.00
"11/20/2012 03:50:00","CENTRL",61754,39.28,0.24,0.00
"11/20/2012 03:50:00","DUNWOD",61760,40.96,1.91,0.00
"11/20/2012 03:50:00","GENESE",61753,38.82,-0.23,0.00
"11/20/2012 03:50:00","H Q",61844,38.38,-0.66,0.00
"11/20/2012 03:50:00","HUD VL",61758,41.16,2.11,0.00
"11/20/2012 03:50:00","LONGIL",61762,42.41,3.36,0.00
"11/20/2012 03:50:00","MHK VL",61756,40.18,1.13,0.00
"11/20/2012 03:50:00","MILLWD",61759,41.00,1.95,0.00
"11/20/2012 03:50:00","N.Y.C.",61761,41.00,1.95,0.00
"11/20/2012 03:50:00","NORTH",61755,38.73,-0.31,0.00
"11/20/2012 03:50:00","NPX",61845,37.86,1.46,0.00
"11/20/2012 03:50:00","O H",61846,36.24,-2.81,0.00
"11/20/2012 03:50:00","PJM",61847,38.00,-1.05,0.00
"11/20/2012 03:50:00","WEST",61752,36.74,-2.30,0.00
"11/20/2012 03:55:00","CAPITL",61757,40.69,1.57,0.00
"11/20/2012 03:55:00","CENTRL",61754,39.43,0.31,0.00
"11/20/2012 03:55:00","DUNWOD",61760,40.96,1.84,0.00
"11/20/2012 03:55:00","GENESE",61753,39.04,-0.08,0.00
"11/20/2012 03:55:00","H Q",61844,38.42,-0.70,0.00
"11/20/2012 03:55:00","HUD VL",61758,41.19,2.07,0.00
"11/20/2012 03:55:00","LONGIL",61762,42.37,3.25,0.00
"11/20/2012 03:55:00","MHK VL",61756,40.29,1.17,0.00
"11/20/2012 03:55:00","MILLWD",61759,41.00,1.88,0.00
"11/20/2012 03:55:00","N.Y.C.",61761,41.00,1.88,0.00
"11/20/2012 03:55:00","NORTH",61755,38.81,-0.31,0.00
"11/20/2012 03:55:00","NPX",61845,37.86,1.46,0.00
"11/20/2012 03:55:00","O H",61846,36.54,-2.58,0.00
"11/20/2012 03:55:00","PJM",61847,38.10,-1.02,0.00
"11/20/2012 03:55:00","WEST",61752,37.05,-2.07,0.00
"11/20/2012 04:00:00","CAPITL",61757,39.58,1.52,0.00
"11/20/2012 04:00:00","CENTRL",61754,38.29,0.23,0.00
"11/20/2012 04:00:00","DUNWOD",61760,39.96,1.90,0.00
"11/20/2012 04:00:00","GENESE",61753,37.87,-0.19,0.00
"11/20/2012 04:00:00","H Q",61844,37.38,-0.68,0.00
"11/20/2012 04:00:00","HUD VL",61758,40.15,2.09,0.00
"11/20/2012 04:00:00","LONGIL",61762,41.29,3.23,0.00
"11/20/2012 04:00:00","MHK VL",61756,39.16,1.10,0.00
"11/20/2012 04:00:00","MILLWD",61759,40.00,1.94,0.00
"11/20/2012 04:00:00","N.Y.C.",61761,40.00,1.94,0.00
"11/20/2012 04:00:00","NORTH",61755,37.68,-0.38,0.00
"11/20/2012 04:00:00","NPX",61845,37.86,1.46,0.00
"11/20/2012 04:00:00","O H",61846,35.36,-2.70,0.00
"11/20/2012 04:00:00","PJM",61847,37.03,-1.03,0.00
"11/20/2012 04:00:00","WEST",61752,35.85,-2.21,0.00
"11/20/2012 04:05:00","CAPITL",61757,37.60,1.45,0.00
"11/20/2012 04:05:00","CENTRL",61754,36.34,0.18,0.00
"11/20/2012 04:05:00","DUNWOD",61760,38.00,1.84,0.00
"11/20/2012 04:05:00","GENESE",61753,35.91,-0.25,0.00
"11/20/2012 04:05:00","H Q",61844,35.51,-0.65,0.00
"11/20/2012 04:05:00","HUD VL",61758,38.18,2.02,0.00
"11/20/2012 04:05:00","LONGIL",61762,39.27,3.11,0.00
"11/20/2012 04:05:00","MHK VL",61756,37.21,1.05,0.00
"11/20/2012 04:05:00","MILLWD",61759,38.04,1.88,0.00
"11/20/2012 04:05:00","N.Y.C.",61761,38.07,1.92,0.00
"11/20/2012 04:05:00","NORTH",61755,35.80,-0.36,0.00
"11/20/2012 04:05:00","NPX",61845,37.97,1.34,-3.20
"11/20/2012 04:05:00","O H",61846,33.44,-2.71,0.00
"11/20/2012 04:05:00","PJM",61847,35.07,-1.08,0.00
"11/20/2012 04:05:00","WEST",61752,33.92,-2.24,0.00
"11/20/2012 04:10:00","CAPITL",61757,39.58,1.52,0.00
"11/20/2012 04:10:00","CENTRL",61754,38.33,0.27,0.00
"11/20/2012 04:10:00","DUNWOD",61760,39.96,1.90,0.00
"11/20/2012 04:10:00","GENESE",61753,37.87,-0.19,0.00
"11/20/2012 04:10:00","H Q",61844,37.38,-0.68,0.00
"11/20/2012 04:10:00","HUD VL",61758,40.15,2.09,0.00
"11/20/2012 04:10:00","LONGIL",61762,41.33,3.27,0.00
"11/20/2012 04:10:00","MHK VL",61756,39.20,1.14,0.00
"11/20/2012 04:10:00","MILLWD",61759,40.00,1.94,0.00
"11/20/2012 04:10:00","N.Y.C.",61761,40.00,1.94,0.00
"11/20/2012 04:10:00","NORTH",61755,37.64,-0.42,0.00
"11/20/2012 04:10:00","NPX",61845,37.97,1.34,-3.20
"11/20/2012 04:10:00","O H",61846,35.36,-2.70,0.00
"11/20/2012 04:10:00","PJM",61847,37.03,-1.03,0.00
"11/20/2012 04:10:00","WEST",61752,35.85,-2.21,0.00
"11/20/2012 04:15:00","CAPITL",61757,35.63,1.37,0.00
"11/20/2012 04:15:00","CENTRL",61754,34.50,0.24,0.00
"11/20/2012 04:15:00","DUNWOD",61760,36.00,1.75,0.00
"11/20/2012 04:15:00","GENESE",61753,34.12,-0.14,0.00
"11/20/2012 04:15:00","H Q",61844,33.64,-0.62,0.00
"11/20/2012 04:15:00","HUD VL",61758,36.17,1.92,0.00
"11/20/2012 04:15:00","LONGIL",61762,37.23,2.98,0.00
"11/20/2012 04:15:00","MHK VL",61756,35.28,1.03,0.00
"11/20/2012 04:15:00","MILLWD",61759,36.03,1.78,0.00
"11/20/2012 04:15:00","N.Y.C.",61761,36.03,1.78,0.00
"11/20/2012 04:15:00","NORTH",61755,33.88,-0.38,0.00
"11/20/2012 04:15:00","NPX",61845,37.97,1.34,-3.20
"11/20/2012 04:15:00","O H",61846,31.89,-2.36,0.00
"11/20/2012 04:15:00","PJM",61847,33.36,-0.89,0.00
"11/20/2012 04:15:00","WEST",61752,32.34,-1.92,0.00
"11/20/2012 04:20:00","CAPITL",61757,40.65,1.57,0.00
"11/20/2012 04:20:00","CENTRL",61754,39.40,0.31,0.00
"11/20/2012 04:20:00","DUNWOD",61760,41.00,1.91,0.00
"11/20/2012 04:20:00","GENESE",61753,39.01,-0.08,0.00
"11/20/2012 04:20:00","H Q",61844,38.34,-0.74,0.00
"11/20/2012 04:20:00","HUD VL",61758,41.19,2.11,0.00
"11/20/2012 04:20:00","LONGIL",61762,42.48,3.40,0.00
"11/20/2012 04:20:00","MHK VL",61756,40.26,1.17,0.00
"11/20/2012 04:20:00","MILLWD",61759,41.04,1.95,0.00
"11/20/2012 04:20:00","N.Y.C.",61761,41.00,1.91,0.00
"11/20/2012 04:20:00","NORTH",61755,38.66,-0.43,0.00
"11/20/2012 04:20:00","NPX",61845,36.21,1.39,0.00
"11/20/2012 04:20:00","O H",61846,36.43,-2.66,0.00
"11/20/2012 04:20:00","PJM",61847,38.07,-1.02,0.00
"11/20/2012 04:20:00","WEST",61752,36.94,-2.15,0.00
"11/20/2012 04:25:00","CAPITL",61757,39.70,1.56,0.00
"11/20/2012 04:25:00","CENTRL",61754,38.44,0.30,0.00
"11/20/2012 04:25:00","DUNWOD",61760,40.04,1.91,0.00
"11/20/2012 04:25:00","GENESE",61753,38.06,-0.08,0.00
"11/20/2012 04:25:00","H Q",61844,37.45,-0.69,0.00
"11/20/2012 04:25:00","HUD VL",61758,40.23,2.10,0.00
"11/20/2012 04:25:00","LONGIL",61762,41.45,3.32,0.00
"11/20/2012 04:25:00","MHK VL",61756,39.27,1.14,0.00
"11/20/2012 04:25:00","MILLWD",61759,40.08,1.94,0.00
"11/20/2012 04:25:00","N.Y.C.",61761,40.08,1.94,0.00
"11/20/2012 04:25:00","NORTH",61755,37.71,-0.42,0.00
"11/20/2012 04:25:00","NPX",61845,36.21,1.39,0.00
"11/20/2012 04:25:00","O H",61846,35.50,-2.63,0.00
"11/20/2012 04:25:00","PJM",61847,37.10,-1.03,0.00
"11/20/2012 04:25:00","WEST",61752,36.00,-2.13,0.00
"11/20/2012 04:30:00","CAPITL",61757,39.58,1.60,0.00
"11/20/2012 04:30:00","CENTRL",61754,38.18,0.19,0.00
"11/20/2012 04:30:00","DUNWOD",61760,40.00,2.01,0.00
"11/20/2012 04:30:00","GENESE",61753,37.76,-0.23,0.00
"11/20/2012 04:30:00","H Q",61844,37.27,-0.72,0.00
"11/20/2012 04:30:00","HUD VL",61758,40.19,2.20,0.00
"11/20/2012 04:30:00","LONGIL",61762,41.44,3.46,0.00
"11/20/2012 04:30:00","MHK VL",61756,39.13,1.14,0.00
"11/20/2012 04:30:00","MILLWD",61759,40.08,2.09,0.00
"11/20/2012 04:30:00","N.Y.C.",61761,40.08,2.09,0.00
"11/20/2012 04:30:00","NORTH",61755,37.53,-0.45,0.00
"11/20/2012 04:30:00","NPX",61845,36.21,1.39,0.00
"11/20/2012 04:30:00","O H",61846,35.10,-2.89,0.00
"11/20/2012 04:30:00","PJM",61847,36.85,-1.14,0.00
"11/20/2012 04:30:00","WEST",61752,35.60,-2.39,0.00
"11/20/2012 04:35:00","CAPITL",61757,39.47,1.63,0.00
"11/20/2012 04:35:00","CENTRL",61754,37.96,0.11,0.00
"11/20/2012 04:35:00","DUNWOD",61760,39.92,2.08,0.00
"11/20/2012 04:35:00","GENESE",61753,37.54,-0.30,0.00
"11/20/2012 04:35:00","H Q",61844,37.12,-0.72,0.00
"11/20/2012 04:35:00","HUD VL",61758,40.08,2.23,0.00
"11/20/2012 04:35:00","LONGIL",61762,41.36,3.52,0.00
"11/20/2012 04:35:00","MHK VL",61756,38.98,1.13,0.00
"11/20/2012 04:35:00","MILLWD",61759,39.96,2.12,0.00
"11/20/2012 04:35:00","N.Y.C.",61761,39.96,2.12,0.00
"11/20/2012 04:35:00","NORTH",61755,37.39,-0.45,0.00
"11/20/2012 04:35:00","NPX",61845,39.66,1.53,0.00
"11/20/2012 04:35:00","O H",61846,34.89,-2.95,0.00
"11/20/2012 04:35:00","PJM",61847,36.63,-1.21,0.00
"11/20/2012 04:35:00","WEST",61752,35.38,-2.46,0.00
"11/20/2012 04:40:00","CAPITL",61757,39.47,1.63,0.00
"11/20/2012 04:40:00","CENTRL",61754,38.00,0.15,0.00
"11/20/2012 04:40:00","DUNWOD",61760,39.92,2.08,0.00
"11/20/2012 04:40:00","GENESE",61753,37.54,-0.30,0.00
"11/20/2012 04:40:00","H Q",61844,37.12,-0.72,0.00
"11/20/2012 04:40:00","HUD VL",61758,40.11,2.27,0.00
"11/20/2012 04:40:00","LONGIL",61762,41.36,3.52,0.00
"11/20/2012 04:40:00","MHK VL",61756,38.98,1.13,0.00
"11/20/2012 04:40:00","MILLWD",61759,40.00,2.16,0.00
"11/20/2012 04:40:00","N.Y.C.",61761,40.00,2.16,0.00
"11/20/2012 04:40:00","NORTH",61755,37.35,-0.49,0.00
"11/20/2012 04:40:00","NPX",61845,39.66,1.53,0.00
"11/20/2012 04:40:00","O H",61846,34.89,-2.95,0.00
"11/20/2012 04:40:00","PJM",61847,36.71,-1.13,0.00
"11/20/2012 04:40:00","WEST",61752,35.38,-2.46,0.00
"11/20/2012 04:45:00","CAPITL",61757,34.57,1.46,0.00
"11/20/2012 04:45:00","CENTRL",61754,33.28,0.17,0.00
"11/20/2012 04:45:00","DUNWOD",61760,35.00,1.89,0.00
"11/20/2012 04:45:00","GENESE",61753,32.92,-0.20,0.00
"11/20/2012 04:45:00","H Q",61844,32.48,-0.63,0.00
"11/20/2012 04:45:00","HUD VL",61758,35.13,2.02,0.00
"11/20/2012 04:45:00","LONGIL",61762,36.23,3.11,0.00
"11/20/2012 04:45:00","MHK VL",61756,34.11,0.99,0.00
"11/20/2012 04:45:00","MILLWD",61759,35.03,1.92,0.00
"11/20/2012 04:45:00","N.Y.C.",61761,35.07,1.95,0.00
"11/20/2012 04:45:00","NORTH",61755,32.68,-0.43,0.00
"11/20/2012 04:45:00","NPX",61845,39.66,1.53,0.00
"11/20/2012 04:45:00","O H",61846,30.66,-2.45,0.00
"11/20/2012 04:45:00","PJM",61847,32.25,-0.86,0.00
"11/20/2012 04:45:00","WEST",61752,31.09,-2.02,0.00
"11/20/2012 04:50:00","CAPITL",61757,39.47,1.63,0.00
"11/20/2012 04:50:00","CENTRL",61754,38.07,0.23,0.00
"11/20/2012 04:50:00","DUNWOD",61760,39.92,2.08,0.00
"11/20/2012 04:50:00","GENESE",61753,37.66,-0.19,0.00
"11/20/2012 04:50:00","H Q",61844,37.12,-0.72,0.00
"11/20/2012 04:50:00","HUD VL",61758,40.11,2.27,0.00
"11/20/2012 04:50:00","LONGIL",61762,41.40,3.56,0.00
"11/20/2012 04:50:00","MHK VL",61756,39.02,1.17,0.00
"11/20/2012 04:50:00","MILLWD",61759,40.00,2.16,0.00
"11/20/2012 04:50:00","N.Y.C.",61761,40.00,2.16,0.00
"11/20/2012 04:50:00","NORTH",61755,37.35,-0.49,0.00
"11/20/2012 04:50:00","NPX",61845,41.72,1.61,0.00
"11/20/2012 04:50:00","O H",61846,35.08,-2.76,0.00
"11/20/2012 04:50:00","PJM",61847,36.86,-0.98,0.00
"11/20/2012 04:50:00","WEST",61752,35.57,-2.27,0.00
"11/20/2012 04:55:00","CAPITL",61757,41.56,1.71,0.00
"11/20/2012 04:55:00","CENTRL",61754,40.13,0.28,0.00
"11/20/2012 04:55:00","DUNWOD",61760,41.96,2.11,0.00
"11/20/2012 04:55:00","GENESE",61753,39.77,-0.08,0.00
"11/20/2012 04:55:00","H Q",61844,39.09,-0.76,0.00
"11/20/2012 04:55:00","HUD VL",61758,42.16,2.31,0.00
"11/20/2012 04:55:00","LONGIL",61762,43.51,3.66,0.00
"11/20/2012 04:55:00","MHK VL",61756,41.09,1.24,0.00
"11/20/2012 04:55:00","MILLWD",61759,42.04,2.19,0.00
"11/20/2012 04:55:00","N.Y.C.",61761,42.00,2.15,0.00
"11/20/2012 04:55:00","NORTH",61755,39.37,-0.48,0.00
"11/20/2012 04:55:00","NPX",61845,41.72,1.61,0.00
"11/20/2012 04:55:00","O H",61846,37.10,-2.75,0.00
"11/20/2012 04:55:00","PJM",61847,38.85,-0.99,0.00
"11/20/2012 04:55:00","WEST",61752,37.62,-2.23,0.00
"11/20/2012 05:00:00","CAPITL",61757,19.97,0.79,0.00
"11/20/2012 05:00:00","CENTRL",61754,19.37,0.19,0.00
"11/20/2012 05:00:00","DUNWOD",61760,20.26,1.07,0.00
"11/20/2012 05:00:00","GENESE",61753,19.24,0.06,0.00
"11/20/2012 05:00:00","H Q",61844,18.80,-0.38,0.00
"11/20/2012 05:00:00","HUD VL",61758,20.33,1.15,0.00
"11/20/2012 05:00:00","LONGIL",61762,20.98,1.80,0.00
"11/20/2012 05:00:00","MHK VL",61756,19.80,0.61,0.00
"11/20/2012 05:00:00","MILLWD",61759,20.27,1.09,0.00
"11/20/2012 05:00:00","N.Y.C.",61761,20.29,1.11,0.00
"11/20/2012 05:00:00","NORTH",61755,18.87,-0.31,0.00
"11/20/2012 05:00:00","NPX",61845,41.72,1.61,0.00
"11/20/2012 05:00:00","O H",61846,17.99,-1.19,0.00
"11/20/2012 05:00:00","PJM",61847,18.80,-0.38,0.00
"11/20/2012 05:00:00","WEST",61752,18.24,-0.94,0.00
"11/20/2012 05:05:00","CAPITL",61757,34.47,1.29,0.00
"11/20/2012 05:05:00","CENTRL",61754,33.67,0.50,0.00
"11/20/2012 05:05:00","DUNWOD",61760,34.90,1.72,0.00
"11/20/2012 05:05:00","GENESE",61753,33.47,0.30,0.00
"11/20/2012 05:05:00","H Q",61844,32.51,-0.66,0.00
"11/20/2012 05:05:00","HUD VL",61758,35.07,1.89,0.00
"11/20/2012 05:05:00","LONGIL",61762,36.13,2.95,0.00
"11/20/2012 05:05:00","MHK VL",61756,34.31,1.13,0.00
"11/20/2012 05:05:00","MILLWD",61759,34.97,1.79,0.00
"11/20/2012 05:05:00","N.Y.C.",61761,34.97,1.79,0.00
"11/20/2012 05:05:00","NORTH",61755,32.71,-0.46,0.00
"11/20/2012 05:05:00","NPX",61845,34.44,1.26,0.00
"11/20/2012 05:05:00","O H",61846,31.42,-1.76,0.00
"11/20/2012 05:05:00","PJM",61847,32.74,-0.43,0.00
"11/20/2012 05:05:00","WEST",61752,31.92,-1.26,0.00
"11/20/2012 05:10:00","CAPITL",61757,38.52,1.44,0.00
"11/20/2012 05:10:00","CENTRL",61754,37.59,0.52,0.00
"11/20/2012 05:10:00","DUNWOD",61760,39.00,1.93,0.00
"11/20/2012 05:10:00","GENESE",61753,37.33,0.26,0.00
"11/20/2012 05:10:00","H Q",61844,36.37,-0.71,0.00
"11/20/2012 05:10:00","HUD VL",61758,39.22,2.15,0.00
"11/20/2012 05:10:00","LONGIL",61762,40.48,3.41,0.00
"11/20/2012 05:10:00","MHK VL",61756,38.30,1.22,0.00
"11/20/2012 05:10:00","MILLWD",61759,39.07,2.00,0.00
"11/20/2012 05:10:00","N.Y.C.",61761,39.07,2.00,0.00
"11/20/2012 05:10:00","NORTH",61755,36.63,-0.44,0.00
"11/20/2012 05:10:00","NPX",61845,38.48,1.41,0.00
"11/20/2012 05:10:00","O H",61846,34.92,-2.15,0.00
"11/20/2012 05:10:00","PJM",61847,36.44,-0.63,0.00
"11/20/2012 05:10:00","WEST",61752,35.48,-1.59,0.00
"11/20/2012 05:15:00","CAPITL",61757,39.43,1.55,0.00
"11/20/2012 05:15:00","CENTRL",61754,38.34,0.46,0.00
"11/20/2012 05:15:00","DUNWOD",61760,39.96,2.08,0.00
"11/20/2012 05:15:00","GENESE",61753,37.96,0.08,0.00
"11/20/2012 05:15:00","H Q",61844,37.12,-0.76,0.00
"11/20/2012 05:15:00","HUD VL",61758,40.15,2.27,0.00
"11/20/2012 05:15:00","LONGIL",61762,41.44,3.56,0.00
"11/20/2012 05:15:00","MHK VL",61756,39.17,1.29,0.00
"11/20/2012 05:15:00","MILLWD",61759,40.04,2.16,0.00
"11/20/2012 05:15:00","N.Y.C.",61761,40.00,2.12,0.00
"11/20/2012 05:15:00","NORTH",61755,37.35,-0.53,0.00
"11/20/2012 05:15:00","NPX",61845,39.40,1.52,0.00
"11/20/2012 05:15:00","O H",61846,35.42,-2.46,0.00
"11/20/2012 05:15:00","PJM",61847,37.16,-0.72,0.00
"11/20/2012 05:15:00","WEST",61752,35.95,-1.93,0.00
"11/20/2012 05:20:00","CAPITL",61757,43.26,1.78,0.00
"11/20/2012 05:20:00","CENTRL",61754,41.97,0.50,0.00
"11/20/2012 05:20:00","DUNWOD",61760,43.88,2.40,0.00
"11/20/2012 05:20:00","GENESE",61753,41.64,0.17,0.00
"11/20/2012 05:20:00","H Q",61844,40.56,-0.91,0.00
"11/20/2012 05:20:00","HUD VL",61758,44.09,2.61,0.00
"11/20/2012 05:20:00","LONGIL",61762,45.54,4.07,0.00
"11/20/2012 05:20:00","MHK VL",61756,42.88,1.41,0.00
"11/20/2012 05:20:00","MILLWD",61759,43.96,2.49,0.00
"11/20/2012 05:20:00","N.Y.C.",61761,43.96,2.49,0.00
"11/20/2012 05:20:00","NORTH",61755,40.64,-0.83,0.00
"11/20/2012 05:20:00","NPX",61845,43.17,1.70,0.00
"11/20/2012 05:20:00","O H",61846,38.82,-2.66,0.00
"11/20/2012 05:20:00","PJM",61847,40.68,-0.79,0.00
"11/20/2012 05:20:00","WEST",61752,39.44,-2.03,0.00
"11/20/2012 05:25:00","CAPITL",61757,44.32,1.83,0.00
"11/20/2012 05:25:00","CENTRL",61754,43.04,0.55,0.00
"11/20/2012 05:25:00","DUNWOD",61760,44.96,2.46,0.00
"11/20/2012 05:25:00","GENESE",61753,42.66,0.17,0.00
"11/20/2012 05:25:00","H Q",61844,41.56,-0.94,0.00
"11/20/2012 05:25:00","HUD VL",61758,45.17,2.68,0.00
"11/20/2012 05:25:00","LONGIL",61762,46.66,4.17,0.00
"11/20/2012 05:25:00","MHK VL",61756,43.98,1.49,0.00
"11/20/2012 05:25:00","MILLWD",61759,45.04,2.55,0.00
"11/20/2012 05:25:00","N.Y.C.",61761,45.00,2.51,0.00
"11/20/2012 05:25:00","NORTH",61755,41.64,-0.85,0.00
"11/20/2012 05:25:00","NPX",61845,44.24,1.74,0.00
"11/20/2012 05:25:00","O H",61846,39.77,-2.72,0.00
"11/20/2012 05:25:00","PJM",61847,41.73,-0.76,0.00
"11/20/2012 05:25:00","WEST",61752,40.41,-2.08,0.00
"11/20/2012 05:30:00","CAPITL",61757,39.36,1.59,0.00
"11/20/2012 05:30:00","CENTRL",61754,38.26,0.49,0.00
"11/20/2012 05:30:00","DUNWOD",61760,39.96,2.19,0.00
"11/20/2012 05:30:00","GENESE",61753,38.00,0.23,0.00
"11/20/2012 05:30:00","H Q",61844,36.94,-0.83,0.00
"11/20/2012 05:30:00","HUD VL",61758,40.15,2.38,0.00
"11/20/2012 05:30:00","LONGIL",61762,41.48,3.70,0.00
"11/20/2012 05:30:00","MHK VL",61756,39.09,1.32,0.00
"11/20/2012 05:30:00","MILLWD",61759,40.04,2.27,0.00
"11/20/2012 05:30:00","N.Y.C.",61761,40.00,2.23,0.00
"11/20/2012 05:30:00","NORTH",61755,37.02,-0.76,0.00
"11/20/2012 05:30:00","NPX",61845,39.28,1.51,0.00
"11/20/2012 05:30:00","O H",61846,35.43,-2.34,0.00
"11/20/2012 05:30:00","PJM",61847,37.13,-0.64,0.00
"11/20/2012 05:30:00","WEST",61752,36.00,-1.77,0.00
"11/20/2012 05:35:00","CAPITL",61757,44.92,1.77,0.00
"11/20/2012 05:35:00","CENTRL",61754,43.84,0.69,0.00
"11/20/2012 05:35:00","DUNWOD",61760,45.57,2.41,0.00
"11/20/2012 05:35:00","GENESE",61753,43.49,0.34,0.00
"11/20/2012 05:35:00","H Q",61844,42.20,-0.95,0.00
"11/20/2012 05:35:00","HUD VL",61758,45.78,2.63,0.00
"11/20/2012 05:35:00","LONGIL",61762,47.42,4.27,0.00
"11/20/2012 05:35:00","MHK VL",61756,44.70,1.55,0.00
"11/20/2012 05:35:00","MILLWD",61759,45.65,2.50,0.00
"11/20/2012 05:35:00","N.Y.C.",61761,45.61,2.46,0.00
"11/20/2012 05:35:00","NORTH",61755,42.29,-0.86,0.00
"11/20/2012 05:35:00","NPX",61845,44.83,1.68,0.00
"11/20/2012 05:35:00","O H",61846,40.69,-2.46,0.00
"11/20/2012 05:35:00","PJM",61847,42.55,-0.60,0.00
"11/20/2012 05:35:00","WEST",61752,41.30,-1.85,0.00
"11/20/2012 05:40:00","CAPITL",61757,45.56,1.80,0.00
"11/20/2012 05:40:00","CENTRL",61754,44.47,0.70,0.00
"11/20/2012 05:40:00","DUNWOD",61760,46.22,2.45,0.00
"11/20/2012 05:40:00","GENESE",61753,44.16,0.39,0.00
"11/20/2012 05:40:00","H Q",61844,42.81,-0.96,0.00
"11/20/2012 05:40:00","HUD VL",61758,46.44,2.67,0.00
"11/20/2012 05:40:00","LONGIL",61762,48.19,4.42,0.00
"11/20/2012 05:40:00","MHK VL",61756,45.34,1.57,0.00
"11/20/2012 05:40:00","MILLWD",61759,46.31,2.54,0.00
"11/20/2012 05:40:00","N.Y.C.",61761,46.22,2.45,0.00
"11/20/2012 05:40:00","NORTH",61755,42.94,-0.83,0.00
"11/20/2012 05:40:00","NPX",61845,45.47,1.71,0.00
"11/20/2012 05:40:00","O H",61846,41.23,-2.54,0.00
"11/20/2012 05:40:00","PJM",61847,43.16,-0.61,0.00
"11/20/2012 05:40:00","WEST",61752,41.89,-1.88,0.00
"11/20/2012 05:45:00","CAPITL",61757,55.54,2.24,0.00
"11/20/2012 05:45:00","CENTRL",61754,54.11,0.80,0.00
"11/20/2012 05:45:00","DUNWOD",61760,56.34,3.04,0.00
"11/20/2012 05:45:00","GENESE",61753,53.73,0.42,0.00
"11/20/2012 05:45:00","H Q",61844,52.13,-1.17,0.00
"11/20/2012 05:45:00","HUD VL",61758,56.61,3.31,0.00
"11/20/2012 05:45:00","LONGIL",61762,58.80,5.49,0.00
"11/20/2012 05:45:00","MHK VL",61756,55.22,1.92,0.00
"11/20/2012 05:45:00","MILLWD",61759,56.45,3.14,0.00
"11/20/2012 05:45:00","N.Y.C.",61761,56.34,3.04,0.00
"11/20/2012 05:45:00","NORTH",61755,52.18,-1.12,0.00
"11/20/2012 05:45:00","NPX",61845,55.38,2.08,0.00
"11/20/2012 05:45:00","O H",61846,50.11,-3.20,0.00
"11/20/2012 05:45:00","PJM",61847,52.45,-0.85,0.00
"11/20/2012 05:45:00","WEST",61752,50.85,-2.45,0.00
"11/20/2012 05:50:00","CAPITL",61757,54.27,2.09,0.00
"11/20/2012 05:50:00","CENTRL",61754,53.07,0.89,0.00
"11/20/2012 05:50:00","DUNWOD",61760,55.05,2.87,0.00
"11/20/2012 05:50:00","GENESE",61753,52.76,0.58,0.00
"11/20/2012 05:50:00","H Q",61844,30.79,-1.04,22.89
"11/20/2012 05:50:00","HUD VL",61758,55.37,3.18,0.00
"11/20/2012 05:50:00","LONGIL",61762,57.40,5.22,0.00
"11/20/2012 05:50:00","MHK VL",61756,54.12,1.93,0.00
"11/20/2012 05:50:00","MILLWD",61759,55.21,3.03,0.00
"11/20/2012 05:50:00","N.Y.C.",61761,55.05,2.87,0.00
"11/20/2012 05:50:00","NORTH",61755,51.14,-1.04,0.00
"11/20/2012 05:50:00","NPX",61845,54.17,1.98,0.00
"11/20/2012 05:50:00","O H",61846,49.26,-2.92,0.00
"11/20/2012 05:50:00","PJM",61847,30.95,-0.88,22.89
"11/20/2012 05:50:00","WEST",61752,50.04,-2.14,0.00
"11/20/2012 05:55:00","CAPITL",61757,47.99,1.80,0.00
"11/20/2012 05:55:00","CENTRL",61754,47.03,0.83,0.00
"11/20/2012 05:55:00","DUNWOD",61760,48.83,2.63,0.00
"11/20/2012 05:55:00","GENESE",61753,46.79,0.60,0.00
"11/20/2012 05:55:00","H Q",61844,30.79,-1.04,22.89
"11/20/2012 05:55:00","HUD VL",61758,49.11,2.91,0.00
"11/20/2012 05:55:00","LONGIL",61762,50.95,4.76,0.00
"11/20/2012 05:55:00","MHK VL",61756,47.95,1.75,0.00
"11/20/2012 05:55:00","MILLWD",61759,48.97,2.77,0.00
"11/20/2012 05:55:00","N.Y.C.",61761,48.87,2.68,0.00
"11/20/2012 05:55:00","NORTH",61755,45.27,-0.92,0.00
"11/20/2012 05:55:00","NPX",61845,47.90,1.71,0.00
"11/20/2012 05:55:00","O H",61846,43.74,-2.45,0.00
"11/20/2012 05:55:00","PJM",61847,30.95,-0.88,22.89
"11/20/2012 05:55:00","WEST",61752,44.49,-1.71,0.00
"11/20/2012 06:00:00","CAPITL",61757,34.24,1.22,0.00
"11/20/2012 06:00:00","CENTRL",61754,33.71,0.69,0.00
"11/20/2012 06:00:00","DUNWOD",61760,34.93,1.91,0.00
"11/20/2012 06:00:00","GENESE",61753,33.52,0.50,0.00
"11/20/2012 06:00:00","H Q",61844,30.79,-1.04,22.89
"11/20/2012 06:00:00","HUD VL",61758,35.13,2.12,0.00
"11/20/2012 06:00:00","LONGIL",61762,36.26,3.24,0.00
"11/20/2012 06:00:00","MHK VL",61756,34.31,1.29,0.00
"11/20/2012 06:00:00","MILLWD",61759,35.03,2.01,0.00
"11/20/2012 06:00:00","N.Y.C.",61761,35.00,1.98,0.00
"11/20/2012 06:00:00","NORTH",61755,32.26,-0.76,0.00
"11/20/2012 06:00:00","NPX",61845,34.21,1.19,0.00
"11/20/2012 06:00:00","O H",61846,31.40,-1.62,0.00
"11/20/2012 06:00:00","PJM",61847,30.95,-0.88,22.89
"11/20/2012 06:00:00","WEST",61752,31.93,-1.09,0.00
"11/20/2012 06:00:11","CAPITL",61757,45.39,1.57,0.00
"11/20/2012 06:00:11","CENTRL",61754,44.95,1.14,0.00
"11/20/2012 06:00:11","DUNWOD",61760,46.17,2.36,0.00
"11/20/2012 06:00:11","GENESE",61753,44.73,0.92,0.00
"11/20/2012 06:00:11","H Q",61844,50.61,-0.97,-9.17
"11/20/2012 06:00:11","HUD VL",61758,46.53,2.72,0.00
"11/20/2012 06:00:11","LONGIL",61762,48.02,4.21,0.00
"11/20/2012 06:00:11","MHK VL",61756,45.61,1.80,0.00
"11/20/2012 06:00:11","MILLWD",61759,46.31,2.50,0.00
"11/20/2012 06:00:11","N.Y.C.",61761,46.22,2.41,0.00
"11/20/2012 06:00:11","NORTH",61755,42.85,-0.96,0.00
"11/20/2012 06:00:11","NPX",61845,120.42,1.48,-77.75
"11/20/2012 06:00:11","O H",61846,61.65,-2.43,-22.89
"11/20/2012 06:00:11","PJM",61847,59.00,-0.38,-16.97
"11/20/2012 06:00:11","WEST",61752,42.76,-1.05,0.00
"11/20/2012 06:02:17","CAPITL",61757,41.46,1.55,0.00
"11/20/2012 06:02:17","CENTRL",61754,40.98,1.08,0.00
"11/20/2012 06:02:17","DUNWOD",61760,41.82,1.92,0.00
"11/20/2012 06:02:17","GENESE",61753,40.82,0.92,0.00
"11/20/2012 06:02:17","H Q",61844,50.61,-0.97,-9.17
"11/20/2012 06:02:17","HUD VL",61758,42.18,2.27,0.00
"11/20/2012 06:02:17","LONGIL",61762,43.45,3.55,0.00
"11/20/2012 06:02:17","MHK VL",61756,41.54,1.64,0.00
"11/20/2012 06:02:17","MILLWD",61759,41.94,2.03,0.00
"11/20/2012 06:02:17","N.Y.C.",61761,41.70,1.80,0.00
"11/20/2012 06:02:17","NORTH",61755,39.06,-0.84,0.00
"11/20/2012 06:02:17","NPX",61845,120.42,1.48,-77.75
"11/20/2012 06:02:17","O H",61846,61.65,-2.43,-22.89
"11/20/2012 06:02:17","PJM",61847,59.00,-0.38,-16.97
"11/20/2012 06:02:17","WEST",61752,39.14,-0.76,0.00
"11/20/2012 06:05:00","CAPITL",61757,41.76,1.61,0.00
"11/20/2012 06:05:00","CENTRL",61754,41.27,1.12,0.00
"11/20/2012 06:05:00","DUNWOD",61760,42.16,2.01,0.00
"11/20/2012 06:05:00","GENESE",61753,40.95,0.80,0.00
"11/20/2012 06:05:00","H Q",61844,50.61,-0.97,-9.17
"11/20/2012 06:05:00","HUD VL",61758,42.48,2.33,0.00
"11/20/2012 06:05:00","LONGIL",61762,43.93,3.77,0.00
"11/20/2012 06:05:00","MHK VL",61756,41.84,1.69,0.00
"11/20/2012 06:05:00","MILLWD",61759,42.32,2.17,0.00
"11/20/2012 06:05:00","N.Y.C.",61761,42.08,1.93,0.00
"11/20/2012 06:05:00","NORTH",61755,39.31,-0.85,0.00
"11/20/2012 06:05:00","NPX",61845,120.42,1.48,-77.75
"11/20/2012 06:05:00","O H",61846,61.65,-2.43,-22.89
"11/20/2012 06:05:00","PJM",61847,59.00,-0.38,-16.97
"11/20/2012 06:05:00","WEST",61752,39.19,-0.96,0.00
"11/20/2012 06:10:00","CAPITL",61757,41.76,1.61,0.00
"11/20/2012 06:10:00","CENTRL",61754,41.27,1.12,0.00
"11/20/2012 06:10:00","DUNWOD",61760,42.16,2.01,0.00
"11/20/2012 06:10:00","GENESE",61753,40.95,0.80,0.00
"11/20/2012 06:10:00","H Q",61844,50.61,-0.97,-9.17
"11/20/2012 06:10:00","HUD VL",61758,42.48,2.33,0.00
"11/20/2012 06:10:00","LONGIL",61762,43.93,3.77,0.00
"11/20/2012 06:10:00","MHK VL",61756,41.84,1.69,0.00
"11/20/2012 06:10:00","MILLWD",61759,42.32,2.17,0.00
"11/20/2012 06:10:00","N.Y.C.",61761,42.08,1.93,0.00
"11/20/2012 06:10:00","NORTH",61755,39.31,-0.85,0.00
"11/20/2012 06:10:00","NPX",61845,120.42,1.48,-77.75
"11/20/2012 06:10:00","O H",61846,61.65,-2.43,-22.89
"11/20/2012 06:10:00","PJM",61847,59.00,-0.38,-16.97
"11/20/2012 06:10:00","WEST",61752,39.19,-0.96,0.00
"11/20/2012 06:11:59","CAPITL",61757,41.76,1.61,0.00
"11/20/2012 06:11:59","CENTRL",61754,41.27,1.12,0.00
"11/20/2012 06:11:59","DUNWOD",61760,42.16,2.01,0.00
"11/20/2012 06:11:59","GENESE",61753,40.95,0.80,0.00
"11/20/2012 06:11:59","H Q",61844,50.61,-0.97,-9.17
"11/20/2012 06:11:59","HUD VL",61758,42.48,2.33,0.00
"11/20/2012 06:11:59","LONGIL",61762,43.93,3.77,0.00
"11/20/2012 06:11:59","MHK VL",61756,41.84,1.69,0.00
"11/20/2012 06:11:59","MILLWD",61759,42.32,2.17,0.00
"11/20/2012 06:11:59","N.Y.C.",61761,42.08,1.93,0.00
"11/20/2012 06:11:59","NORTH",61755,39.31,-0.85,0.00
"11/20/2012 06:11:59","NPX",61845,120.42,1.48,-77.75
"11/20/2012 06:11:59","O H",61846,61.65,-2.43,-22.89
"11/20/2012 06:11:59","PJM",61847,59.00,-0.38,-16.97
"11/20/2012 06:11:59","WEST",61752,39.19,-0.96,0.00
"11/20/2012 06:15:00","CAPITL",61757,44.50,1.67,0.00
"11/20/2012 06:15:00","CENTRL",61754,43.68,0.86,0.00
"11/20/2012 06:15:00","DUNWOD",61760,45.27,2.44,0.00
"11/20/2012 06:15:00","GENESE",61753,43.30,0.47,0.00
"11/20/2012 06:15:00","H Q",61844,50.61,-0.97,-9.17
"11/20/2012 06:15:00","HUD VL",61758,45.57,2.74,0.00
"11/20/2012 06:15:00","LONGIL",61762,47.15,4.32,0.00
"11/20/2012 06:15:00","MHK VL",61756,44.58,1.76,0.00
"11/20/2012 06:15:00","MILLWD",61759,45.40,2.57,0.00
"11/20/2012 06:15:00","N.Y.C.",61761,45.27,2.44,0.00
"11/20/2012 06:15:00","NORTH",61755,42.06,-0.77,0.00
"11/20/2012 06:15:00","NPX",61845,120.42,1.48,-77.75
"11/20/2012 06:15:00","O H",61846,61.65,-2.43,-22.89
"11/20/2012 06:15:00","PJM",61847,59.00,-0.38,-16.97
"11/20/2012 06:15:00","WEST",61752,40.86,-1.97,0.00
"11/20/2012 06:20:00","CAPITL",61757,44.50,1.67,0.00
"11/20/2012 06:20:00","CENTRL",61754,43.68,0.86,0.00
"11/20/2012 06:20:00","DUNWOD",61760,45.27,2.44,0.00
"11/20/2012 06:20:00","GENESE",61753,43.30,0.47,0.00
"11/20/2012 06:20:00","H Q",61844,41.89,-0.94,0.00
"11/20/2012 06:20:00","HUD VL",61758,45.57,2.74,0.00
"11/20/2012 06:20:00","LONGIL",61762,47.15,4.32,0.00
"11/20/2012 06:20:00","MHK VL",61756,44.58,1.76,0.00
"11/20/2012 06:20:00","MILLWD",61759,45.40,2.57,0.00
"11/20/2012 06:20:00","N.Y.C.",61761,45.27,2.44,0.00
"11/20/2012 06:20:00","NORTH",61755,42.06,-0.77,0.00
"11/20/2012 06:20:00","NPX",61845,44.20,1.37,0.00
"11/20/2012 06:20:00","O H",61846,40.30,-2.53,0.00
"11/20/2012 06:20:00","PJM",61847,42.27,-0.56,0.00
"11/20/2012 06:20:00","WEST",61752,40.86,-1.97,0.00
"11/20/2012 06:25:00","CAPITL",61757,45.22,1.78,0.00
"11/20/2012 06:25:00","CENTRL",61754,44.09,0.65,0.00
"11/20/2012 06:25:00","DUNWOD",61760,46.04,2.61,0.00
"11/20/2012 06:25:00","GENESE",61753,43.61,0.17,0.00
"11/20/2012 06:25:00","H Q",61844,42.52,-0.91,0.00
"11/20/2012 06:25:00","HUD VL",61758,46.30,2.87,0.00
"11/20/2012 06:25:00","LONGIL",61762,48.09,4.65,0.00
"11/20/2012 06:25:00","MHK VL",61756,45.22,1.78,0.00
"11/20/2012 06:25:00","MILLWD",61759,46.18,2.74,0.00
"11/20/2012 06:25:00","N.Y.C.",61761,46.04,2.61,0.00
"11/20/2012 06:25:00","NORTH",61755,42.66,-0.78,0.00
"11/20/2012 06:25:00","NPX",61845,44.20,1.37,0.00
"11/20/2012 06:25:00","O H",61846,40.30,-2.53,0.00
"11/20/2012 06:25:00","PJM",61847,42.61,-0.83,0.00
"11/20/2012 06:25:00","WEST",61752,41.01,-2.43,0.00
"11/20/2012 06:30:00","CAPITL",61757,45.43,1.79,0.00
"11/20/2012 06:30:00","CENTRL",61754,44.43,0.79,0.00
"11/20/2012 06:30:00","DUNWOD",61760,46.22,2.57,0.00
"11/20/2012 06:30:00","GENESE",61753,43.86,0.22,0.00
"11/20/2012 06:30:00","H Q",61844,42.73,-0.92,0.00
"11/20/2012 06:30:00","HUD VL",61758,46.48,2.84,0.00
"11/20/2012 06:30:00","LONGIL",61762,48.23,4.58,0.00
"11/20/2012 06:30:00","MHK VL",61756,45.43,1.79,0.00
"11/20/2012 06:30:00","MILLWD",61759,46.35,2.71,0.00
"11/20/2012 06:30:00","N.Y.C.",61761,46.22,2.57,0.00
"11/20/2012 06:30:00","NORTH",61755,42.86,-0.78,0.00
"11/20/2012 06:30:00","NPX",61845,44.20,1.37,0.00
"11/20/2012 06:30:00","O H",61846,40.30,-2.53,0.00
"11/20/2012 06:30:00","PJM",61847,42.94,-0.70,0.00
"11/20/2012 06:30:00","WEST",61752,41.29,-2.36,0.00
"11/20/2012 06:35:00","CAPITL",61757,47.32,1.82,0.00
"11/20/2012 06:35:00","CENTRL",61754,46.32,0.82,0.00
"11/20/2012 06:35:00","DUNWOD",61760,48.09,2.59,0.00
"11/20/2012 06:35:00","GENESE",61753,45.86,0.36,0.00
"11/20/2012 06:35:00","H Q",61844,44.54,-0.96,0.00
"11/20/2012 06:35:00","HUD VL",61758,48.41,2.91,0.00
"11/20/2012 06:35:00","LONGIL",61762,50.28,4.78,0.00
"11/20/2012 06:35:00","MHK VL",61756,47.37,1.87,0.00
"11/20/2012 06:35:00","MILLWD",61759,48.28,2.78,0.00
"11/20/2012 06:35:00","N.Y.C.",61761,48.14,2.64,0.00
"11/20/2012 06:35:00","NORTH",61755,44.77,-0.73,0.00
"11/20/2012 06:35:00","NPX",61845,45.08,1.36,0.00
"11/20/2012 06:35:00","O H",61846,40.97,-2.75,0.00
"11/20/2012 06:35:00","PJM",61847,44.68,-0.82,0.00
"11/20/2012 06:35:00","WEST",61752,43.09,-2.41,0.00
"11/20/2012 06:40:00","CAPITL",61757,48.23,1.81,0.00
"11/20/2012 06:40:00","CENTRL",61754,47.30,0.88,0.00
"11/20/2012 06:40:00","DUNWOD",61760,49.11,2.69,0.00
"11/20/2012 06:40:00","GENESE",61753,46.79,0.37,0.00
"11/20/2012 06:40:00","H Q",61844,45.40,-1.02,0.00
"11/20/2012 06:40:00","HUD VL",61758,49.43,3.02,0.00
"11/20/2012 06:40:00","LONGIL",61762,51.34,4.92,0.00
"11/20/2012 06:40:00","MHK VL",61756,48.37,1.95,0.00
"11/20/2012 06:40:00","MILLWD",61759,49.25,2.83,0.00
"11/20/2012 06:40:00","N.Y.C.",61761,49.11,2.69,0.00
"11/20/2012 06:40:00","NORTH",61755,45.58,-0.83,0.00
"11/20/2012 06:40:00","NPX",61845,45.08,1.36,0.00
"11/20/2012 06:40:00","O H",61846,40.97,-2.75,0.00
"11/20/2012 06:40:00","PJM",61847,45.72,-0.69,0.00
"11/20/2012 06:40:00","WEST",61752,44.00,-2.42,0.00
"11/20/2012 06:45:00","CAPITL",61757,50.49,1.89,0.00
"11/20/2012 06:45:00","CENTRL",61754,49.52,0.92,0.00
"11/20/2012 06:45:00","DUNWOD",61760,51.46,2.87,0.00
"11/20/2012 06:45:00","GENESE",61753,48.98,0.39,0.00
"11/20/2012 06:45:00","H Q",61844,47.57,-1.02,0.00
"11/20/2012 06:45:00","HUD VL",61758,51.75,3.16,0.00
"11/20/2012 06:45:00","LONGIL",61762,53.85,5.25,0.00
"11/20/2012 06:45:00","MHK VL",61756,50.68,2.09,0.00
"11/20/2012 06:45:00","MILLWD",61759,51.61,3.01,0.00
"11/20/2012 06:45:00","N.Y.C.",61761,51.46,2.87,0.00
"11/20/2012 06:45:00","NORTH",61755,47.72,-0.87,0.00
"11/20/2012 06:45:00","NPX",61845,45.08,1.36,0.00
"11/20/2012 06:45:00","O H",61846,40.97,-2.75,0.00
"11/20/2012 06:45:00","PJM",61847,47.87,-0.73,0.00
"11/20/2012 06:45:00","WEST",61752,46.02,-2.58,0.00
"11/20/2012 06:50:00","CAPITL",61757,50.43,1.89,0.00
"11/20/2012 06:50:00","CENTRL",61754,49.46,0.92,0.00
"11/20/2012 06:50:00","DUNWOD",61760,51.36,2.81,0.00
"11/20/2012 06:50:00","GENESE",61753,48.93,0.39,0.00
"11/20/2012 06:50:00","H Q",61844,47.52,-1.02,0.00
"11/20/2012 06:50:00","HUD VL",61758,51.69,3.15,0.00
"11/20/2012 06:50:00","LONGIL",61762,53.83,5.29,0.00
"11/20/2012 06:50:00","MHK VL",61756,50.63,2.09,0.00
"11/20/2012 06:50:00","MILLWD",61759,51.55,3.01,0.00
"11/20/2012 06:50:00","N.Y.C.",61761,51.36,2.81,0.00
"11/20/2012 06:50:00","NORTH",61755,47.67,-0.87,0.00
"11/20/2012 06:50:00","NPX",61845,46.38,1.26,0.00
"11/20/2012 06:50:00","O H",61846,42.37,-2.75,0.00
"11/20/2012 06:50:00","PJM",61847,47.72,-0.83,0.00
"11/20/2012 06:50:00","WEST",61752,45.97,-2.57,0.00
"11/20/2012 06:55:00","CAPITL",61757,50.33,1.89,0.00
"11/20/2012 06:55:00","CENTRL",61754,49.41,0.97,0.00
"11/20/2012 06:55:00","DUNWOD",61760,51.20,2.76,0.00
"11/20/2012 06:55:00","GENESE",61753,48.92,0.48,0.00
"11/20/2012 06:55:00","H Q",61844,47.42,-1.02,0.00
"11/20/2012 06:55:00","HUD VL",61758,51.49,3.05,0.00
"11/20/2012 06:55:00","LONGIL",61762,53.57,5.13,0.00
"11/20/2012 06:55:00","MHK VL",61756,50.52,2.08,0.00
"11/20/2012 06:55:00","MILLWD",61759,51.34,2.91,0.00
"11/20/2012 06:55:00","N.Y.C.",61761,51.15,2.71,0.00
"11/20/2012 06:55:00","NORTH",61755,47.57,-0.87,0.00
"11/20/2012 06:55:00","NPX",61845,46.38,1.26,0.00
"11/20/2012 06:55:00","O H",61846,42.37,-2.75,0.00
"11/20/2012 06:55:00","PJM",61847,47.71,-0.73,0.00
"11/20/2012 06:55:00","WEST",61752,46.02,-2.42,0.00
"11/20/2012 07:00:00","CAPITL",61757,44.70,1.55,0.00
"11/20/2012 07:00:00","CENTRL",61754,44.10,0.95,0.00
"11/20/2012 07:00:00","DUNWOD",61760,45.69,2.55,0.00
"11/20/2012 07:00:00","GENESE",61753,43.62,0.48,0.00
"11/20/2012 07:00:00","H Q",61844,42.20,-0.95,0.00
"11/20/2012 07:00:00","HUD VL",61758,45.95,2.80,0.00
"11/20/2012 07:00:00","LONGIL",61762,47.81,4.66,0.00
"11/20/2012 07:00:00","MHK VL",61756,45.04,1.90,0.00
"11/20/2012 07:00:00","MILLWD",61759,45.82,2.68,0.00
"11/20/2012 07:00:00","N.Y.C.",61761,45.69,2.55,0.00
"11/20/2012 07:00:00","NORTH",61755,42.29,-0.86,0.00
"11/20/2012 07:00:00","NPX",61845,46.38,1.26,0.00
"11/20/2012 07:00:00","O H",61846,42.37,-2.75,0.00
"11/20/2012 07:00:00","PJM",61847,42.67,-0.47,0.00
"11/20/2012 07:00:00","WEST",61752,40.99,-2.16,0.00
"11/20/2012 07:05:00","CAPITL",61757,45.09,1.56,0.00
"11/20/2012 07:05:00","CENTRL",61754,44.48,0.96,0.00
"11/20/2012 07:05:00","DUNWOD",61760,46.09,2.57,0.00
"11/20/2012 07:05:00","GENESE",61753,43.96,0.44,0.00
"11/20/2012 07:05:00","H Q",61844,42.56,-0.96,0.00
"11/20/2012 07:05:00","HUD VL",61758,46.39,2.87,0.00
"11/20/2012 07:05:00","LONGIL",61762,48.18,4.66,0.00
"11/20/2012 07:05:00","MHK VL",61756,45.43,1.91,0.00
"11/20/2012 07:05:00","MILLWD",61759,46.26,2.74,0.00
"11/20/2012 07:05:00","N.Y.C.",61761,46.13,2.61,0.00
"11/20/2012 07:05:00","NORTH",61755,42.69,-0.83,0.00
"11/20/2012 07:05:00","NPX",61845,194.41,1.33,-148.58
"11/20/2012 07:05:00","O H",61846,40.65,-2.87,0.00
"11/20/2012 07:05:00","PJM",61847,43.04,-0.48,0.00
"11/20/2012 07:05:00","WEST",61752,41.30,-2.22,0.00
"11/20/2012 07:10:00","CAPITL",61757,49.01,1.70,0.00
"11/20/2012 07:10:00","CENTRL",61754,48.20,0.90,0.00
"11/20/2012 07:10:00","DUNWOD",61760,50.10,2.79,0.00
"11/20/2012 07:10:00","GENESE",61753,47.59,0.29,0.00
"11/20/2012 07:10:00","H Q",61844,46.36,-0.95,0.00
"11/20/2012 07:10:00","HUD VL",61758,50.43,3.12,0.00
"11/20/2012 07:10:00","LONGIL",61762,52.46,5.16,0.00
"11/20/2012 07:10:00","MHK VL",61756,49.38,2.08,0.00
"11/20/2012 07:10:00","MILLWD",61759,50.29,2.98,0.00
"11/20/2012 07:10:00","N.Y.C.",61761,50.14,2.84,0.00
"11/20/2012 07:10:00","NORTH",61755,46.55,-0.76,0.00
"11/20/2012 07:10:00","NPX",61845,194.41,1.33,-148.58
"11/20/2012 07:10:00","O H",61846,43.90,-3.41,0.00
"11/20/2012 07:10:00","PJM",61847,46.60,-0.71,0.00
"11/20/2012 07:10:00","WEST",61752,44.56,-2.74,0.00
"11/20/2012 07:15:00","CAPITL",61757,50.72,1.76,0.00
"11/20/2012 07:15:00","CENTRL",61754,49.89,0.93,0.00
"11/20/2012 07:15:00","DUNWOD",61760,52.10,3.14,0.00
"11/20/2012 07:15:00","GENESE",61753,49.26,0.30,0.00
"11/20/2012 07:15:00","H Q",61844,47.89,-1.08,0.00
"11/20/2012 07:15:00","HUD VL",61758,52.30,3.33,0.00
"11/20/2012 07:15:00","LONGIL",61762,54.45,5.48,0.00
"11/20/2012 07:15:00","MHK VL",61756,51.12,2.15,0.00
"11/20/2012 07:15:00","MILLWD",61759,52.25,3.28,0.00
"11/20/2012 07:15:00","N.Y.C.",61761,52.15,3.18,0.00
"11/20/2012 07:15:00","NORTH",61755,47.99,-0.98,0.00
"11/20/2012 07:15:00","NPX",61845,194.41,1.33,-148.58
"11/20/2012 07:15:00","O H",61846,45.39,-3.57,0.00
"11/20/2012 07:15:00","PJM",61847,48.28,-0.69,0.00
"11/20/2012 07:15:00","WEST",61752,46.18,-2.79,0.00
"11/20/2012 07:20:00","CAPITL",61757,50.67,1.76,0.00
"11/20/2012 07:20:00","CENTRL",61754,49.80,0.88,0.00
"11/20/2012 07:20:00","DUNWOD",61760,52.00,3.08,0.00
"11/20/2012 07:20:00","GENESE",61753,49.26,0.34,0.00
"11/20/2012 07:20:00","H Q",61844,47.84,-1.08,0.00
"11/20/2012 07:20:00","HUD VL",61758,52.19,3.28,0.00
"11/20/2012 07:20:00","LONGIL",61762,54.34,5.43,0.00
"11/20/2012 07:20:00","MHK VL",61756,51.06,2.15,0.00
"11/20/2012 07:20:00","MILLWD",61759,52.14,3.23,0.00
"11/20/2012 07:20:00","N.Y.C.",61761,52.05,3.13,0.00
"11/20/2012 07:20:00","NORTH",61755,47.98,-0.93,0.00
"11/20/2012 07:20:00","NPX",61845,50.42,1.47,0.00
"11/20/2012 07:20:00","O H",61846,45.35,-3.57,0.00
"11/20/2012 07:20:00","PJM",61847,48.13,-0.78,0.00
"11/20/2012 07:20:00","WEST",61752,46.13,-2.79,0.00
"11/20/2012 07:25:00","CAPITL",61757,50.89,1.82,0.00
"11/20/2012 07:25:00","CENTRL",61754,49.91,0.83,0.00
"11/20/2012 07:25:00","DUNWOD",61760,52.22,3.14,0.00
"11/20/2012 07:25:00","GENESE",61753,49.32,0.25,0.00
"11/20/2012 07:25:00","H Q",61844,47.99,-1.08,0.00
"11/20/2012 07:25:00","HUD VL",61758,52.41,3.34,0.00
"11/20/2012 07:25:00","LONGIL",61762,54.57,5.49,0.00
"11/20/2012 07:25:00","MHK VL",61756,51.23,2.16,0.00
"11/20/2012 07:25:00","MILLWD",61759,52.36,3.29,0.00
"11/20/2012 07:25:00","N.Y.C.",61761,52.22,3.14,0.00
"11/20/2012 07:25:00","NORTH",61755,48.14,-0.93,0.00
"11/20/2012 07:25:00","NPX",61845,50.42,1.47,0.00
"11/20/2012 07:25:00","O H",61846,45.34,-3.73,0.00
"11/20/2012 07:25:00","PJM",61847,48.29,-0.79,0.00
"11/20/2012 07:25:00","WEST",61752,46.13,-2.94,0.00
"11/20/2012 07:30:00","CAPITL",61757,50.95,1.82,0.00
"11/20/2012 07:30:00","CENTRL",61754,50.01,0.89,0.00
"11/20/2012 07:30:00","DUNWOD",61760,52.22,3.10,0.00
"11/20/2012 07:30:00","GENESE",61753,49.37,0.25,0.00
"11/20/2012 07:30:00","H Q",61844,48.05,-1.08,0.00
"11/20/2012 07:30:00","HUD VL",61758,52.42,3.29,0.00
"11/20/2012 07:30:00","LONGIL",61762,54.53,5.40,0.00
"11/20/2012 07:30:00","MHK VL",61756,51.29,2.16,0.00
"11/20/2012 07:30:00","MILLWD",61759,52.37,3.24,0.00
"11/20/2012 07:30:00","N.Y.C.",61761,52.17,3.05,0.00
"11/20/2012 07:30:00","NORTH",61755,48.19,-0.93,0.00
"11/20/2012 07:30:00","NPX",61845,50.42,1.47,0.00
"11/20/2012 07:30:00","O H",61846,45.44,-3.69,0.00
"11/20/2012 07:30:00","PJM",61847,48.34,-0.79,0.00
"11/20/2012 07:30:00","WEST",61752,46.18,-2.95,0.00
"11/20/2012 07:35:00","CAPITL",61757,50.95,1.82,0.00
"11/20/2012 07:35:00","CENTRL",61754,49.96,0.83,0.00
"11/20/2012 07:35:00","DUNWOD",61760,52.22,3.10,0.00
"11/20/2012 07:35:00","GENESE",61753,49.32,0.20,0.00
"11/20/2012 07:35:00","H Q",61844,48.05,-1.08,0.00
"11/20/2012 07:35:00","HUD VL",61758,52.47,3.34,0.00
"11/20/2012 07:35:00","LONGIL",61762,54.63,5.50,0.00
"11/20/2012 07:35:00","MHK VL",61756,51.29,2.16,0.00
"11/20/2012 07:35:00","MILLWD",61759,52.42,3.29,0.00
"11/20/2012 07:35:00","N.Y.C.",61761,52.27,3.15,0.00
"11/20/2012 07:35:00","NORTH",61755,48.19,-0.93,0.00
"11/20/2012 07:35:00","NPX",61845,50.91,1.48,0.00
"11/20/2012 07:35:00","O H",61846,45.34,-3.78,0.00
"11/20/2012 07:35:00","PJM",61847,48.24,-0.88,0.00
"11/20/2012 07:35:00","WEST",61752,46.13,-3.00,0.00
"11/20/2012 07:40:00","CAPITL",61757,51.07,1.82,0.00
"11/20/2012 07:40:00","CENTRL",61754,50.09,0.84,0.00
"11/20/2012 07:40:00","DUNWOD",61760,52.40,3.15,0.00
"11/20/2012 07:40:00","GENESE",61753,49.45,0.20,0.00
"11/20/2012 07:40:00","H Q",61844,48.17,-1.08,0.00
"11/20/2012 07:40:00","HUD VL",61758,52.60,3.35,0.00
"11/20/2012 07:40:00","LONGIL",61762,54.76,5.51,0.00
"11/20/2012 07:40:00","MHK VL",61756,51.41,2.16,0.00
"11/20/2012 07:40:00","MILLWD",61759,52.55,3.30,0.00
"11/20/2012 07:40:00","N.Y.C.",61761,52.40,3.15,0.00
"11/20/2012 07:40:00","NORTH",61755,48.31,-0.94,0.00
"11/20/2012 07:40:00","NPX",61845,50.91,1.48,0.00
"11/20/2012 07:40:00","O H",61846,45.46,-3.79,0.00
"11/20/2012 07:40:00","PJM",61847,48.41,-0.84,0.00
"11/20/2012 07:40:00","WEST",61752,46.20,-3.05,0.00
"11/20/2012 07:45:00","CAPITL",61757,51.22,1.83,0.00
"11/20/2012 07:45:00","CENTRL",61754,50.29,0.89,0.00
"11/20/2012 07:45:00","DUNWOD",61760,52.51,3.11,0.00
"11/20/2012 07:45:00","GENESE",61753,49.64,0.25,0.00
"11/20/2012 07:45:00","H Q",61844,48.31,-1.09,0.00
"11/20/2012 07:45:00","HUD VL",61758,52.76,3.36,0.00
"11/20/2012 07:45:00","LONGIL",61762,54.83,5.43,0.00
"11/20/2012 07:45:00","MHK VL",61756,51.57,2.17,0.00
"11/20/2012 07:45:00","MILLWD",61759,52.71,3.31,0.00
"11/20/2012 07:45:00","N.Y.C.",61761,52.51,3.11,0.00
"11/20/2012 07:45:00","NORTH",61755,48.41,-0.99,0.00
"11/20/2012 07:45:00","NPX",61845,50.91,1.48,0.00
"11/20/2012 07:45:00","O H",61846,45.69,-3.71,0.00
"11/20/2012 07:45:00","PJM",61847,48.70,-0.69,0.00
"11/20/2012 07:45:00","WEST",61752,46.48,-2.91,0.00
"11/20/2012 07:50:00","CAPITL",61757,51.22,1.83,0.00
"11/20/2012 07:50:00","CENTRL",61754,50.28,0.89,0.00
"11/20/2012 07:50:00","DUNWOD",61760,52.55,3.16,0.00
"11/20/2012 07:50:00","GENESE",61753,49.59,0.20,0.00
"11/20/2012 07:50:00","H Q",61844,48.30,-1.09,0.00
"11/20/2012 07:50:00","HUD VL",61758,52.79,3.41,0.00
"11/20/2012 07:50:00","LONGIL",61762,54.82,5.43,0.00
"11/20/2012 07:50:00","MHK VL",61756,51.56,2.17,0.00
"11/20/2012 07:50:00","MILLWD",61759,52.75,3.36,0.00
"11/20/2012 07:50:00","N.Y.C.",61761,52.60,3.21,0.00
"11/20/2012 07:50:00","NORTH",61755,48.40,-0.99,0.00
"11/20/2012 07:50:00","NPX",61845,60.25,1.75,0.00
"11/20/2012 07:50:00","O H",61846,45.63,-3.76,0.00
"11/20/2012 07:50:00","PJM",61847,48.65,-0.74,0.00
"11/20/2012 07:50:00","WEST",61752,46.43,-2.96,0.00
"11/20/2012 07:55:00","CAPITL",61757,51.90,1.85,0.00
"11/20/2012 07:55:00","CENTRL",61754,51.00,0.95,0.00
"11/20/2012 07:55:00","DUNWOD",61760,53.30,3.25,0.00
"11/20/2012 07:55:00","GENESE",61753,50.25,0.20,0.00
"11/20/2012 07:55:00","H Q",61844,48.90,-1.15,0.00
"11/20/2012 07:55:00","HUD VL",61758,53.55,3.50,0.00
"11/20/2012 07:55:00","LONGIL",61762,55.65,5.60,0.00
"11/20/2012 07:55:00","MHK VL",61756,52.30,2.25,0.00
"11/20/2012 07:55:00","MILLWD",61759,53.50,3.45,0.00
"11/20/2012 07:55:00","N.Y.C.",61761,53.35,3.30,0.00
"11/20/2012 07:55:00","NORTH",61755,49.05,-1.00,0.00
"11/20/2012 07:55:00","NPX",61845,60.25,1.75,0.00
"11/20/2012 07:55:00","O H",61846,46.29,-3.75,0.00
"11/20/2012 07:55:00","PJM",61847,49.45,-0.60,0.00
"11/20/2012 07:55:00","WEST",61752,47.05,-3.00,0.00
"11/20/2012 08:00:00","CAPITL",61757,46.26,1.86,0.00
"11/20/2012 08:00:00","CENTRL",61754,45.02,0.62,0.00
"11/20/2012 08:00:00","DUNWOD",61760,47.59,3.20,0.00
"11/20/2012 08:00:00","GENESE",61753,44.18,-0.22,0.00
"11/20/2012 08:00:00","H Q",61844,43.38,-1.02,0.00
"11/20/2012 08:00:00","HUD VL",61758,47.73,3.33,0.00
"11/20/2012 08:00:00","LONGIL",61762,49.77,5.37,0.00
"11/20/2012 08:00:00","MHK VL",61756,46.40,2.00,0.00
"11/20/2012 08:00:00","MILLWD",61759,47.73,3.33,0.00
"11/20/2012 08:00:00","N.Y.C.",61761,47.68,3.29,0.00
"11/20/2012 08:00:00","NORTH",61755,43.46,-0.93,0.00
"11/20/2012 08:00:00","NPX",61845,60.25,1.75,0.00
"11/20/2012 08:00:00","O H",61846,40.44,-3.95,0.00
"11/20/2012 08:00:00","PJM",61847,43.60,-0.80,0.00
"11/20/2012 08:00:00","WEST",61752,41.11,-3.28,0.00
"11/20/2012 08:05:00","CAPITL",61757,45.04,1.82,0.00
"11/20/2012 08:05:00","CENTRL",61754,43.70,0.48,0.00
"11/20/2012 08:05:00","DUNWOD",61760,46.47,3.24,0.00
"11/20/2012 08:05:00","GENESE",61753,42.93,-0.30,0.00
"11/20/2012 08:05:00","H Q",61844,42.28,-0.95,0.00
"11/20/2012 08:05:00","HUD VL",61758,46.56,3.33,0.00
"11/20/2012 08:05:00","LONGIL",61762,48.65,5.40,-0.02
"11/20/2012 08:05:00","MHK VL",61756,45.13,1.90,0.00
"11/20/2012 08:05:00","MILLWD",61759,46.56,3.33,0.00
"11/20/2012 08:05:00","N.Y.C.",61761,46.51,3.28,0.00
"11/20/2012 08:05:00","NORTH",61755,42.32,-0.91,0.00
"11/20/2012 08:05:00","NPX",61845,67.09,1.61,-20.66
"11/20/2012 08:05:00","O H",61846,39.21,-4.02,0.00
"11/20/2012 08:05:00","PJM",61847,42.23,-0.99,0.00
"11/20/2012 08:05:00","WEST",61752,39.81,-3.42,0.00
"11/20/2012 08:10:00","CAPITL",61757,46.11,1.82,0.00
"11/20/2012 08:10:00","CENTRL",61754,44.83,0.53,0.00
"11/20/2012 08:10:00","DUNWOD",61760,47.49,3.19,0.00
"11/20/2012 08:10:00","GENESE",61753,44.12,-0.18,0.00
"11/20/2012 08:10:00","H Q",61844,43.32,-0.97,0.00
"11/20/2012 08:10:00","HUD VL",61758,47.62,3.32,0.00
"11/20/2012 08:10:00","LONGIL",61762,49.70,5.40,0.00
"11/20/2012 08:10:00","MHK VL",61756,46.24,1.95,0.00
"11/20/2012 08:10:00","MILLWD",61759,47.62,3.32,0.00
"11/20/2012 08:10:00","N.Y.C.",61761,47.57,3.28,0.00
"11/20/2012 08:10:00","NORTH",61755,43.45,-0.84,0.00
"11/20/2012 08:10:00","NPX",61845,67.09,1.61,-20.66
"11/20/2012 08:10:00","O H",61846,40.35,-3.94,0.00
"11/20/2012 08:10:00","PJM",61847,43.32,-0.97,0.00
"11/20/2012 08:10:00","WEST",61752,40.97,-3.32,0.00
"11/20/2012 08:15:00","CAPITL",61757,45.87,1.72,0.00
"11/20/2012 08:15:00","CENTRL",61754,44.68,0.53,0.00
"11/20/2012 08:15:00","DUNWOD",61760,47.24,3.09,0.00
"11/20/2012 08:15:00","GENESE",61753,43.98,-0.18,0.00
"11/20/2012 08:15:00","H Q",61844,43.22,-0.93,0.00
"11/20/2012 08:15:00","HUD VL",61758,47.37,3.22,0.00
"11/20/2012 08:15:00","LONGIL",61762,49.40,5.25,0.00
"11/20/2012 08:15:00","MHK VL",61756,46.09,1.94,0.00
"11/20/2012 08:15:00","MILLWD",61759,47.37,3.22,0.00
"11/20/2012 08:15:00","N.Y.C.",61761,47.33,3.18,0.00
"11/20/2012 08:15:00","NORTH",61755,43.40,-0.75,0.00
"11/20/2012 08:15:00","NPX",61845,67.09,1.61,-20.66
"11/20/2012 08:15:00","O H",61846,40.35,-3.80,0.00
"11/20/2012 08:15:00","PJM",61847,43.22,-0.93,0.00
"11/20/2012 08:15:00","WEST",61752,41.06,-3.09,0.00
"11/20/2012 08:20:00","CAPITL",61757,45.98,1.68,0.00
"11/20/2012 08:20:00","CENTRL",61754,44.78,0.49,0.00
"11/20/2012 08:20:00","DUNWOD",61760,47.44,3.15,0.00
"11/20/2012 08:20:00","GENESE",61753,44.08,-0.22,0.00
"11/20/2012 08:20:00","H Q",61844,43.36,-0.93,0.00
"11/20/2012 08:20:00","HUD VL",61758,47.53,3.23,0.00
"11/20/2012 08:20:00","LONGIL",61762,49.56,5.27,0.00
"11/20/2012 08:20:00","MHK VL",61756,46.24,1.95,0.00
"11/20/2012 08:20:00","MILLWD",61759,47.53,3.23,0.00
"11/20/2012 08:20:00","N.Y.C.",61761,47.53,3.23,0.00
"11/20/2012 08:20:00","NORTH",61755,43.59,-0.71,0.00
"11/20/2012 08:20:00","NPX",61845,90.60,1.69,-41.77
"11/20/2012 08:20:00","O H",61846,40.35,-3.94,0.00
"11/20/2012 08:20:00","PJM",61847,43.32,-0.97,0.00
"11/20/2012 08:20:00","WEST",61752,41.06,-3.23,0.00
"11/20/2012 08:25:00","CAPITL",61757,46.75,1.75,0.00
"11/20/2012 08:25:00","CENTRL",61754,45.49,0.50,0.00
"11/20/2012 08:25:00","DUNWOD",61760,48.10,3.10,0.00
"11/20/2012 08:25:00","GENESE",61753,44.81,-0.18,0.00
"11/20/2012 08:25:00","H Q",61844,44.05,-0.95,0.00
"11/20/2012 08:25:00","HUD VL",61758,48.24,3.24,0.00
"11/20/2012 08:25:00","LONGIL",61762,50.30,5.31,0.00
"11/20/2012 08:25:00","MHK VL",61756,47.02,2.03,0.00
"11/20/2012 08:25:00","MILLWD",61759,48.24,3.24,0.00
"11/20/2012 08:25:00","N.Y.C.",61761,48.19,3.19,0.00
"11/20/2012 08:25:00","NORTH",61755,44.27,-0.72,0.00
"11/20/2012 08:25:00","NPX",61845,90.60,1.69,-41.77
"11/20/2012 08:25:00","O H",61846,41.03,-3.96,0.00
"11/20/2012 08:25:00","PJM",61847,44.00,-0.99,0.00
"11/20/2012 08:25:00","WEST",61752,41.75,-3.24,0.00
"11/20/2012 08:30:00","CAPITL",61757,46.52,1.70,0.00
"11/20/2012 08:30:00","CENTRL",61754,45.40,0.58,0.00
"11/20/2012 08:30:00","DUNWOD",61760,47.95,3.14,0.00
"11/20/2012 08:30:00","GENESE",61753,44.64,-0.18,0.00
"11/20/2012 08:30:00","H Q",61844,43.87,-0.94,0.00
"11/20/2012 08:30:00","HUD VL",61758,48.09,3.27,0.00
"11/20/2012 08:30:00","LONGIL",61762,50.19,5.38,0.00
"11/20/2012 08:30:00","MHK VL",61756,46.84,2.02,0.00
"11/20/2012 08:30:00","MILLWD",61759,48.09,3.27,0.00
"11/20/2012 08:30:00","N.Y.C.",61761,48.09,3.27,0.00
"11/20/2012 08:30:00","NORTH",61755,44.06,-0.76,0.00
"11/20/2012 08:30:00","NPX",61845,90.60,1.69,-41.77
"11/20/2012 08:30:00","O H",61846,40.92,-3.90,0.00
"11/20/2012 08:30:00","PJM",61847,43.96,-0.85,0.00
"11/20/2012 08:30:00","WEST",61752,41.64,-3.18,0.00
"11/20/2012 08:35:00","CAPITL",61757,46.52,1.66,0.00
"11/20/2012 08:35:00","CENTRL",61754,45.44,0.58,0.00
"11/20/2012 08:35:00","DUNWOD",61760,48.00,3.14,0.00
"11/20/2012 08:35:00","GENESE",61753,44.73,-0.13,0.00
"11/20/2012 08:35:00","H Q",61844,43.92,-0.94,0.00
"11/20/2012 08:35:00","HUD VL",61758,48.09,3.23,0.00
"11/20/2012 08:35:00","LONGIL",61762,50.20,5.34,0.00
"11/20/2012 08:35:00","MHK VL",61756,46.93,2.06,0.00
"11/20/2012 08:35:00","MILLWD",61759,48.13,3.27,0.00
"11/20/2012 08:35:00","N.Y.C.",61761,48.09,3.23,0.00
"11/20/2012 08:35:00","NORTH",61755,44.10,-0.76,0.00
"11/20/2012 08:35:00","NPX",61845,50.85,1.82,0.00
"11/20/2012 08:35:00","O H",61846,41.05,-3.81,0.00
"11/20/2012 08:35:00","PJM",61847,44.05,-0.81,0.00
"11/20/2012 08:35:00","WEST",61752,41.77,-3.09,0.00
"11/20/2012 08:40:00","CAPITL",61757,46.43,1.57,0.00
"11/20/2012 08:40:00","CENTRL",61754,45.53,0.67,0.00
"11/20/2012 08:40:00","DUNWOD",61760,48.00,3.14,0.00
"11/20/2012 08:40:00","GENESE",61753,44.82,-0.04,0.00
"11/20/2012 08:40:00","H Q",61844,43.92,-0.94,0.00
"11/20/2012 08:40:00","HUD VL",61758,48.09,3.23,0.00
"11/20/2012 08:40:00","LONGIL",61762,50.15,5.29,0.00
"11/20/2012 08:40:00","MHK VL",61756,46.93,2.06,0.00
"11/20/2012 08:40:00","MILLWD",61759,48.13,3.27,0.00
"11/20/2012 08:40:00","N.Y.C.",61761,48.09,3.23,0.00
"11/20/2012 08:40:00","NORTH",61755,44.10,-0.76,0.00
"11/20/2012 08:40:00","NPX",61845,50.85,1.82,0.00
"11/20/2012 08:40:00","O H",61846,41.18,-3.68,0.00
"11/20/2012 08:40:00","PJM",61847,44.19,-0.67,0.00
"11/20/2012 08:40:00","WEST",61752,41.90,-2.96,0.00
"11/20/2012 08:45:00","CAPITL",61757,46.19,1.52,0.00
"11/20/2012 08:45:00","CENTRL",61754,45.38,0.71,0.00
"11/20/2012 08:45:00","DUNWOD",61760,47.79,3.13,0.00
"11/20/2012 08:45:00","GENESE",61753,44.62,-0.04,0.00
"11/20/2012 08:45:00","H Q",61844,43.73,-0.94,0.00
"11/20/2012 08:45:00","HUD VL",61758,47.89,3.22,0.00
"11/20/2012 08:45:00","LONGIL",61762,49.94,5.27,0.00
"11/20/2012 08:45:00","MHK VL",61756,46.72,2.06,0.00
"11/20/2012 08:45:00","MILLWD",61759,47.89,3.22,0.00
"11/20/2012 08:45:00","N.Y.C.",61761,47.89,3.22,0.00
"11/20/2012 08:45:00","NORTH",61755,43.95,-0.72,0.00
"11/20/2012 08:45:00","NPX",61845,50.85,1.82,0.00
"11/20/2012 08:45:00","O H",61846,41.09,-3.58,0.00
"11/20/2012 08:45:00","PJM",61847,44.04,-0.63,0.00
"11/20/2012 08:45:00","WEST",61752,41.81,-2.86,0.00
"11/20/2012 08:50:00","CAPITL",61757,46.30,1.52,0.00
"11/20/2012 08:50:00","CENTRL",61754,45.45,0.67,0.00
"11/20/2012 08:50:00","DUNWOD",61760,47.95,3.18,0.00
"11/20/2012 08:50:00","GENESE",61753,44.69,-0.09,0.00
"11/20/2012 08:50:00","H Q",61844,43.83,-0.94,0.00
"11/20/2012 08:50:00","HUD VL",61758,48.04,3.27,0.00
"11/20/2012 08:50:00","LONGIL",61762,50.17,5.37,-0.02
"11/20/2012 08:50:00","MHK VL",61756,46.84,2.06,0.00
"11/20/2012 08:50:00","MILLWD",61759,48.04,3.27,0.00
"11/20/2012 08:50:00","N.Y.C.",61761,48.09,3.31,0.00
"11/20/2012 08:50:00","NORTH",61755,44.06,-0.72,0.00
"11/20/2012 08:50:00","NPX",61845,51.46,1.84,0.00
"11/20/2012 08:50:00","O H",61846,41.06,-3.72,0.00
"11/20/2012 08:50:00","PJM",61847,44.06,-0.72,0.00
"11/20/2012 08:50:00","WEST",61752,41.77,-3.00,0.00
"11/20/2012 08:55:00","CAPITL",61757,46.30,1.52,0.00
"11/20/2012 08:55:00","CENTRL",61754,45.49,0.71,0.00
"11/20/2012 08:55:00","DUNWOD",61760,47.91,3.13,0.00
"11/20/2012 08:55:00","GENESE",61753,44.73,-0.04,0.00
"11/20/2012 08:55:00","H Q",61844,43.83,-0.94,0.00
"11/20/2012 08:55:00","HUD VL",61758,48.00,3.23,0.00
"11/20/2012 08:55:00","LONGIL",61762,50.14,5.37,0.00
"11/20/2012 08:55:00","MHK VL",61756,46.84,2.06,0.00
"11/20/2012 08:55:00","MILLWD",61759,48.04,3.27,0.00
"11/20/2012 08:55:00","N.Y.C.",61761,48.04,3.27,0.00
"11/20/2012 08:55:00","NORTH",61755,44.06,-0.72,0.00
"11/20/2012 08:55:00","NPX",61845,51.46,1.84,0.00
"11/20/2012 08:55:00","O H",61846,41.15,-3.63,0.00
"11/20/2012 08:55:00","PJM",61847,44.10,-0.67,0.00
"11/20/2012 08:55:00","WEST",61752,41.86,-2.91,0.00
"11/20/2012 09:00:00","CAPITL",61757,46.06,1.52,0.00
"11/20/2012 09:00:00","CENTRL",61754,45.12,0.58,0.00
"11/20/2012 09:00:00","DUNWOD",61760,47.75,3.21,0.00
"11/20/2012 09:00:00","GENESE",61753,44.45,-0.09,0.00
"11/20/2012 09:00:00","H Q",61844,43.61,-0.94,0.00
"11/20/2012 09:00:00","HUD VL",61758,47.79,3.25,0.00
"11/20/2012 09:00:00","LONGIL",61762,53.32,5.39,-3.39
"11/20/2012 09:00:00","MHK VL",61756,46.55,2.01,0.00
"11/20/2012 09:00:00","MILLWD",61759,47.84,3.30,0.00
"11/20/2012 09:00:00","N.Y.C.",61761,47.93,3.38,0.00
"11/20/2012 09:00:00","NORTH",61755,43.83,-0.71,0.00
"11/20/2012 09:00:00","NPX",61845,51.46,1.84,0.00
"11/20/2012 09:00:00","O H",61846,40.80,-3.74,0.00
"11/20/2012 09:00:00","PJM",61847,43.74,-0.80,0.00
"11/20/2012 09:00:00","WEST",61752,41.51,-3.03,0.00
"11/20/2012 09:05:00","CAPITL",61757,43.51,1.43,0.00
"11/20/2012 09:05:00","CENTRL",61754,42.54,0.46,0.00
"11/20/2012 09:05:00","DUNWOD",61760,45.20,3.11,0.00
"11/20/2012 09:05:00","GENESE",61753,41.87,-0.21,0.00
"11/20/2012 09:05:00","H Q",61844,41.20,-0.89,0.00
"11/20/2012 09:05:00","HUD VL",61758,45.24,3.16,0.00
"11/20/2012 09:05:00","LONGIL",61762,53.20,5.17,-5.95
"11/20/2012 09:05:00","MHK VL",61756,43.93,1.85,0.00
"11/20/2012 09:05:00","MILLWD",61759,45.28,3.20,0.00
"11/20/2012 09:05:00","N.Y.C.",61761,45.40,3.32,0.00
"11/20/2012 09:05:00","NORTH",61755,41.41,-0.67,0.00
"11/20/2012 09:05:00","NPX",61845,135.42,1.73,-89.28
"11/20/2012 09:05:00","O H",61846,39.78,-4.62,0.01
"11/20/2012 09:05:00","PJM",61847,41.16,-0.93,0.00
"11/20/2012 09:05:00","WEST",61752,38.97,-3.11,0.00
"11/20/2012 09:10:00","CAPITL",61757,44.37,1.46,0.00
"11/20/2012 09:10:00","CENTRL",61754,43.38,0.47,0.00
"11/20/2012 09:10:00","DUNWOD",61760,46.13,3.22,0.00
"11/20/2012 09:10:00","GENESE",61753,42.70,-0.21,0.00
"11/20/2012 09:10:00","H Q",61844,42.01,-0.90,0.00
"11/20/2012 09:10:00","HUD VL",61758,46.17,3.26,0.00
"11/20/2012 09:10:00","LONGIL",61762,48.25,5.32,-0.02
"11/20/2012 09:10:00","MHK VL",61756,44.79,1.89,0.00
"11/20/2012 09:10:00","MILLWD",61759,46.21,3.30,0.00
"11/20/2012 09:10:00","N.Y.C.",61761,46.30,3.39,0.00
"11/20/2012 09:10:00","NORTH",61755,42.22,-0.69,0.00
"11/20/2012 09:10:00","NPX",61845,135.42,1.73,-89.28
"11/20/2012 09:10:00","O H",61846,39.78,-4.62,0.01
"11/20/2012 09:10:00","PJM",61847,42.01,-0.90,0.00
"11/20/2012 09:10:00","WEST",61752,39.73,-3.17,0.00
"11/20/2012 09:15:00","CAPITL",61757,45.89,1.51,0.00
"11/20/2012 09:15:00","CENTRL",61754,44.91,0.53,0.00
"11/20/2012 09:15:00","DUNWOD",61760,47.71,3.33,0.00
"11/20/2012 09:15:00","GENESE",61753,44.07,-0.31,0.00
"11/20/2012 09:15:00","H Q",61844,43.44,-0.93,0.00
"11/20/2012 09:15:00","HUD VL",61758,47.75,3.37,0.00
"11/20/2012 09:15:00","LONGIL",61762,49.90,5.50,-0.02
"11/20/2012 09:15:00","MHK VL",61756,46.33,1.95,0.00
"11/20/2012 09:15:00","MILLWD",61759,47.79,3.42,0.00
"11/20/2012 09:15:00","N.Y.C.",61761,47.88,3.50,0.00
"11/20/2012 09:15:00","NORTH",61755,43.62,-0.75,0.00
"11/20/2012 09:15:00","NPX",61845,135.42,1.73,-89.28
"11/20/2012 09:15:00","O H",61846,39.78,-4.62,0.01
"11/20/2012 09:15:00","PJM",61847,43.49,-0.89,0.00
"11/20/2012 09:15:00","WEST",61752,41.05,-3.33,0.00
"11/20/2012 09:20:00","CAPITL",61757,44.41,1.50,0.00
"11/20/2012 09:20:00","CENTRL",61754,43.47,0.56,0.00
"11/20/2012 09:20:00","DUNWOD",61760,46.13,3.22,0.00
"11/20/2012 09:20:00","GENESE",61753,42.65,-0.26,0.00
"11/20/2012 09:20:00","H Q",61844,42.01,-0.90,0.00
"11/20/2012 09:20:00","HUD VL",61758,46.08,3.18,0.00
"11/20/2012 09:20:00","LONGIL",61762,48.21,5.28,-0.02
"11/20/2012 09:20:00","MHK VL",61756,44.79,1.89,0.00
"11/20/2012 09:20:00","MILLWD",61759,46.17,3.26,0.00
"11/20/2012 09:20:00","N.Y.C.",61761,46.26,3.35,0.00
"11/20/2012 09:20:00","NORTH",61755,42.18,-0.73,0.00
"11/20/2012 09:20:00","NPX",61845,48.04,1.80,0.00
"11/20/2012 09:20:00","O H",61846,12.90,-4.81,28.53
"11/20/2012 09:20:00","PJM",61847,42.14,-0.77,0.00
"11/20/2012 09:20:00","WEST",61752,39.78,-3.13,0.00
"11/20/2012 09:25:00","CAPITL",61757,44.37,1.54,0.00
"11/20/2012 09:25:00","CENTRL",61754,43.39,0.56,0.00
"11/20/2012 09:25:00","DUNWOD",61760,46.08,3.25,0.00
"11/20/2012 09:25:00","GENESE",61753,42.58,-0.26,0.00
"11/20/2012 09:25:00","H Q",61844,41.89,-0.94,0.00
"11/20/2012 09:25:00","HUD VL",61758,46.04,3.21,0.00
"11/20/2012 09:25:00","LONGIL",61762,53.27,5.31,-5.13
"11/20/2012 09:25:00","MHK VL",61756,44.71,1.88,0.00
"11/20/2012 09:25:00","MILLWD",61759,46.13,3.30,0.00
"11/20/2012 09:25:00","N.Y.C.",61761,46.26,3.43,0.00
"11/20/2012 09:25:00","NORTH",61755,42.02,-0.82,0.00
"11/20/2012 09:25:00","NPX",61845,48.04,1.80,0.00
"11/20/2012 09:25:00","O H",61846,12.90,-4.81,28.53
"11/20/2012 09:25:00","PJM",61847,42.10,-0.73,0.00
"11/20/2012 09:25:00","WEST",61752,39.75,-3.08,0.00
"11/20/2012 09:30:00","CAPITL",61757,45.48,1.58,0.00
"11/20/2012 09:30:00","CENTRL",61754,44.43,0.53,0.00
"11/20/2012 09:30:00","DUNWOD",61760,47.29,3.38,0.00
"11/20/2012 09:30:00","GENESE",61753,43.60,-0.31,0.00
"11/20/2012 09:30:00","H Q",61844,42.94,-0.97,0.00
"11/20/2012 09:30:00","HUD VL",61758,47.24,3.34,0.00
"11/20/2012 09:30:00","LONGIL",61762,53.26,5.44,-3.91
"11/20/2012 09:30:00","MHK VL",61756,45.84,1.93,0.00
"11/20/2012 09:30:00","MILLWD",61759,47.33,3.43,0.00
"11/20/2012 09:30:00","N.Y.C.",61761,47.46,3.55,0.00
"11/20/2012 09:30:00","NORTH",61755,43.07,-0.84,0.00
"11/20/2012 09:30:00","NPX",61845,48.04,1.80,0.00
"11/20/2012 09:30:00","O H",61846,12.90,-4.81,28.53
"11/20/2012 09:30:00","PJM",61847,43.16,-0.75,0.00
"11/20/2012 09:30:00","WEST",61752,40.70,-3.20,0.00
"11/20/2012 09:35:00","CAPITL",61757,46.09,1.60,0.00
"11/20/2012 09:35:00","CENTRL",61754,45.06,0.58,0.00
"11/20/2012 09:35:00","DUNWOD",61760,47.87,3.38,0.00
"11/20/2012 09:35:00","GENESE",61753,44.22,-0.27,0.00
"11/20/2012 09:35:00","H Q",61844,43.51,-0.98,0.00
"11/20/2012 09:35:00","HUD VL",61758,47.82,3.34,0.00
"11/20/2012 09:35:00","LONGIL",61762,52.73,5.47,-2.78
"11/20/2012 09:35:00","MHK VL",61756,46.44,1.96,0.00
"11/20/2012 09:35:00","MILLWD",61759,47.91,3.43,0.00
"11/20/2012 09:35:00","N.Y.C.",61761,48.05,3.56,0.00
"11/20/2012 09:35:00","NORTH",61755,43.64,-0.85,0.00
"11/20/2012 09:35:00","NPX",61845,48.07,1.76,0.00
"11/20/2012 09:35:00","O H",61846,41.49,-4.82,0.01
"11/20/2012 09:35:00","PJM",61847,43.77,-0.71,0.00
"11/20/2012 09:35:00","WEST",61752,41.33,-3.16,0.00
"11/20/2012 09:40:00","CAPITL",61757,46.13,1.60,0.00
"11/20/2012 09:40:00","CENTRL",61754,45.15,0.62,0.00
"11/20/2012 09:40:00","DUNWOD",61760,47.87,3.34,0.00
"11/20/2012 09:40:00","GENESE",61753,44.26,-0.27,0.00
"11/20/2012 09:40:00","H Q",61844,43.55,-0.98,0.00
"11/20/2012 09:40:00","HUD VL",61758,47.87,3.34,0.00
"11/20/2012 09:40:00","LONGIL",61762,53.27,5.47,-3.27
"11/20/2012 09:40:00","MHK VL",61756,46.48,1.96,0.00
"11/20/2012 09:40:00","MILLWD",61759,47.95,3.43,0.00
"11/20/2012 09:40:00","N.Y.C.",61761,48.09,3.56,0.00
"11/20/2012 09:40:00","NORTH",61755,43.68,-0.85,0.00
"11/20/2012 09:40:00","NPX",61845,48.07,1.76,0.00
"11/20/2012 09:40:00","O H",61846,41.49,-4.82,0.01
"11/20/2012 09:40:00","PJM",61847,43.81,-0.71,0.00
"11/20/2012 09:40:00","WEST",61752,41.32,-3.21,0.00
"11/20/2012 09:45:00","CAPITL",61757,45.93,1.55,0.00
"11/20/2012 09:45:00","CENTRL",61754,44.95,0.58,0.00
"11/20/2012 09:45:00","DUNWOD",61760,47.71,3.33,0.00
"11/20/2012 09:45:00","GENESE",61753,44.20,-0.18,0.00
"11/20/2012 09:45:00","H Q",61844,43.40,-0.98,0.00
"11/20/2012 09:45:00","HUD VL",61758,47.66,3.28,0.00
"11/20/2012 09:45:00","LONGIL",61762,53.27,5.41,-3.48
"11/20/2012 09:45:00","MHK VL",61756,46.33,1.95,0.00
"11/20/2012 09:45:00","MILLWD",61759,47.79,3.42,0.00
"11/20/2012 09:45:00","N.Y.C.",61761,47.88,3.50,0.00
"11/20/2012 09:45:00","NORTH",61755,43.53,-0.84,0.00
"11/20/2012 09:45:00","NPX",61845,48.07,1.76,0.00
"11/20/2012 09:45:00","O H",61846,41.49,-4.82,0.01
"11/20/2012 09:45:00","PJM",61847,43.53,-0.84,0.00
"11/20/2012 09:45:00","WEST",61752,41.23,-3.15,0.00
"11/20/2012 09:50:00","CAPITL",61757,43.59,1.51,0.00
"11/20/2012 09:50:00","CENTRL",61754,42.59,0.51,0.00
"11/20/2012 09:50:00","DUNWOD",61760,45.32,3.24,0.00
"11/20/2012 09:50:00","GENESE",61753,41.87,-0.21,0.00
"11/20/2012 09:50:00","H Q",61844,41.20,-0.89,0.00
"11/20/2012 09:50:00","HUD VL",61758,45.28,3.20,0.00
"11/20/2012 09:50:00","LONGIL",61762,53.82,5.22,-6.52
"11/20/2012 09:50:00","MHK VL",61756,43.89,1.81,0.00
"11/20/2012 09:50:00","MILLWD",61759,45.37,3.28,0.00
"11/20/2012 09:50:00","N.Y.C.",61761,45.49,3.41,0.00
"11/20/2012 09:50:00","NORTH",61755,41.32,-0.76,0.00
"11/20/2012 09:50:00","NPX",61845,48.48,1.77,0.00
"11/20/2012 09:50:00","O H",61846,41.84,-4.86,0.01
"11/20/2012 09:50:00","PJM",61847,41.28,-0.80,0.00
"11/20/2012 09:50:00","WEST",61752,39.05,-3.03,0.00
"11/20/2012 09:55:00","CAPITL",61757,45.12,1.57,0.00
"11/20/2012 09:55:00","CENTRL",61754,44.08,0.52,0.00
"11/20/2012 09:55:00","DUNWOD",61760,46.95,3.40,0.00
"11/20/2012 09:55:00","GENESE",61753,43.29,-0.26,0.00
"11/20/2012 09:55:00","H Q",61844,42.59,-0.96,0.00
"11/20/2012 09:55:00","HUD VL",61758,46.86,3.31,0.00
"11/20/2012 09:55:00","LONGIL",61762,53.29,5.44,-4.30
"11/20/2012 09:55:00","MHK VL",61756,45.42,1.87,0.00
"11/20/2012 09:55:00","MILLWD",61759,46.99,3.44,0.00
"11/20/2012 09:55:00","N.Y.C.",61761,47.17,3.61,0.00
"11/20/2012 09:55:00","NORTH",61755,42.72,-0.83,0.00
"11/20/2012 09:55:00","NPX",61845,48.48,1.77,0.00
"11/20/2012 09:55:00","O H",61846,41.84,-4.86,0.01
"11/20/2012 09:55:00","PJM",61847,42.77,-0.78,0.00
"11/20/2012 09:55:00","WEST",61752,40.33,-3.22,0.00
"11/20/2012 10:00:00","CAPITL",61757,46.22,1.65,0.00
"11/20/2012 10:00:00","CENTRL",61754,45.19,0.62,0.00
"11/20/2012 10:00:00","DUNWOD",61760,47.91,3.34,0.00
"11/20/2012 10:00:00","GENESE",61753,44.39,-0.18,0.00
"11/20/2012 10:00:00","H Q",61844,43.59,-0.98,0.00
"11/20/2012 10:00:00","HUD VL",61758,47.87,3.30,0.00
"11/20/2012 10:00:00","LONGIL",61762,73.28,5.39,-23.32
"11/20/2012 10:00:00","MHK VL",61756,46.48,1.92,0.00
"11/20/2012 10:00:00","MILLWD",61759,48.00,3.43,0.00
"11/20/2012 10:00:00","N.Y.C.",61761,48.09,3.52,0.00
"11/20/2012 10:00:00","NORTH",61755,43.77,-0.80,0.00
"11/20/2012 10:00:00","NPX",61845,48.48,1.77,0.00
"11/20/2012 10:00:00","O H",61846,41.84,-4.86,0.01
"11/20/2012 10:00:00","PJM",61847,43.85,-0.71,0.00
"11/20/2012 10:00:00","WEST",61752,41.49,-3.07,0.00
"11/20/2012 10:05:00","CAPITL",61757,45.90,1.64,0.00
"11/20/2012 10:05:00","CENTRL",61754,44.88,0.62,0.00
"11/20/2012 10:05:00","DUNWOD",61760,47.62,3.36,0.00
"11/20/2012 10:05:00","GENESE",61753,44.08,-0.18,0.00
"11/20/2012 10:05:00","H Q",61844,43.33,-0.93,0.00
"11/20/2012 10:05:00","HUD VL",61758,47.58,3.32,0.00
"11/20/2012 10:05:00","LONGIL",61762,73.27,5.40,-23.61
"11/20/2012 10:05:00","MHK VL",61756,46.16,1.90,0.00
"11/20/2012 10:05:00","MILLWD",61759,47.71,3.45,0.00
"11/20/2012 10:05:00","N.Y.C.",61761,47.84,3.58,0.00
"11/20/2012 10:05:00","NORTH",61755,43.46,-0.80,0.00
"11/20/2012 10:05:00","NPX",61845,122.44,1.55,-75.37
"11/20/2012 10:05:00","O H",61846,41.43,-4.10,0.00
"11/20/2012 10:05:00","PJM",61847,43.55,-0.71,0.00
"11/20/2012 10:05:00","WEST",61752,41.20,-3.05,0.00
"11/20/2012 10:10:00","CAPITL",61757,46.13,1.65,0.00
"11/20/2012 10:10:00","CENTRL",61754,45.06,0.58,0.00
"11/20/2012 10:10:00","DUNWOD",61760,47.87,3.38,0.00
"11/20/2012 10:10:00","GENESE",61753,44.31,-0.18,0.00
"11/20/2012 10:10:00","H Q",61844,43.55,-0.94,0.00
"11/20/2012 10:10:00","HUD VL",61758,47.82,3.34,0.00
"11/20/2012 10:10:00","LONGIL",61762,73.73,5.47,-23.78
"11/20/2012 10:10:00","MHK VL",61756,46.40,1.91,0.00
"11/20/2012 10:10:00","MILLWD",61759,47.96,3.47,0.00
"11/20/2012 10:10:00","N.Y.C.",61761,48.09,3.60,0.00
"11/20/2012 10:10:00","NORTH",61755,43.69,-0.80,0.00
"11/20/2012 10:10:00","NPX",61845,122.44,1.55,-75.37
"11/20/2012 10:10:00","O H",61846,41.43,-4.10,0.00
"11/20/2012 10:10:00","PJM",61847,43.73,-0.76,0.00
"11/20/2012 10:10:00","WEST",61752,41.37,-3.12,0.00
"11/20/2012 10:15:00","CAPITL",61757,45.85,1.59,0.00
"11/20/2012 10:15:00","CENTRL",61754,44.79,0.53,0.00
"11/20/2012 10:15:00","DUNWOD",61760,47.62,3.36,0.00
"11/20/2012 10:15:00","GENESE",61753,44.08,-0.18,0.00
"11/20/2012 10:15:00","H Q",61844,43.33,-0.93,0.00
"11/20/2012 10:15:00","HUD VL",61758,47.58,3.32,0.00
"11/20/2012 10:15:00","LONGIL",61762,73.27,5.44,-23.57
"11/20/2012 10:15:00","MHK VL",61756,46.12,1.86,0.00
"11/20/2012 10:15:00","MILLWD",61759,47.71,3.45,0.00
"11/20/2012 10:15:00","N.Y.C.",61761,47.84,3.58,0.00
"11/20/2012 10:15:00","NORTH",61755,43.50,-0.75,0.00
"11/20/2012 10:15:00","NPX",61845,122.44,1.55,-75.37
"11/20/2012 10:15:00","O H",61846,41.43,-4.10,0.00
"11/20/2012 10:15:00","PJM",61847,43.41,-0.84,0.00
"11/20/2012 10:15:00","WEST",61752,41.07,-3.19,0.00
"11/20/2012 10:20:00","CAPITL",61757,45.85,1.59,0.00
"11/20/2012 10:20:00","CENTRL",61754,44.79,0.53,0.00
"11/20/2012 10:20:00","DUNWOD",61760,47.66,3.41,0.00
"11/20/2012 10:20:00","GENESE",61753,44.04,-0.22,0.00
"11/20/2012 10:20:00","H Q",61844,43.33,-0.93,0.00
"11/20/2012 10:20:00","HUD VL",61758,47.58,3.32,0.00
"11/20/2012 10:20:00","LONGIL",61762,73.27,5.44,-23.57
"11/20/2012 10:20:00","MHK VL",61756,46.12,1.86,0.00
"11/20/2012 10:20:00","MILLWD",61759,47.71,3.45,0.00
"11/20/2012 10:20:00","N.Y.C.",61761,47.84,3.58,0.00
"11/20/2012 10:20:00","NORTH",61755,43.50,-0.75,0.00
"11/20/2012 10:20:00","NPX",61845,47.48,1.56,0.00
"11/20/2012 10:20:00","O H",61846,10.77,-4.09,31.06
"11/20/2012 10:20:00","PJM",61847,43.41,-0.84,0.00
"11/20/2012 10:20:00","WEST",61752,41.03,-3.23,0.00
"11/20/2012 10:25:00","CAPITL",61757,45.85,1.59,0.00
"11/20/2012 10:25:00","CENTRL",61754,44.79,0.53,0.00
"11/20/2012 10:25:00","DUNWOD",61760,47.66,3.41,0.00
"11/20/2012 10:25:00","GENESE",61753,44.04,-0.22,0.00
"11/20/2012 10:25:00","H Q",61844,43.33,-0.93,0.00
"11/20/2012 10:25:00","HUD VL",61758,47.58,3.32,0.00
"11/20/2012 10:25:00","LONGIL",61762,73.27,5.44,-23.57
"11/20/2012 10:25:00","MHK VL",61756,46.12,1.86,0.00
"11/20/2012 10:25:00","MILLWD",61759,47.71,3.45,0.00
"11/20/2012 10:25:00","N.Y.C.",61761,47.84,3.58,0.00
"11/20/2012 10:25:00","NORTH",61755,43.46,-0.80,0.00
"11/20/2012 10:25:00","NPX",61845,47.48,1.56,0.00
"11/20/2012 10:25:00","O H",61846,10.77,-4.09,31.06
"11/20/2012 10:25:00","PJM",61847,43.46,-0.80,0.00
"11/20/2012 10:25:00","WEST",61752,41.07,-3.19,0.00
"11/20/2012 10:30:00","CAPITL",61757,46.00,1.60,0.00
"11/20/2012 10:30:00","CENTRL",61754,44.94,0.53,0.00
"11/20/2012 10:30:00","DUNWOD",61760,47.87,3.47,0.00
"11/20/2012 10:30:00","GENESE",61753,44.14,-0.26,0.00
"11/20/2012 10:30:00","H Q",61844,43.47,-0.93,0.00
"11/20/2012 10:30:00","HUD VL",61758,47.78,3.37,0.00
"11/20/2012 10:30:00","LONGIL",61762,73.32,5.55,-23.36
"11/20/2012 10:30:00","MHK VL",61756,46.27,1.86,0.00
"11/20/2012 10:30:00","MILLWD",61759,47.96,3.55,0.00
"11/20/2012 10:30:00","N.Y.C.",61761,48.09,3.68,0.00
"11/20/2012 10:30:00","NORTH",61755,43.61,-0.80,0.00
"11/20/2012 10:30:00","NPX",61845,47.48,1.56,0.00
"11/20/2012 10:30:00","O H",61846,10.77,-4.09,31.06
"11/20/2012 10:30:00","PJM",61847,43.56,-0.85,0.00
"11/20/2012 10:30:00","WEST",61752,41.17,-3.24,0.00
"11/20/2012 10:35:00","CAPITL",61757,45.76,1.59,0.00
"11/20/2012 10:35:00","CENTRL",61754,44.75,0.57,0.00
"11/20/2012 10:35:00","DUNWOD",61760,47.62,3.45,0.00
"11/20/2012 10:35:00","GENESE",61753,43.96,-0.22,0.00
"11/20/2012 10:35:00","H Q",61844,43.20,-0.97,0.00
"11/20/2012 10:35:00","HUD VL",61758,47.53,3.36,0.00
"11/20/2012 10:35:00","LONGIL",61762,73.22,5.48,-23.57
"11/20/2012 10:35:00","MHK VL",61756,46.03,1.86,0.00
"11/20/2012 10:35:00","MILLWD",61759,47.71,3.54,0.00
"11/20/2012 10:35:00","N.Y.C.",61761,47.84,3.66,0.00
"11/20/2012 10:35:00","NORTH",61755,43.38,-0.79,0.00
"11/20/2012 10:35:00","NPX",61845,47.48,1.56,0.00
"11/20/2012 10:35:00","O H",61846,41.83,-4.09,0.00
"11/20/2012 10:35:00","PJM",61847,43.38,-0.79,0.00
"11/20/2012 10:35:00","WEST",61752,40.95,-3.22,0.00
"11/20/2012 10:40:00","CAPITL",61757,45.76,1.59,0.00
"11/20/2012 10:40:00","CENTRL",61754,44.71,0.53,0.00
"11/20/2012 10:40:00","DUNWOD",61760,47.62,3.45,0.00
"11/20/2012 10:40:00","GENESE",61753,43.96,-0.22,0.00
"11/20/2012 10:40:00","H Q",61844,43.25,-0.93,0.00
"11/20/2012 10:40:00","HUD VL",61758,47.53,3.36,0.00
"11/20/2012 10:40:00","LONGIL",61762,73.27,5.52,-23.57
"11/20/2012 10:40:00","MHK VL",61756,45.99,1.81,0.00
"11/20/2012 10:40:00","MILLWD",61759,47.71,3.54,0.00
"11/20/2012 10:40:00","N.Y.C.",61761,47.84,3.66,0.00
"11/20/2012 10:40:00","NORTH",61755,43.38,-0.79,0.00
"11/20/2012 10:40:00","NPX",61845,47.48,1.56,0.00
"11/20/2012 10:40:00","O H",61846,41.83,-4.09,0.00
"11/20/2012 10:40:00","PJM",61847,43.33,-0.84,0.00
"11/20/2012 10:40:00","WEST",61752,40.95,-3.22,0.00
"11/20/2012 10:45:00","CAPITL",61757,45.80,1.59,0.00
"11/20/2012 10:45:00","CENTRL",61754,44.79,0.57,0.00
"11/20/2012 10:45:00","DUNWOD",61760,47.66,3.45,0.00
"11/20/2012 10:45:00","GENESE",61753,44.04,-0.18,0.00
"11/20/2012 10:45:00","H Q",61844,43.24,-0.97,0.00
"11/20/2012 10:45:00","HUD VL",61758,47.57,3.36,0.00
"11/20/2012 10:45:00","LONGIL",61762,73.27,5.48,-23.57
"11/20/2012 10:45:00","MHK VL",61756,46.07,1.86,0.00
"11/20/2012 10:45:00","MILLWD",61759,47.71,3.49,0.00
"11/20/2012 10:45:00","N.Y.C.",61761,47.84,3.63,0.00
"11/20/2012 10:45:00","NORTH",61755,43.42,-0.79,0.00
"11/20/2012 10:45:00","NPX",61845,47.48,1.56,0.00
"11/20/2012 10:45:00","O H",61846,41.83,-4.09,0.00
"11/20/2012 10:45:00","PJM",61847,43.46,-0.75,0.00
"11/20/2012 10:45:00","WEST",61752,41.08,-3.14,0.00
"11/20/2012 10:50:00","CAPITL",61757,45.80,1.59,0.00
"11/20/2012 10:50:00","CENTRL",61754,44.79,0.57,0.00
"11/20/2012 10:50:00","DUNWOD",61760,47.62,3.40,0.00
"11/20/2012 10:50:00","GENESE",61753,44.04,-0.18,0.00
"11/20/2012 10:50:00","H Q",61844,43.24,-0.97,0.00
"11/20/2012 10:50:00","HUD VL",61758,47.57,3.36,0.00
"11/20/2012 10:50:00","LONGIL",61762,74.05,5.44,-24.40
"11/20/2012 10:50:00","MHK VL",61756,46.03,1.81,0.00
"11/20/2012 10:50:00","MILLWD",61759,47.71,3.49,0.00
"11/20/2012 10:50:00","N.Y.C.",61761,47.84,3.63,0.00
"11/20/2012 10:50:00","NORTH",61755,43.37,-0.84,0.00
"11/20/2012 10:50:00","NPX",61845,47.65,1.57,0.00
"11/20/2012 10:50:00","O H",61846,41.98,-4.10,0.00
"11/20/2012 10:50:00","PJM",61847,43.46,-0.75,0.00
"11/20/2012 10:50:00","WEST",61752,41.08,-3.14,0.00
"11/20/2012 10:55:00","CAPITL",61757,44.25,1.54,0.00
"11/20/2012 10:55:00","CENTRL",61754,43.26,0.55,0.00
"11/20/2012 10:55:00","DUNWOD",61760,46.04,3.33,0.00
"11/20/2012 10:55:00","GENESE",61753,42.54,-0.17,0.00
"11/20/2012 10:55:00","H Q",61844,41.77,-0.94,0.00
"11/20/2012 10:55:00","HUD VL",61758,45.96,3.24,0.00
"11/20/2012 10:55:00","LONGIL",61762,63.90,5.30,-15.90
"11/20/2012 10:55:00","MHK VL",61756,44.50,1.79,0.00
"11/20/2012 10:55:00","MILLWD",61759,46.13,3.42,0.00
"11/20/2012 10:55:00","N.Y.C.",61761,46.25,3.54,0.00
"11/20/2012 10:55:00","NORTH",61755,41.90,-0.81,0.00
"11/20/2012 10:55:00","NPX",61845,47.65,1.57,0.00
"11/20/2012 10:55:00","O H",61846,41.98,-4.10,0.00
"11/20/2012 10:55:00","PJM",61847,42.03,-0.69,0.00
"11/20/2012 10:55:00","WEST",61752,39.68,-3.03,0.00
"11/20/2012 11:00:00","CAPITL",61757,44.28,1.46,0.00
"11/20/2012 11:00:00","CENTRL",61754,43.38,0.56,0.00
"11/20/2012 11:00:00","DUNWOD",61760,46.16,3.34,0.00
"11/20/2012 11:00:00","GENESE",61753,42.69,-0.13,0.00
"11/20/2012 11:00:00","H Q",61844,41.92,-0.90,0.00
"11/20/2012 11:00:00","HUD VL",61758,46.04,3.21,0.00
"11/20/2012 11:00:00","LONGIL",61762,132.31,5.22,-84.27
"11/20/2012 11:00:00","MHK VL",61756,44.62,1.80,0.00
"11/20/2012 11:00:00","MILLWD",61759,46.20,3.38,0.00
"11/20/2012 11:00:00","N.Y.C.",61761,46.37,3.55,0.00
"11/20/2012 11:00:00","NORTH",61755,42.09,-0.73,0.00
"11/20/2012 11:00:00","NPX",61845,47.65,1.57,0.00
"11/20/2012 11:00:00","O H",61846,41.98,-4.10,0.00
"11/20/2012 11:00:00","PJM",61847,42.09,-0.73,0.00
"11/20/2012 11:00:00","WEST",61752,39.87,-2.95,0.00
"11/20/2012 11:05:00","CAPITL",61757,44.28,1.50,0.00
"11/20/2012 11:05:00","CENTRL",61754,43.30,0.52,0.00
"11/20/2012 11:05:00","DUNWOD",61760,46.12,3.34,0.00
"11/20/2012 11:05:00","GENESE",61753,42.61,-0.17,0.00
"11/20/2012 11:05:00","H Q",61844,41.88,-0.90,0.00
"11/20/2012 11:05:00","HUD VL",61758,46.04,3.25,0.00
"11/20/2012 11:05:00","LONGIL",61762,74.57,5.26,-26.52
"11/20/2012 11:05:00","MHK VL",61756,44.54,1.75,0.00
"11/20/2012 11:05:00","MILLWD",61759,46.21,3.42,0.00
"11/20/2012 11:05:00","N.Y.C.",61761,46.38,3.59,0.00
"11/20/2012 11:05:00","NORTH",61755,42.06,-0.73,0.00
"11/20/2012 11:05:00","NPX",61845,98.58,1.50,-52.94
"11/20/2012 11:05:00","O H",61846,39.02,-3.77,0.00
"11/20/2012 11:05:00","PJM",61847,42.02,-0.77,0.00
"11/20/2012 11:05:00","WEST",61752,39.75,-3.04,0.00
"11/20/2012 11:10:00","CAPITL",61757,45.68,1.54,0.00
"11/20/2012 11:10:00","CENTRL",61754,44.70,0.57,0.00
"11/20/2012 11:10:00","DUNWOD",61760,47.58,3.44,0.00
"11/20/2012 11:10:00","GENESE",61753,44.00,-0.13,0.00
"11/20/2012 11:10:00","H Q",61844,43.20,-0.93,0.00
"11/20/2012 11:10:00","HUD VL",61758,47.48,3.35,0.00
"11/20/2012 11:10:00","LONGIL",61762,74.51,5.43,-24.95
"11/20/2012 11:10:00","MHK VL",61756,45.99,1.85,0.00
"11/20/2012 11:10:00","MILLWD",61759,47.62,3.49,0.00
"11/20/2012 11:10:00","N.Y.C.",61761,47.84,3.71,0.00
"11/20/2012 11:10:00","NORTH",61755,43.34,-0.79,0.00
"11/20/2012 11:10:00","NPX",61845,98.58,1.50,-52.94
"11/20/2012 11:10:00","O H",61846,40.34,-3.80,0.00
"11/20/2012 11:10:00","PJM",61847,43.34,-0.79,0.00
"11/20/2012 11:10:00","WEST",61752,41.09,-3.04,0.00
"11/20/2012 11:15:00","CAPITL",61757,44.64,1.47,0.00
"11/20/2012 11:15:00","CENTRL",61754,43.78,0.60,0.00
"11/20/2012 11:15:00","DUNWOD",61760,46.50,3.32,0.00
"11/20/2012 11:15:00","GENESE",61753,43.09,-0.09,0.00
"11/20/2012 11:15:00","H Q",61844,42.27,-0.91,0.00
"11/20/2012 11:15:00","HUD VL",61758,46.45,3.28,0.00
"11/20/2012 11:15:00","LONGIL",61762,74.39,5.22,-26.00
"11/20/2012 11:15:00","MHK VL",61756,44.99,1.81,0.00
"11/20/2012 11:15:00","MILLWD",61759,46.59,3.41,0.00
"11/20/2012 11:15:00","N.Y.C.",61761,47.36,3.58,-0.61
"11/20/2012 11:15:00","NORTH",61755,42.40,-0.78,0.00
"11/20/2012 11:15:00","NPX",61845,98.58,1.50,-52.94
"11/20/2012 11:15:00","O H",61846,39.59,-3.58,0.00
"11/20/2012 11:15:00","PJM",61847,42.53,-0.65,0.00
"11/20/2012 11:15:00","WEST",61752,40.28,-2.89,0.00
"11/20/2012 11:20:00","CAPITL",61757,44.56,1.47,0.00
"11/20/2012 11:20:00","CENTRL",61754,43.65,0.56,0.00
"11/20/2012 11:20:00","DUNWOD",61760,46.46,3.36,0.00
"11/20/2012 11:20:00","GENESE",61753,43.01,-0.09,0.00
"11/20/2012 11:20:00","H Q",61844,42.19,-0.91,0.00
"11/20/2012 11:20:00","HUD VL",61758,46.41,3.32,0.00
"11/20/2012 11:20:00","LONGIL",61762,74.43,5.26,-26.08
"11/20/2012 11:20:00","MHK VL",61756,44.86,1.77,0.00
"11/20/2012 11:20:00","MILLWD",61759,46.55,3.45,0.00
"11/20/2012 11:20:00","N.Y.C.",61761,46.72,3.62,0.00
"11/20/2012 11:20:00","NORTH",61755,42.32,-0.77,0.00
"11/20/2012 11:20:00","NPX",61845,45.63,1.50,0.00
"11/20/2012 11:20:00","O H",61846,39.48,-3.62,0.00
"11/20/2012 11:20:00","PJM",61847,42.40,-0.69,0.00
"11/20/2012 11:20:00","WEST",61752,40.16,-2.93,0.00
"11/20/2012 11:25:00","CAPITL",61757,44.56,1.47,0.00
"11/20/2012 11:25:00","CENTRL",61754,43.65,0.56,0.00
"11/20/2012 11:25:00","DUNWOD",61760,46.50,3.40,0.00
"11/20/2012 11:25:00","GENESE",61753,42.97,-0.13,0.00
"11/20/2012 11:25:00","H Q",61844,42.19,-0.91,0.00
"11/20/2012 11:25:00","HUD VL",61758,46.41,3.32,0.00
"11/20/2012 11:25:00","LONGIL",61762,74.48,5.30,-26.08
"11/20/2012 11:25:00","MHK VL",61756,44.86,1.77,0.00
"11/20/2012 11:25:00","MILLWD",61759,46.55,3.45,0.00
"11/20/2012 11:25:00","N.Y.C.",61761,46.76,3.66,0.00
"11/20/2012 11:25:00","NORTH",61755,42.32,-0.77,0.00
"11/20/2012 11:25:00","NPX",61845,45.63,1.50,0.00
"11/20/2012 11:25:00","O H",61846,39.43,-3.66,0.00
"11/20/2012 11:25:00","PJM",61847,42.36,-0.73,0.00
"11/20/2012 11:25:00","WEST",61752,40.12,-2.97,0.00
"11/20/2012 11:30:00","CAPITL",61757,44.56,1.47,0.00
"11/20/2012 11:30:00","CENTRL",61754,43.70,0.60,0.00
"11/20/2012 11:30:00","DUNWOD",61760,46.50,3.40,0.00
"11/20/2012 11:30:00","GENESE",61753,42.97,-0.13,0.00
"11/20/2012 11:30:00","H Q",61844,42.15,-0.95,0.00
"11/20/2012 11:30:00","HUD VL",61758,46.41,3.32,0.00
"11/20/2012 11:30:00","LONGIL",61762,74.43,5.30,-26.04
"11/20/2012 11:30:00","MHK VL",61756,44.86,1.77,0.00
"11/20/2012 11:30:00","MILLWD",61759,46.55,3.45,0.00
"11/20/2012 11:30:00","N.Y.C.",61761,46.72,3.62,0.00
"11/20/2012 11:30:00","NORTH",61755,42.28,-0.82,0.00
"11/20/2012 11:30:00","NPX",61845,45.63,1.50,0.00
"11/20/2012 11:30:00","O H",61846,39.43,-3.66,0.00
"11/20/2012 11:30:00","PJM",61847,42.45,-0.65,0.00
"11/20/2012 11:30:00","WEST",61752,40.16,-2.93,0.00
"11/20/2012 11:35:00","CAPITL",61757,44.52,1.46,0.00
"11/20/2012 11:35:00","CENTRL",61754,43.66,0.60,0.00
"11/20/2012 11:35:00","DUNWOD",61760,46.45,3.40,0.00
"11/20/2012 11:35:00","GENESE",61753,42.88,-0.17,0.00
"11/20/2012 11:35:00","H Q",61844,42.11,-0.95,0.00
"11/20/2012 11:35:00","HUD VL",61758,46.41,3.36,0.00
"11/20/2012 11:35:00","LONGIL",61762,74.39,5.29,-26.04
"11/20/2012 11:35:00","MHK VL",61756,44.82,1.77,0.00
"11/20/2012 11:35:00","MILLWD",61759,46.54,3.49,0.00
"11/20/2012 11:35:00","N.Y.C.",61761,46.71,3.66,0.00
"11/20/2012 11:35:00","NORTH",61755,42.23,-0.82,0.00
"11/20/2012 11:35:00","NPX",61845,45.63,1.50,0.00
"11/20/2012 11:35:00","O H",61846,39.35,-3.70,0.00
"11/20/2012 11:35:00","PJM",61847,42.41,-0.64,0.00
"11/20/2012 11:35:00","WEST",61752,40.04,-3.01,0.00
"11/20/2012 11:40:00","CAPITL",61757,44.80,1.47,0.00
"11/20/2012 11:40:00","CENTRL",61754,43.98,0.65,0.00
"11/20/2012 11:40:00","DUNWOD",61760,46.75,3.42,0.00
"11/20/2012 11:40:00","GENESE",61753,43.16,-0.17,0.00
"11/20/2012 11:40:00","H Q",61844,42.37,-0.95,0.00
"11/20/2012 11:40:00","HUD VL",61758,46.71,3.38,0.00
"11/20/2012 11:40:00","LONGIL",61762,74.08,5.33,-25.42
"11/20/2012 11:40:00","MHK VL",61756,45.11,1.78,0.00
"11/20/2012 11:40:00","MILLWD",61759,46.84,3.51,0.00
"11/20/2012 11:40:00","N.Y.C.",61761,47.01,3.68,0.00
"11/20/2012 11:40:00","NORTH",61755,42.50,-0.82,0.00
"11/20/2012 11:40:00","NPX",61845,45.63,1.50,0.00
"11/20/2012 11:40:00","O H",61846,39.65,-3.68,0.00
"11/20/2012 11:40:00","PJM",61847,42.76,-0.56,0.00
"11/20/2012 11:40:00","WEST",61752,40.34,-2.99,0.00
"11/20/2012 11:45:00","CAPITL",61757,44.12,1.49,0.00
"11/20/2012 11:45:00","CENTRL",61754,43.14,0.51,0.00
"11/20/2012 11:45:00","DUNWOD",61760,46.12,3.50,0.00
"11/20/2012 11:45:00","GENESE",61753,42.33,-0.30,0.00
"11/20/2012 11:45:00","H Q",61844,41.69,-0.94,0.00
"11/20/2012 11:45:00","HUD VL",61758,46.04,3.41,0.00
"11/20/2012 11:45:00","LONGIL",61762,74.48,5.37,-26.48
"11/20/2012 11:45:00","MHK VL",61756,44.38,1.75,0.00
"11/20/2012 11:45:00","MILLWD",61759,46.16,3.54,0.00
"11/20/2012 11:45:00","N.Y.C.",61761,46.38,3.75,0.00
"11/20/2012 11:45:00","NORTH",61755,41.78,-0.85,0.00
"11/20/2012 11:45:00","NPX",61845,45.63,1.50,0.00
"11/20/2012 11:45:00","O H",61846,38.75,-3.88,0.00
"11/20/2012 11:45:00","PJM",61847,41.94,-0.68,0.00
"11/20/2012 11:45:00","WEST",61752,39.43,-3.20,0.00
"11/20/2012 11:50:00","CAPITL",61757,45.19,1.49,0.00
"11/20/2012 11:50:00","CENTRL",61754,44.32,0.61,0.00
"11/20/2012 11:50:00","DUNWOD",61760,47.16,3.45,0.00
"11/20/2012 11:50:00","GENESE",61753,43.53,-0.17,0.00
"11/20/2012 11:50:00","H Q",61844,42.75,-0.96,0.00
"11/20/2012 11:50:00","HUD VL",61758,47.07,3.37,0.00
"11/20/2012 11:50:00","LONGIL",61762,74.09,5.37,-25.01
"11/20/2012 11:50:00","MHK VL",61756,45.50,1.79,0.00
"11/20/2012 11:50:00","MILLWD",61759,47.20,3.50,0.00
"11/20/2012 11:50:00","N.Y.C.",61761,47.42,3.71,0.00
"11/20/2012 11:50:00","NORTH",61755,42.83,-0.87,0.00
"11/20/2012 11:50:00","NPX",61845,45.59,1.50,0.00
"11/20/2012 11:50:00","O H",61846,39.95,-3.76,0.00
"11/20/2012 11:50:00","PJM",61847,43.05,-0.65,0.00
"11/20/2012 11:50:00","WEST",61752,40.65,-3.06,0.00
"11/20/2012 11:55:00","CAPITL",61757,46.74,1.49,0.00
"11/20/2012 11:55:00","CENTRL",61754,45.88,0.63,0.00
"11/20/2012 11:55:00","DUNWOD",61760,48.78,3.53,0.00
"11/20/2012 11:55:00","GENESE",61753,45.02,-0.23,0.00
"11/20/2012 11:55:00","H Q",61844,44.25,-1.00,0.00
"11/20/2012 11:55:00","HUD VL",61758,48.73,3.48,0.00
"11/20/2012 11:55:00","LONGIL",61762,74.13,5.52,-23.37
"11/20/2012 11:55:00","MHK VL",61756,47.10,1.86,0.00
"11/20/2012 11:55:00","MILLWD",61759,48.82,3.57,0.00
"11/20/2012 11:55:00","N.Y.C.",61761,49.05,3.80,0.00
"11/20/2012 11:55:00","NORTH",61755,44.34,-0.90,0.00
"11/20/2012 11:55:00","NPX",61845,45.59,1.50,0.00
"11/20/2012 11:55:00","O H",61846,41.31,-3.94,0.00
"11/20/2012 11:55:00","PJM",61847,44.57,-0.68,0.00
"11/20/2012 11:55:00","WEST",61752,42.03,-3.21,0.00
"11/20/2012 12:00:00","CAPITL",61757,45.27,1.44,0.00
"11/20/2012 12:00:00","CENTRL",61754,44.31,0.48,0.00
"11/20/2012 12:00:00","DUNWOD",61760,47.20,3.37,0.00
"11/20/2012 12:00:00","GENESE",61753,43.52,-0.30,0.00
"11/20/2012 12:00:00","H Q",61844,42.90,-0.92,0.00
"11/20/2012 12:00:00","HUD VL",61758,47.15,3.33,0.00
"11/20/2012 12:00:00","LONGIL",61762,74.56,5.26,-25.48
"11/20/2012 12:00:00","MHK VL",61756,45.53,1.71,0.00
"11/20/2012 12:00:00","MILLWD",61759,47.29,3.46,0.00
"11/20/2012 12:00:00","N.Y.C.",61761,47.42,3.59,0.00
"11/20/2012 12:00:00","NORTH",61755,43.04,-0.79,0.00
"11/20/2012 12:00:00","NPX",61845,45.59,1.50,0.00
"11/20/2012 12:00:00","O H",61846,39.75,-4.07,0.00
"11/20/2012 12:00:00","PJM",61847,42.86,-0.96,0.00
"11/20/2012 12:00:00","WEST",61752,40.45,-3.37,0.00
"11/20/2012 12:05:00","CAPITL",61757,43.66,1.39,0.00
"11/20/2012 12:05:00","CENTRL",61754,42.65,0.38,0.00
"11/20/2012 12:05:00","DUNWOD",61760,45.57,3.30,0.00
"11/20/2012 12:05:00","GENESE",61753,41.93,-0.34,0.00
"11/20/2012 12:05:00","H Q",61844,41.38,-0.89,0.00
"11/20/2012 12:05:00","HUD VL",61758,45.52,3.25,0.00
"11/20/2012 12:05:00","LONGIL",61762,74.55,5.11,-27.17
"11/20/2012 12:05:00","MHK VL",61756,43.91,1.65,0.00
"11/20/2012 12:05:00","MILLWD",61759,45.65,3.38,0.00
"11/20/2012 12:05:00","N.Y.C.",61761,45.82,3.55,0.00
"11/20/2012 12:05:00","NORTH",61755,41.51,-0.76,0.00
"11/20/2012 12:05:00","NPX",61845,69.78,1.41,-25.70
"11/20/2012 12:05:00","O H",61846,38.29,-3.97,0.00
"11/20/2012 12:05:00","PJM",61847,41.30,-0.97,0.00
"11/20/2012 12:05:00","WEST",61752,39.01,-3.25,0.00
"11/20/2012 12:10:00","CAPITL",61757,43.90,1.44,0.00
"11/20/2012 12:10:00","CENTRL",61754,42.84,0.38,0.00
"11/20/2012 12:10:00","DUNWOD",61760,45.81,3.35,0.00
"11/20/2012 12:10:00","GENESE",61753,42.03,-0.42,0.00
"11/20/2012 12:10:00","H Q",61844,41.56,-0.89,0.00
"11/20/2012 12:10:00","HUD VL",61758,45.77,3.31,0.00
"11/20/2012 12:10:00","LONGIL",61762,74.73,5.18,-27.10
"11/20/2012 12:10:00","MHK VL",61756,44.11,1.65,0.00
"11/20/2012 12:10:00","MILLWD",61759,45.89,3.44,0.00
"11/20/2012 12:10:00","N.Y.C.",61761,46.06,3.61,0.00
"11/20/2012 12:10:00","NORTH",61755,41.69,-0.76,0.00
"11/20/2012 12:10:00","NPX",61845,69.78,1.41,-25.70
"11/20/2012 12:10:00","O H",61846,38.38,-4.08,0.00
"11/20/2012 12:10:00","PJM",61847,41.48,-0.97,0.00
"11/20/2012 12:10:00","WEST",61752,39.02,-3.44,0.00
"11/20/2012 12:15:00","CAPITL",61757,43.71,1.39,0.00
"11/20/2012 12:15:00","CENTRL",61754,42.74,0.42,0.00
"11/20/2012 12:15:00","DUNWOD",61760,45.62,3.30,0.00
"11/20/2012 12:15:00","GENESE",61753,41.94,-0.38,0.00
"11/20/2012 12:15:00","H Q",61844,41.43,-0.89,0.00
"11/20/2012 12:15:00","HUD VL",61758,45.58,3.26,0.00
"11/20/2012 12:15:00","LONGIL",61762,74.69,5.12,-27.25
"11/20/2012 12:15:00","MHK VL",61756,43.97,1.65,0.00
"11/20/2012 12:15:00","MILLWD",61759,45.66,3.34,0.00
"11/20/2012 12:15:00","N.Y.C.",61761,45.87,3.56,0.00
"11/20/2012 12:15:00","NORTH",61755,41.60,-0.72,0.00
"11/20/2012 12:15:00","NPX",61845,69.78,1.41,-25.70
"11/20/2012 12:15:00","O H",61846,38.34,-3.98,0.00
"11/20/2012 12:15:00","PJM",61847,41.39,-0.93,0.00
"11/20/2012 12:15:00","WEST",61752,38.97,-3.34,0.00
"11/20/2012 12:20:00","CAPITL",61757,43.47,1.35,0.00
"11/20/2012 12:20:00","CENTRL",61754,42.63,0.51,0.00
"11/20/2012 12:20:00","DUNWOD",61760,45.33,3.20,0.00
"11/20/2012 12:20:00","GENESE",61753,41.83,-0.29,0.00
"11/20/2012 12:20:00","H Q",61844,41.24,-0.89,0.00
"11/20/2012 12:20:00","HUD VL",61758,45.29,3.16,0.00
"11/20/2012 12:20:00","LONGIL",61762,75.29,5.05,-28.12
"11/20/2012 12:20:00","MHK VL",61756,43.77,1.64,0.00
"11/20/2012 12:20:00","MILLWD",61759,45.41,3.29,0.00
"11/20/2012 12:20:00","N.Y.C.",61761,45.58,3.46,0.00
"11/20/2012 12:20:00","NORTH",61755,41.41,-0.72,0.00
"11/20/2012 12:20:00","NPX",61845,44.08,1.41,0.00
"11/20/2012 12:20:00","O H",61846,38.38,-3.75,0.00
"11/20/2012 12:20:00","PJM",61847,41.28,-0.84,0.00
"11/20/2012 12:20:00","WEST",61752,39.01,-3.12,0.00
"11/20/2012 12:25:00","CAPITL",61757,43.51,1.39,0.00
"11/20/2012 12:25:00","CENTRL",61754,42.59,0.46,0.00
"11/20/2012 12:25:00","DUNWOD",61760,45.33,3.20,0.00
"11/20/2012 12:25:00","GENESE",61753,41.83,-0.29,0.00
"11/20/2012 12:25:00","H Q",61844,41.24,-0.89,0.00
"11/20/2012 12:25:00","HUD VL",61758,45.29,3.16,0.00
"11/20/2012 12:25:00","LONGIL",61762,75.29,5.05,-28.12
"11/20/2012 12:25:00","MHK VL",61756,43.77,1.64,0.00
"11/20/2012 12:25:00","MILLWD",61759,45.41,3.29,0.00
"11/20/2012 12:25:00","N.Y.C.",61761,45.58,3.46,0.00
"11/20/2012 12:25:00","NORTH",61755,41.41,-0.72,0.00
"11/20/2012 12:25:00","NPX",61845,44.08,1.41,0.00
"11/20/2012 12:25:00","O H",61846,38.34,-3.79,0.00
"11/20/2012 12:25:00","PJM",61847,41.28,-0.84,0.00
"11/20/2012 12:25:00","WEST",61752,38.97,-3.16,0.00
"11/20/2012 12:30:00","CAPITL",61757,43.38,1.34,0.00
"11/20/2012 12:30:00","CENTRL",61754,42.54,0.51,0.00
"11/20/2012 12:30:00","DUNWOD",61760,45.19,3.15,0.00
"11/20/2012 12:30:00","GENESE",61753,41.83,-0.21,0.00
"11/20/2012 12:30:00","H Q",61844,41.15,-0.88,0.00
"11/20/2012 12:30:00","HUD VL",61758,45.19,3.15,0.00
"11/20/2012 12:30:00","LONGIL",61762,74.68,5.00,-27.64
"11/20/2012 12:30:00","MHK VL",61756,43.67,1.64,0.00
"11/20/2012 12:30:00","MILLWD",61759,45.27,3.24,0.00
"11/20/2012 12:30:00","N.Y.C.",61761,45.44,3.40,0.00
"11/20/2012 12:30:00","NORTH",61755,41.32,-0.71,0.00
"11/20/2012 12:30:00","NPX",61845,44.08,1.41,0.00
"11/20/2012 12:30:00","O H",61846,38.34,-3.70,0.00
"11/20/2012 12:30:00","PJM",61847,41.24,-0.80,0.00
"11/20/2012 12:30:00","WEST",61752,39.01,-3.03,0.00
"11/20/2012 12:35:00","CAPITL",61757,42.48,1.32,0.00
"11/20/2012 12:35:00","CENTRL",61754,41.70,0.53,0.00
"11/20/2012 12:35:00","DUNWOD",61760,44.26,3.09,0.00
"11/20/2012 12:35:00","GENESE",61753,41.00,-0.16,0.00
"11/20/2012 12:35:00","H Q",61844,40.30,-0.87,0.00
"11/20/2012 12:35:00","HUD VL",61758,44.21,3.05,0.00
"11/20/2012 12:35:00","LONGIL",61762,74.69,4.90,-28.63
"11/20/2012 12:35:00","MHK VL",61756,42.77,1.60,0.00
"11/20/2012 12:35:00","MILLWD",61759,44.34,3.17,0.00
"11/20/2012 12:35:00","N.Y.C.",61761,44.46,3.29,0.00
"11/20/2012 12:35:00","NORTH",61755,40.51,-0.66,0.00
"11/20/2012 12:35:00","NPX",61845,44.04,1.40,0.00
"11/20/2012 12:35:00","O H",61846,37.67,-3.50,0.00
"11/20/2012 12:35:00","PJM",61847,40.43,-0.74,0.00
"11/20/2012 12:35:00","WEST",61752,38.28,-2.88,0.00
"11/20/2012 12:40:00","CAPITL",61757,43.12,1.34,0.00
"11/20/2012 12:40:00","CENTRL",61754,42.29,0.50,0.00
"11/20/2012 12:40:00","DUNWOD",61760,44.92,3.14,0.00
"11/20/2012 12:40:00","GENESE",61753,41.62,-0.17,0.00
"11/20/2012 12:40:00","H Q",61844,40.95,-0.84,0.00
"11/20/2012 12:40:00","HUD VL",61758,44.87,3.09,0.00
"11/20/2012 12:40:00","LONGIL",61762,75.29,4.97,-28.53
"11/20/2012 12:40:00","MHK VL",61756,43.41,1.63,0.00
"11/20/2012 12:40:00","MILLWD",61759,45.00,3.22,0.00
"11/20/2012 12:40:00","N.Y.C.",61761,45.13,3.34,0.00
"11/20/2012 12:40:00","NORTH",61755,41.11,-0.67,0.00
"11/20/2012 12:40:00","NPX",61845,44.04,1.40,0.00
"11/20/2012 12:40:00","O H",61846,38.19,-3.59,0.00
"11/20/2012 12:40:00","PJM",61847,40.99,-0.80,0.00
"11/20/2012 12:40:00","WEST",61752,38.86,-2.93,0.00
"11/20/2012 12:45:00","CAPITL",61757,43.38,1.34,0.00
"11/20/2012 12:45:00","CENTRL",61754,42.54,0.51,0.00
"11/20/2012 12:45:00","DUNWOD",61760,45.27,3.24,0.00
"11/20/2012 12:45:00","GENESE",61753,41.83,-0.21,0.00
"11/20/2012 12:45:00","H Q",61844,41.15,-0.88,0.00
"11/20/2012 12:45:00","HUD VL",61758,45.19,3.15,0.00
"11/20/2012 12:45:00","LONGIL",61762,74.76,5.13,-27.60
"11/20/2012 12:45:00","MHK VL",61756,43.67,1.64,0.00
"11/20/2012 12:45:00","MILLWD",61759,45.32,3.28,0.00
"11/20/2012 12:45:00","N.Y.C.",61761,45.52,3.49,0.00
"11/20/2012 12:45:00","NORTH",61755,41.36,-0.67,0.00
"11/20/2012 12:45:00","NPX",61845,44.04,1.40,0.00
"11/20/2012 12:45:00","O H",61846,38.38,-3.66,0.00
"11/20/2012 12:45:00","PJM",61847,41.28,-0.76,0.00
"11/20/2012 12:45:00","WEST",61752,39.05,-2.98,0.00
"11/20/2012 12:50:00","CAPITL",61757,43.12,1.38,0.00
"11/20/2012 12:50:00","CENTRL",61754,42.24,0.50,0.00
"11/20/2012 12:50:00","DUNWOD",61760,44.91,3.17,0.00
"11/20/2012 12:50:00","GENESE",61753,41.53,-0.21,0.00
"11/20/2012 12:50:00","H Q",61844,40.86,-0.88,0.00
"11/20/2012 12:50:00","HUD VL",61758,44.83,3.09,0.00
"11/20/2012 12:50:00","LONGIL",61762,75.24,5.05,-28.45
"11/20/2012 12:50:00","MHK VL",61756,43.37,1.63,0.00
"11/20/2012 12:50:00","MILLWD",61759,44.96,3.21,0.00
"11/20/2012 12:50:00","N.Y.C.",61761,45.17,3.42,0.00
"11/20/2012 12:50:00","NORTH",61755,41.07,-0.67,0.00
"11/20/2012 12:50:00","NPX",61845,52.63,1.40,-8.59
"11/20/2012 12:50:00","O H",61846,38.15,-3.59,0.00
"11/20/2012 12:50:00","PJM",61847,40.99,-0.75,0.00
"11/20/2012 12:50:00","WEST",61752,38.78,-2.96,0.00
"11/20/2012 12:55:00","CAPITL",61757,42.48,1.36,0.00
"11/20/2012 12:55:00","CENTRL",61754,41.58,0.45,0.00
"11/20/2012 12:55:00","DUNWOD",61760,44.34,3.21,0.00
"11/20/2012 12:55:00","GENESE",61753,40.84,-0.29,0.00
"11/20/2012 12:55:00","H Q",61844,40.26,-0.87,0.00
"11/20/2012 12:55:00","HUD VL",61758,44.25,3.12,0.00
"11/20/2012 12:55:00","LONGIL",61762,75.29,5.06,-29.10
"11/20/2012 12:55:00","MHK VL",61756,42.73,1.60,0.00
"11/20/2012 12:55:00","MILLWD",61759,44.38,3.25,0.00
"11/20/2012 12:55:00","N.Y.C.",61761,44.62,3.49,0.00
"11/20/2012 12:55:00","NORTH",61755,40.43,-0.70,0.00
"11/20/2012 12:55:00","NPX",61845,52.63,1.40,-8.59
"11/20/2012 12:55:00","O H",61846,37.47,-3.66,0.00
"11/20/2012 12:55:00","PJM",61847,40.34,-0.78,0.00
"11/20/2012 12:55:00","WEST",61752,38.08,-3.04,0.00
"11/20/2012 13:00:00","CAPITL",61757,42.53,1.40,0.00
"11/20/2012 13:00:00","CENTRL",61754,41.46,0.33,0.00
"11/20/2012 13:00:00","DUNWOD",61760,44.38,3.25,0.00
"11/20/2012 13:00:00","GENESE",61753,40.72,-0.41,0.00
"11/20/2012 13:00:00","H Q",61844,40.31,-0.82,0.00
"11/20/2012 13:00:00","HUD VL",61758,44.25,3.12,0.00
"11/20/2012 13:00:00","LONGIL",61762,63.91,5.06,-17.73
"11/20/2012 13:00:00","MHK VL",61756,42.69,1.56,0.00
"11/20/2012 13:00:00","MILLWD",61759,44.42,3.29,0.00
"11/20/2012 13:00:00","N.Y.C.",61761,44.58,3.46,0.00
"11/20/2012 13:00:00","NORTH",61755,40.51,-0.62,0.00
"11/20/2012 13:00:00","NPX",61845,52.63,1.40,-8.59
"11/20/2012 13:00:00","O H",61846,37.26,-3.87,0.00
"11/20/2012 13:00:00","PJM",61847,40.22,-0.91,0.00
"11/20/2012 13:00:00","WEST",61752,37.88,-3.25,0.00
"11/20/2012 13:05:00","CAPITL",61757,42.48,1.36,0.00
"11/20/2012 13:05:00","CENTRL",61754,41.46,0.33,0.00
"11/20/2012 13:05:00","DUNWOD",61760,44.38,3.25,0.00
"11/20/2012 13:05:00","GENESE",61753,40.68,-0.45,0.00
"11/20/2012 13:05:00","H Q",61844,40.31,-0.82,0.00
"11/20/2012 13:05:00","HUD VL",61758,44.25,3.12,0.00
"11/20/2012 13:05:00","LONGIL",61762,63.91,5.06,-17.73
"11/20/2012 13:05:00","MHK VL",61756,42.69,1.56,0.00
"11/20/2012 13:05:00","MILLWD",61759,44.42,3.29,0.00
"11/20/2012 13:05:00","N.Y.C.",61761,44.62,3.49,0.00
"11/20/2012 13:05:00","NORTH",61755,40.51,-0.62,0.00
"11/20/2012 13:05:00","NPX",61845,47.60,1.41,-4.59
"11/20/2012 13:05:00","O H",61846,37.22,-3.91,0.00
"11/20/2012 13:05:00","PJM",61847,40.18,-0.94,0.00
"11/20/2012 13:05:00","WEST",61752,37.84,-3.29,0.00
"11/20/2012 13:10:00","CAPITL",61757,42.01,1.30,0.00
"11/20/2012 13:10:00","CENTRL",61754,41.15,0.45,0.00
"11/20/2012 13:10:00","DUNWOD",61760,43.84,3.13,0.00
"11/20/2012 13:10:00","GENESE",61753,40.46,-0.24,0.00
"11/20/2012 13:10:00","H Q",61844,39.89,-0.81,0.00
"11/20/2012 13:10:00","HUD VL",61758,43.76,3.05,0.00
"11/20/2012 13:10:00","LONGIL",61762,73.96,4.92,-28.33
"11/20/2012 13:10:00","MHK VL",61756,42.29,1.59,0.00
"11/20/2012 13:10:00","MILLWD",61759,43.88,3.18,0.00
"11/20/2012 13:10:00","N.Y.C.",61761,44.08,3.38,0.00
"11/20/2012 13:10:00","NORTH",61755,40.09,-0.61,0.00
"11/20/2012 13:10:00","NPX",61845,47.60,1.41,-4.59
"11/20/2012 13:10:00","O H",61846,37.12,-3.58,0.00
"11/20/2012 13:10:00","PJM",61847,39.93,-0.77,0.00
"11/20/2012 13:10:00","WEST",61752,37.73,-2.97,0.00
"11/20/2012 13:15:00","CAPITL",61757,41.99,1.30,0.00
"11/20/2012 13:15:00","CENTRL",61754,41.09,0.41,0.00
"11/20/2012 13:15:00","DUNWOD",61760,43.82,3.13,0.00
"11/20/2012 13:15:00","GENESE",61753,40.40,-0.28,0.00
"11/20/2012 13:15:00","H Q",61844,39.87,-0.81,0.00
"11/20/2012 13:15:00","HUD VL",61758,43.74,3.05,0.00
"11/20/2012 13:15:00","LONGIL",61762,74.04,4.96,-28.40
"11/20/2012 13:15:00","MHK VL",61756,42.23,1.55,0.00
"11/20/2012 13:15:00","MILLWD",61759,43.86,3.18,0.00
"11/20/2012 13:15:00","N.Y.C.",61761,44.10,3.42,0.00
"11/20/2012 13:15:00","NORTH",61755,40.03,-0.65,0.00
"11/20/2012 13:15:00","NPX",61845,47.60,1.41,-4.59
"11/20/2012 13:15:00","O H",61846,37.02,-3.66,0.00
"11/20/2012 13:15:00","PJM",61847,39.83,-0.86,0.00
"11/20/2012 13:15:00","WEST",61752,37.63,-3.05,0.00
"11/20/2012 13:20:00","CAPITL",61757,42.01,1.30,0.00
"11/20/2012 13:20:00","CENTRL",61754,41.15,0.45,0.00
"11/20/2012 13:20:00","DUNWOD",61760,43.84,3.13,0.00
"11/20/2012 13:20:00","GENESE",61753,40.50,-0.20,0.00
"11/20/2012 13:20:00","H Q",61844,39.89,-0.81,0.00
"11/20/2012 13:20:00","HUD VL",61758,43.76,3.05,0.00
"11/20/2012 13:20:00","LONGIL",61762,74.04,4.92,-28.41
"11/20/2012 13:20:00","MHK VL",61756,42.25,1.55,0.00
"11/20/2012 13:20:00","MILLWD",61759,43.88,3.18,0.00
"11/20/2012 13:20:00","N.Y.C.",61761,44.08,3.38,0.00
"11/20/2012 13:20:00","NORTH",61755,40.05,-0.65,0.00
"11/20/2012 13:20:00","NPX",61845,43.92,1.45,0.00
"11/20/2012 13:20:00","O H",61846,37.16,-3.54,0.00
"11/20/2012 13:20:00","PJM",61847,39.89,-0.81,0.00
"11/20/2012 13:20:00","WEST",61752,37.77,-2.93,0.00
"11/20/2012 13:25:00","CAPITL",61757,41.97,1.34,0.00
"11/20/2012 13:25:00","CENTRL",61754,40.99,0.36,0.00
"11/20/2012 13:25:00","DUNWOD",61760,43.80,3.17,0.00
"11/20/2012 13:25:00","GENESE",61753,40.35,-0.28,0.00
"11/20/2012 13:25:00","H Q",61844,39.82,-0.81,0.00
"11/20/2012 13:25:00","HUD VL",61758,43.72,3.09,0.00
"11/20/2012 13:25:00","LONGIL",61762,74.04,4.96,-28.45
"11/20/2012 13:25:00","MHK VL",61756,42.17,1.54,0.00
"11/20/2012 13:25:00","MILLWD",61759,43.84,3.21,0.00
"11/20/2012 13:25:00","N.Y.C.",61761,44.08,3.45,0.00
"11/20/2012 13:25:00","NORTH",61755,39.98,-0.65,0.00
"11/20/2012 13:25:00","NPX",61845,43.92,1.45,0.00
"11/20/2012 13:25:00","O H",61846,36.93,-3.70,0.00
"11/20/2012 13:25:00","PJM",61847,39.74,-0.89,0.00
"11/20/2012 13:25:00","WEST",61752,37.54,-3.09,0.00
"11/20/2012 13:30:00","CAPITL",61757,42.05,1.34,0.00
"11/20/2012 13:30:00","CENTRL",61754,41.15,0.45,0.00
"11/20/2012 13:30:00","DUNWOD",61760,43.84,3.13,0.00
"11/20/2012 13:30:00","GENESE",61753,40.46,-0.24,0.00
"11/20/2012 13:30:00","H Q",61844,39.89,-0.81,0.00
"11/20/2012 13:30:00","HUD VL",61758,43.76,3.05,0.00
"11/20/2012 13:30:00","LONGIL",61762,73.96,4.88,-28.37
"11/20/2012 13:30:00","MHK VL",61756,42.25,1.55,0.00
"11/20/2012 13:30:00","MILLWD",61759,43.88,3.18,0.00
"11/20/2012 13:30:00","N.Y.C.",61761,44.08,3.38,0.00
"11/20/2012 13:30:00","NORTH",61755,40.05,-0.65,0.00
"11/20/2012 13:30:00","NPX",61845,43.92,1.45,0.00
"11/20/2012 13:30:00","O H",61846,37.12,-3.58,0.00
"11/20/2012 13:30:00","PJM",61847,39.93,-0.77,0.00
"11/20/2012 13:30:00","WEST",61752,37.73,-2.97,0.00
"11/20/2012 13:35:00","CAPITL",61757,42.00,1.34,0.00
"11/20/2012 13:35:00","CENTRL",61754,41.07,0.41,0.00
"11/20/2012 13:35:00","DUNWOD",61760,43.84,3.17,0.00
"11/20/2012 13:35:00","GENESE",61753,40.38,-0.28,0.00
"11/20/2012 13:35:00","H Q",61844,39.85,-0.81,0.00
"11/20/2012 13:35:00","HUD VL",61758,43.72,3.05,0.00
"11/20/2012 13:35:00","LONGIL",61762,73.96,4.92,-28.37
"11/20/2012 13:35:00","MHK VL",61756,42.21,1.54,0.00
"11/20/2012 13:35:00","MILLWD",61759,43.84,3.17,0.00
"11/20/2012 13:35:00","N.Y.C.",61761,44.08,3.42,0.00
"11/20/2012 13:35:00","NORTH",61755,40.01,-0.65,0.00
"11/20/2012 13:35:00","NPX",61845,46.00,1.41,-3.00
"11/20/2012 13:35:00","O H",61846,37.01,-3.66,0.00
"11/20/2012 13:35:00","PJM",61847,39.81,-0.86,0.00
"11/20/2012 13:35:00","WEST",61752,37.61,-3.05,0.00
"11/20/2012 13:40:00","CAPITL",61757,41.97,1.30,0.00
"11/20/2012 13:40:00","CENTRL",61754,41.11,0.45,0.00
"11/20/2012 13:40:00","DUNWOD",61760,43.84,3.17,0.00
"11/20/2012 13:40:00","GENESE",61753,40.42,-0.24,0.00
"11/20/2012 13:40:00","H Q",61844,39.85,-0.81,0.00
"11/20/2012 13:40:00","HUD VL",61758,43.72,3.05,0.00
"11/20/2012 13:40:00","LONGIL",61762,74.00,4.92,-28.42
"11/20/2012 13:40:00","MHK VL",61756,42.21,1.54,0.00
"11/20/2012 13:40:00","MILLWD",61759,43.84,3.17,0.00
"11/20/2012 13:40:00","N.Y.C.",61761,44.08,3.42,0.00
"11/20/2012 13:40:00","NORTH",61755,40.01,-0.65,0.00
"11/20/2012 13:40:00","NPX",61845,46.00,1.41,-3.00
"11/20/2012 13:40:00","O H",61846,37.05,-3.62,0.00
"11/20/2012 13:40:00","PJM",61847,39.81,-0.86,0.00
"11/20/2012 13:40:00","WEST",61752,37.66,-3.01,0.00
"11/20/2012 13:45:00","CAPITL",61757,42.00,1.34,0.00
"11/20/2012 13:45:00","CENTRL",61754,41.07,0.41,0.00
"11/20/2012 13:45:00","DUNWOD",61760,43.84,3.17,0.00
"11/20/2012 13:45:00","GENESE",61753,40.42,-0.24,0.00
"11/20/2012 13:45:00","H Q",61844,39.85,-0.81,0.00
"11/20/2012 13:45:00","HUD VL",61758,43.75,3.09,0.00
"11/20/2012 13:45:00","LONGIL",61762,63.90,4.96,-18.28
"11/20/2012 13:45:00","MHK VL",61756,42.21,1.54,0.00
"11/20/2012 13:45:00","MILLWD",61759,43.88,3.21,0.00
"11/20/2012 13:45:00","N.Y.C.",61761,44.08,3.42,0.00
"11/20/2012 13:45:00","NORTH",61755,40.01,-0.65,0.00
"11/20/2012 13:45:00","NPX",61845,46.00,1.41,-3.00
"11/20/2012 13:45:00","O H",61846,37.05,-3.62,0.00
"11/20/2012 13:45:00","PJM",61847,39.81,-0.86,0.00
"11/20/2012 13:45:00","WEST",61752,37.66,-3.01,0.00
"11/20/2012 13:50:00","CAPITL",61757,41.97,1.34,0.00
"11/20/2012 13:50:00","CENTRL",61754,40.99,0.36,0.00
"11/20/2012 13:50:00","DUNWOD",61760,43.80,3.17,0.00
"11/20/2012 13:50:00","GENESE",61753,40.39,-0.24,0.00
"11/20/2012 13:50:00","H Q",61844,39.82,-0.81,0.00
"11/20/2012 13:50:00","HUD VL",61758,43.72,3.09,0.00
"11/20/2012 13:50:00","LONGIL",61762,73.13,5.00,-27.50
"11/20/2012 13:50:00","MHK VL",61756,42.17,1.54,0.00
"11/20/2012 13:50:00","MILLWD",61759,43.84,3.21,0.00
"11/20/2012 13:50:00","N.Y.C.",61761,44.08,3.45,0.00
"11/20/2012 13:50:00","NORTH",61755,39.98,-0.65,0.00
"11/20/2012 13:50:00","NPX",61845,42.48,1.44,0.00
"11/20/2012 13:50:00","O H",61846,36.97,-3.66,0.00
"11/20/2012 13:50:00","PJM",61847,39.74,-0.89,0.00
"11/20/2012 13:50:00","WEST",61752,37.62,-3.01,0.00
"11/20/2012 13:55:00","CAPITL",61757,41.93,1.30,0.00
"11/20/2012 13:55:00","CENTRL",61754,41.04,0.41,0.00
"11/20/2012 13:55:00","DUNWOD",61760,43.80,3.17,0.00
"11/20/2012 13:55:00","GENESE",61753,40.39,-0.24,0.00
"11/20/2012 13:55:00","H Q",61844,39.82,-0.81,0.00
"11/20/2012 13:55:00","HUD VL",61758,43.72,3.09,0.00
"11/20/2012 13:55:00","LONGIL",61762,73.95,5.00,-28.33
"11/20/2012 13:55:00","MHK VL",61756,42.17,1.54,0.00
"11/20/2012 13:55:00","MILLWD",61759,43.84,3.21,0.00
"11/20/2012 13:55:00","N.Y.C.",61761,44.08,3.45,0.00
"11/20/2012 13:55:00","NORTH",61755,39.98,-0.65,0.00
"11/20/2012 13:55:00","NPX",61845,42.48,1.44,0.00
"11/20/2012 13:55:00","O H",61846,37.05,-3.58,0.00
"11/20/2012 13:55:00","PJM",61847,39.77,-0.86,0.00
"11/20/2012 13:55:00","WEST",61752,37.67,-2.96,0.00
"11/20/2012 14:00:00","CAPITL",61757,42.04,1.30,0.00
"11/20/2012 14:00:00","CENTRL",61754,41.19,0.45,0.00
"11/20/2012 14:00:00","DUNWOD",61760,43.83,3.09,0.00
"11/20/2012 14:00:00","GENESE",61753,40.54,-0.20,0.00
"11/20/2012 14:00:00","H Q",61844,39.93,-0.81,0.00
"11/20/2012 14:00:00","HUD VL",61758,43.80,3.06,0.00
"11/20/2012 14:00:00","LONGIL",61762,63.94,4.93,-18.28
"11/20/2012 14:00:00","MHK VL",61756,42.29,1.55,0.00
"11/20/2012 14:00:00","MILLWD",61759,43.92,3.18,0.00
"11/20/2012 14:00:00","N.Y.C.",61761,44.08,3.34,0.00
"11/20/2012 14:00:00","NORTH",61755,40.09,-0.65,0.00
"11/20/2012 14:00:00","NPX",61845,42.48,1.44,0.00
"11/20/2012 14:00:00","O H",61846,37.19,-3.54,0.00
"11/20/2012 14:00:00","PJM",61847,39.93,-0.81,0.00
"11/20/2012 14:00:00","WEST",61752,37.81,-2.93,0.00
"11/20/2012 14:05:00","CAPITL",61757,42.00,1.34,0.00
"11/20/2012 14:05:00","CENTRL",61754,41.07,0.41,0.00
"11/20/2012 14:05:00","DUNWOD",61760,43.84,3.17,0.00
"11/20/2012 14:05:00","GENESE",61753,40.38,-0.28,0.00
"11/20/2012 14:05:00","H Q",61844,39.85,-0.81,0.00
"11/20/2012 14:05:00","HUD VL",61758,43.75,3.09,0.00
"11/20/2012 14:05:00","LONGIL",61762,63.90,4.96,-18.28
"11/20/2012 14:05:00","MHK VL",61756,42.21,1.54,0.00
"11/20/2012 14:05:00","MILLWD",61759,43.88,3.21,0.00
"11/20/2012 14:05:00","N.Y.C.",61761,44.04,3.37,0.00
"11/20/2012 14:05:00","NORTH",61755,39.97,-0.69,0.00
"11/20/2012 14:05:00","NPX",61845,42.00,1.34,0.00
"11/20/2012 14:05:00","O H",61846,37.01,-3.66,0.00
"11/20/2012 14:05:00","PJM",61847,39.77,-0.89,0.00
"11/20/2012 14:05:00","WEST",61752,37.61,-3.05,0.00
"11/20/2012 14:10:00","CAPITL",61757,42.00,1.34,0.00
"11/20/2012 14:10:00","CENTRL",61754,41.07,0.41,0.00
"11/20/2012 14:10:00","DUNWOD",61760,43.84,3.17,0.00
"11/20/2012 14:10:00","GENESE",61753,40.38,-0.28,0.00
"11/20/2012 14:10:00","H Q",61844,39.85,-0.81,0.00
"11/20/2012 14:10:00","HUD VL",61758,43.75,3.09,0.00
"11/20/2012 14:10:00","LONGIL",61762,63.90,4.96,-18.28
"11/20/2012 14:10:00","MHK VL",61756,42.21,1.54,0.00
"11/20/2012 14:10:00","MILLWD",61759,43.88,3.21,0.00
"11/20/2012 14:10:00","N.Y.C.",61761,44.04,3.37,0.00
"11/20/2012 14:10:00","NORTH",61755,39.97,-0.69,0.00
"11/20/2012 14:10:00","NPX",61845,42.00,1.34,0.00
"11/20/2012 14:10:00","O H",61846,37.05,-3.62,0.00
"11/20/2012 14:10:00","PJM",61847,39.81,-0.86,0.00
"11/20/2012 14:10:00","WEST",61752,37.66,-3.01,0.00
"11/20/2012 14:15:00","CAPITL",61757,41.97,1.30,0.00
"11/20/2012 14:15:00","CENTRL",61754,41.03,0.37,0.00
"11/20/2012 14:15:00","DUNWOD",61760,43.84,3.17,0.00
"11/20/2012 14:15:00","GENESE",61753,40.38,-0.28,0.00
"11/20/2012 14:15:00","H Q",61844,39.85,-0.81,0.00
"11/20/2012 14:15:00","HUD VL",61758,43.80,3.13,0.00
"11/20/2012 14:15:00","LONGIL",61762,63.90,5.00,-18.24
"11/20/2012 14:15:00","MHK VL",61756,42.17,1.51,0.00
"11/20/2012 14:15:00","MILLWD",61759,43.88,3.21,0.00
"11/20/2012 14:15:00","N.Y.C.",61761,44.08,3.42,0.00
"11/20/2012 14:15:00","NORTH",61755,39.97,-0.69,0.00
"11/20/2012 14:15:00","NPX",61845,42.00,1.34,0.00
"11/20/2012 14:15:00","O H",61846,37.01,-3.66,0.00
"11/20/2012 14:15:00","PJM",61847,39.81,-0.86,0.00
"11/20/2012 14:15:00","WEST",61752,37.61,-3.05,0.00
"11/20/2012 14:20:00","CAPITL",61757,42.00,1.34,0.00
"11/20/2012 14:20:00","CENTRL",61754,41.03,0.37,0.00
"11/20/2012 14:20:00","DUNWOD",61760,43.84,3.17,0.00
"11/20/2012 14:20:00","GENESE",61753,40.34,-0.33,0.00
"11/20/2012 14:20:00","H Q",61844,39.85,-0.81,0.00
"11/20/2012 14:20:00","HUD VL",61758,43.80,3.13,0.00
"11/20/2012 14:20:00","LONGIL",61762,63.90,4.96,-18.28
"11/20/2012 14:20:00","MHK VL",61756,42.17,1.51,0.00
"11/20/2012 14:20:00","MILLWD",61759,43.92,3.25,0.00
"11/20/2012 14:20:00","N.Y.C.",61761,44.08,3.42,0.00
"11/20/2012 14:20:00","NORTH",61755,39.97,-0.69,0.00
"11/20/2012 14:20:00","NPX",61845,42.00,1.34,0.00
"11/20/2012 14:20:00","O H",61846,36.96,-3.70,0.00
"11/20/2012 14:20:00","PJM",61847,39.81,-0.86,0.00
"11/20/2012 14:20:00","WEST",61752,37.57,-3.09,0.00
"11/20/2012 14:25:00","CAPITL",61757,41.97,1.34,0.00
"11/20/2012 14:25:00","CENTRL",61754,40.99,0.36,0.00
"11/20/2012 14:25:00","DUNWOD",61760,43.84,3.21,0.00
"11/20/2012 14:25:00","GENESE",61753,40.30,-0.33,0.00
"11/20/2012 14:25:00","H Q",61844,39.77,-0.86,0.00
"11/20/2012 14:25:00","HUD VL",61758,43.76,3.13,0.00
"11/20/2012 14:25:00","LONGIL",61762,63.90,5.00,-18.27
"11/20/2012 14:25:00","MHK VL",61756,42.13,1.50,0.00
"11/20/2012 14:25:00","MILLWD",61759,43.88,3.25,0.00
"11/20/2012 14:25:00","N.Y.C.",61761,44.04,3.41,0.00
"11/20/2012 14:25:00","NORTH",61755,39.94,-0.69,0.00
"11/20/2012 14:25:00","NPX",61845,42.01,1.38,0.00
"11/20/2012 14:25:00","O H",61846,36.93,-3.70,0.00
"11/20/2012 14:25:00","PJM",61847,39.77,-0.86,0.00
"11/20/2012 14:25:00","WEST",61752,37.50,-3.13,0.00
"11/20/2012 14:30:00","CAPITL",61757,41.97,1.30,0.00
"11/20/2012 14:30:00","CENTRL",61754,41.03,0.37,0.00
"11/20/2012 14:30:00","DUNWOD",61760,43.84,3.17,0.00
"11/20/2012 14:30:00","GENESE",61753,40.34,-0.33,0.00
"11/20/2012 14:30:00","H Q",61844,39.85,-0.81,0.00
"11/20/2012 14:30:00","HUD VL",61758,43.80,3.13,0.00
"11/20/2012 14:30:00","LONGIL",61762,63.90,5.00,-18.24
"11/20/2012 14:30:00","MHK VL",61756,42.17,1.51,0.00
"11/20/2012 14:30:00","MILLWD",61759,43.92,3.25,0.00
"11/20/2012 14:30:00","N.Y.C.",61761,44.08,3.42,0.00
"11/20/2012 14:30:00","NORTH",61755,40.01,-0.65,0.00
"11/20/2012 14:30:00","NPX",61845,42.00,1.34,0.00
"11/20/2012 14:30:00","O H",61846,36.96,-3.70,0.00
"11/20/2012 14:30:00","PJM",61847,39.81,-0.86,0.00
"11/20/2012 14:30:00","WEST",61752,37.53,-3.13,0.00
"11/20/2012 14:35:00","CAPITL",61757,41.45,1.29,0.00
"11/20/2012 14:35:00","CENTRL",61754,40.57,0.40,0.00
"11/20/2012 14:35:00","DUNWOD",61760,43.30,3.14,0.00
"11/20/2012 14:35:00","GENESE",61753,39.89,-0.28,0.00
"11/20/2012 14:35:00","H Q",61844,39.36,-0.80,0.00
"11/20/2012 14:35:00","HUD VL",61758,43.26,3.09,0.00
"11/20/2012 14:35:00","LONGIL",61762,63.89,4.94,-18.78
"11/20/2012 14:35:00","MHK VL",61756,41.65,1.49,0.00
"11/20/2012 14:35:00","MILLWD",61759,43.38,3.21,0.00
"11/20/2012 14:35:00","N.Y.C.",61761,43.54,3.37,0.00
"11/20/2012 14:35:00","NORTH",61755,39.52,-0.64,0.00
"11/20/2012 14:35:00","NPX",61845,41.49,1.32,0.00
"11/20/2012 14:35:00","O H",61846,36.55,-3.62,0.00
"11/20/2012 14:35:00","PJM",61847,39.36,-0.80,0.00
"11/20/2012 14:35:00","WEST",61752,37.15,-3.01,0.00
"11/20/2012 14:40:00","CAPITL",61757,41.41,1.28,0.00
"11/20/2012 14:40:00","CENTRL",61754,40.52,0.40,0.00
"11/20/2012 14:40:00","DUNWOD",61760,43.37,3.25,0.00
"11/20/2012 14:40:00","GENESE",61753,39.80,-0.32,0.00
"11/20/2012 14:40:00","H Q",61844,39.28,-0.84,0.00
"11/20/2012 14:40:00","HUD VL",61758,43.26,3.13,0.00
"11/20/2012 14:40:00","LONGIL",61762,63.89,5.01,-18.75
"11/20/2012 14:40:00","MHK VL",61756,41.61,1.49,0.00
"11/20/2012 14:40:00","MILLWD",61759,43.37,3.25,0.00
"11/20/2012 14:40:00","N.Y.C.",61761,43.61,3.49,0.00
"11/20/2012 14:40:00","NORTH",61755,39.44,-0.68,0.00
"11/20/2012 14:40:00","NPX",61845,41.45,1.32,0.00
"11/20/2012 14:40:00","O H",61846,36.55,-3.57,0.00
"11/20/2012 14:40:00","PJM",61847,39.36,-0.76,0.00
"11/20/2012 14:40:00","WEST",61752,37.11,-3.01,0.00
"11/20/2012 14:45:00","CAPITL",61757,40.91,1.31,0.00
"11/20/2012 14:45:00","CENTRL",61754,39.92,0.32,0.00
"11/20/2012 14:45:00","DUNWOD",61760,42.81,3.21,0.00
"11/20/2012 14:45:00","GENESE",61753,39.25,-0.36,0.00
"11/20/2012 14:45:00","H Q",61844,38.81,-0.79,0.00
"11/20/2012 14:45:00","HUD VL",61758,42.70,3.09,0.00
"11/20/2012 14:45:00","LONGIL",61762,63.88,4.99,-19.29
"11/20/2012 14:45:00","MHK VL",61756,41.07,1.47,0.00
"11/20/2012 14:45:00","MILLWD",61759,42.85,3.25,0.00
"11/20/2012 14:45:00","N.Y.C.",61761,43.09,3.49,0.00
"11/20/2012 14:45:00","NORTH",61755,38.93,-0.67,0.00
"11/20/2012 14:45:00","NPX",61845,40.95,1.35,0.00
"11/20/2012 14:45:00","O H",61846,35.96,-3.64,0.00
"11/20/2012 14:45:00","PJM",61847,38.81,-0.79,0.00
"11/20/2012 14:45:00","WEST",61752,36.56,-3.05,0.00
"11/20/2012 14:50:00","CAPITL",61757,41.37,1.28,0.00
"11/20/2012 14:50:00","CENTRL",61754,40.45,0.36,0.00
"11/20/2012 14:50:00","DUNWOD",61760,43.33,3.25,0.00
"11/20/2012 14:50:00","GENESE",61753,39.72,-0.36,0.00
"11/20/2012 14:50:00","H Q",61844,39.24,-0.84,0.00
"11/20/2012 14:50:00","HUD VL",61758,43.21,3.13,0.00
"11/20/2012 14:50:00","LONGIL",61762,63.89,5.05,-18.76
"11/20/2012 14:50:00","MHK VL",61756,41.57,1.48,0.00
"11/20/2012 14:50:00","MILLWD",61759,43.37,3.29,0.00
"11/20/2012 14:50:00","N.Y.C.",61761,43.61,3.53,0.00
"11/20/2012 14:50:00","NORTH",61755,39.40,-0.68,0.00
"11/20/2012 14:50:00","NPX",61845,41.41,1.32,0.00
"11/20/2012 14:50:00","O H",61846,36.44,-3.65,0.00
"11/20/2012 14:50:00","PJM",61847,39.32,-0.76,0.00
"11/20/2012 14:50:00","WEST",61752,37.00,-3.09,0.00
"11/20/2012 14:55:00","CAPITL",61757,41.41,1.28,0.00
"11/20/2012 14:55:00","CENTRL",61754,40.49,0.36,0.00
"11/20/2012 14:55:00","DUNWOD",61760,43.37,3.25,0.00
"11/20/2012 14:55:00","GENESE",61753,39.80,-0.32,0.00
"11/20/2012 14:55:00","H Q",61844,39.28,-0.84,0.00
"11/20/2012 14:55:00","HUD VL",61758,43.26,3.13,0.00
"11/20/2012 14:55:00","LONGIL",61762,73.15,5.02,-28.01
"11/20/2012 14:55:00","MHK VL",61756,41.61,1.49,0.00
"11/20/2012 14:55:00","MILLWD",61759,43.37,3.25,0.00
"11/20/2012 14:55:00","N.Y.C.",61761,43.66,3.53,0.00
"11/20/2012 14:55:00","NORTH",61755,39.44,-0.68,0.00
"11/20/2012 14:55:00","NPX",61845,41.45,1.32,0.00
"11/20/2012 14:55:00","O H",61846,36.47,-3.65,0.00
"11/20/2012 14:55:00","PJM",61847,39.32,-0.80,0.00
"11/20/2012 14:55:00","WEST",61752,37.04,-3.09,0.00
"11/20/2012 15:00:00","CAPITL",61757,39.87,1.27,0.00
"11/20/2012 15:00:00","CENTRL",61754,38.95,0.35,0.00
"11/20/2012 15:00:00","DUNWOD",61760,41.80,3.20,0.00
"11/20/2012 15:00:00","GENESE",61753,38.29,-0.31,0.00
"11/20/2012 15:00:00","H Q",61844,37.75,-0.85,0.00
"11/20/2012 15:00:00","HUD VL",61758,41.65,3.05,0.00
"11/20/2012 15:00:00","LONGIL",61762,73.11,4.90,-29.61
"11/20/2012 15:00:00","MHK VL",61756,39.99,1.39,0.00
"11/20/2012 15:00:00","MILLWD",61759,41.80,3.20,0.00
"11/20/2012 15:00:00","N.Y.C.",61761,42.08,3.48,0.00
"11/20/2012 15:00:00","NORTH",61755,37.79,-0.81,0.00
"11/20/2012 15:00:00","NPX",61845,39.92,1.31,0.00
"11/20/2012 15:00:00","O H",61846,35.05,-3.55,0.00
"11/20/2012 15:00:00","PJM",61847,37.79,-0.81,0.00
"11/20/2012 15:00:00","WEST",61752,35.59,-3.01,0.00
"11/20/2012 15:05:00","CAPITL",61757,39.92,1.31,0.00
"11/20/2012 15:05:00","CENTRL",61754,38.95,0.35,0.00
"11/20/2012 15:05:00","DUNWOD",61760,41.80,3.20,0.00
"11/20/2012 15:05:00","GENESE",61753,38.25,-0.35,0.00
"11/20/2012 15:05:00","H Q",61844,37.75,-0.85,0.00
"11/20/2012 15:05:00","HUD VL",61758,41.65,3.05,0.00
"11/20/2012 15:05:00","LONGIL",61762,73.15,4.90,-29.64
"11/20/2012 15:05:00","MHK VL",61756,39.99,1.39,0.00
"11/20/2012 15:05:00","MILLWD",61759,41.80,3.20,0.00
"11/20/2012 15:05:00","N.Y.C.",61761,42.04,3.43,0.00
"11/20/2012 15:05:00","NORTH",61755,37.79,-0.81,0.00
"11/20/2012 15:05:00","NPX",61845,51.79,1.35,-11.81
"11/20/2012 15:05:00","O H",61846,35.05,-3.55,0.00
"11/20/2012 15:05:00","PJM",61847,37.83,-0.77,0.00
"11/20/2012 15:05:00","WEST",61752,35.59,-3.01,0.00
"11/20/2012 15:10:00","CAPITL",61757,39.92,1.35,0.00
"11/20/2012 15:10:00","CENTRL",61754,38.84,0.27,0.00
"11/20/2012 15:10:00","DUNWOD",61760,41.81,3.24,0.00
"11/20/2012 15:10:00","GENESE",61753,38.11,-0.46,0.00
"11/20/2012 15:10:00","H Q",61844,37.72,-0.85,0.00
"11/20/2012 15:10:00","HUD VL",61758,41.69,3.12,0.00
"11/20/2012 15:10:00","LONGIL",61762,73.19,4.98,-29.64
"11/20/2012 15:10:00","MHK VL",61756,39.96,1.39,0.00
"11/20/2012 15:10:00","MILLWD",61759,41.85,3.28,0.00
"11/20/2012 15:10:00","N.Y.C.",61761,42.08,3.51,0.00
"11/20/2012 15:10:00","NORTH",61755,37.76,-0.81,0.00
"11/20/2012 15:10:00","NPX",61845,51.79,1.35,-11.81
"11/20/2012 15:10:00","O H",61846,34.83,-3.74,0.00
"11/20/2012 15:10:00","PJM",61847,37.72,-0.85,0.00
"11/20/2012 15:10:00","WEST",61752,35.37,-3.20,0.00
"11/20/2012 15:15:00","CAPITL",61757,39.90,1.31,0.00
"11/20/2012 15:15:00","CENTRL",61754,38.90,0.31,0.00
"11/20/2012 15:15:00","DUNWOD",61760,41.83,3.24,0.00
"11/20/2012 15:15:00","GENESE",61753,38.17,-0.42,0.00
"11/20/2012 15:15:00","H Q",61844,37.74,-0.85,0.00
"11/20/2012 15:15:00","HUD VL",61758,41.68,3.09,0.00
"11/20/2012 15:15:00","LONGIL",61762,73.15,4.94,-29.62
"11/20/2012 15:15:00","MHK VL",61756,39.98,1.39,0.00
"11/20/2012 15:15:00","MILLWD",61759,41.83,3.24,0.00
"11/20/2012 15:15:00","N.Y.C.",61761,42.10,3.51,0.00
"11/20/2012 15:15:00","NORTH",61755,37.78,-0.81,0.00
"11/20/2012 15:15:00","NPX",61845,51.79,1.35,-11.81
"11/20/2012 15:15:00","O H",61846,34.92,-3.67,0.00
"11/20/2012 15:15:00","PJM",61847,37.78,-0.81,0.00
"11/20/2012 15:15:00","WEST",61752,35.47,-3.12,0.00
"11/20/2012 15:20:00","CAPITL",61757,41.82,1.38,0.00
"11/20/2012 15:20:00","CENTRL",61754,40.76,0.32,0.00
"11/20/2012 15:20:00","DUNWOD",61760,43.84,3.40,0.00
"11/20/2012 15:20:00","GENESE",61753,39.96,-0.48,0.00
"11/20/2012 15:20:00","H Q",61844,39.59,-0.85,0.00
"11/20/2012 15:20:00","HUD VL",61758,43.68,3.24,0.00
"11/20/2012 15:20:00","LONGIL",61762,73.61,5.22,-27.96
"11/20/2012 15:20:00","MHK VL",61756,41.94,1.50,0.00
"11/20/2012 15:20:00","MILLWD",61759,43.84,3.40,0.00
"11/20/2012 15:20:00","N.Y.C.",61761,44.12,3.68,0.00
"11/20/2012 15:20:00","NORTH",61755,39.63,-0.81,0.00
"11/20/2012 15:20:00","NPX",61845,39.98,1.35,0.00
"11/20/2012 15:20:00","O H",61846,36.56,-3.88,0.00
"11/20/2012 15:20:00","PJM",61847,39.59,-0.85,0.00
"11/20/2012 15:20:00","WEST",61752,37.13,-3.32,0.00
"11/20/2012 15:25:00","CAPITL",61757,40.00,1.32,0.00
"11/20/2012 15:25:00","CENTRL",61754,39.03,0.35,0.00
"11/20/2012 15:25:00","DUNWOD",61760,41.89,3.21,0.00
"11/20/2012 15:25:00","GENESE",61753,38.26,-0.42,0.00
"11/20/2012 15:25:00","H Q",61844,37.83,-0.85,0.00
"11/20/2012 15:25:00","HUD VL",61758,41.78,3.10,0.00
"11/20/2012 15:25:00","LONGIL",61762,73.56,4.95,-29.92
"11/20/2012 15:25:00","MHK VL",61756,40.11,1.43,0.00
"11/20/2012 15:25:00","MILLWD",61759,41.89,3.21,0.00
"11/20/2012 15:25:00","N.Y.C.",61761,42.12,3.44,0.00
"11/20/2012 15:25:00","NORTH",61755,37.91,-0.77,0.00
"11/20/2012 15:25:00","NPX",61845,39.98,1.35,0.00
"11/20/2012 15:25:00","O H",61846,35.04,-3.64,0.00
"11/20/2012 15:25:00","PJM",61847,37.91,-0.77,0.00
"11/20/2012 15:25:00","WEST",61752,35.59,-3.10,0.00
"11/20/2012 15:30:00","CAPITL",61757,39.94,1.35,0.00
"11/20/2012 15:30:00","CENTRL",61754,38.86,0.27,0.00
"11/20/2012 15:30:00","DUNWOD",61760,41.83,3.24,0.00
"11/20/2012 15:30:00","GENESE",61753,38.09,-0.50,0.00
"11/20/2012 15:30:00","H Q",61844,37.74,-0.85,0.00
"11/20/2012 15:30:00","HUD VL",61758,41.72,3.12,0.00
"11/20/2012 15:30:00","LONGIL",61762,73.56,4.98,-29.99
"11/20/2012 15:30:00","MHK VL",61756,40.02,1.43,0.00
"11/20/2012 15:30:00","MILLWD",61759,41.83,3.24,0.00
"11/20/2012 15:30:00","N.Y.C.",61761,42.10,3.51,0.00
"11/20/2012 15:30:00","NORTH",61755,37.82,-0.77,0.00
"11/20/2012 15:30:00","NPX",61845,39.98,1.35,0.00
"11/20/2012 15:30:00","O H",61846,34.81,-3.78,0.00
"11/20/2012 15:30:00","PJM",61847,37.74,-0.85,0.00
"11/20/2012 15:30:00","WEST",61752,35.35,-3.24,0.00
"11/20/2012 15:35:00","CAPITL",61757,39.93,1.35,0.00
"11/20/2012 15:35:00","CENTRL",61754,38.89,0.31,0.00
"11/20/2012 15:35:00","DUNWOD",61760,41.82,3.24,0.00
"11/20/2012 15:35:00","GENESE",61753,38.04,-0.54,0.00
"11/20/2012 15:35:00","H Q",61844,37.73,-0.85,0.00
"11/20/2012 15:35:00","HUD VL",61758,41.71,3.12,0.00
"11/20/2012 15:35:00","LONGIL",61762,73.60,4.98,-30.03
"11/20/2012 15:35:00","MHK VL",61756,40.01,1.43,0.00
"11/20/2012 15:35:00","MILLWD",61759,41.86,3.28,0.00
"11/20/2012 15:35:00","N.Y.C.",61761,42.06,3.47,0.00
"11/20/2012 15:35:00","NORTH",61755,37.81,-0.77,0.00
"11/20/2012 15:35:00","NPX",61845,39.93,1.35,0.00
"11/20/2012 15:35:00","O H",61846,34.80,-3.78,0.00
"11/20/2012 15:35:00","PJM",61847,37.81,-0.77,0.00
"11/20/2012 15:35:00","WEST",61752,35.30,-3.28,0.00
"11/20/2012 15:40:00","CAPITL",61757,39.88,1.31,0.00
"11/20/2012 15:40:00","CENTRL",61754,38.88,0.31,0.00
"11/20/2012 15:40:00","DUNWOD",61760,41.81,3.24,0.00
"11/20/2012 15:40:00","GENESE",61753,38.07,-0.50,0.00
"11/20/2012 15:40:00","H Q",61844,37.72,-0.85,0.00
"11/20/2012 15:40:00","HUD VL",61758,41.69,3.12,0.00
"11/20/2012 15:40:00","LONGIL",61762,73.56,4.98,-30.01
"11/20/2012 15:40:00","MHK VL",61756,40.00,1.43,0.00
"11/20/2012 15:40:00","MILLWD",61759,41.85,3.28,0.00
"11/20/2012 15:40:00","N.Y.C.",61761,42.08,3.51,0.00
"11/20/2012 15:40:00","NORTH",61755,37.80,-0.77,0.00
"11/20/2012 15:40:00","NPX",61845,39.93,1.35,0.00
"11/20/2012 15:40:00","O H",61846,34.87,-3.70,0.00
"11/20/2012 15:40:00","PJM",61847,37.88,-0.69,0.00
"11/20/2012 15:40:00","WEST",61752,35.37,-3.20,0.00
"11/20/2012 15:45:00","CAPITL",61757,39.95,1.31,0.00
"11/20/2012 15:45:00","CENTRL",61754,38.99,0.35,0.00
"11/20/2012 15:45:00","DUNWOD",61760,41.81,3.17,0.00
"11/20/2012 15:45:00","GENESE",61753,38.22,-0.42,0.00
"11/20/2012 15:45:00","H Q",61844,37.79,-0.85,0.00
"11/20/2012 15:45:00","HUD VL",61758,41.73,3.09,0.00
"11/20/2012 15:45:00","LONGIL",61762,74.02,4.95,-30.43
"11/20/2012 15:45:00","MHK VL",61756,40.07,1.43,0.00
"11/20/2012 15:45:00","MILLWD",61759,41.85,3.21,0.00
"11/20/2012 15:45:00","N.Y.C.",61761,42.08,3.44,0.00
"11/20/2012 15:45:00","NORTH",61755,37.87,-0.77,0.00
"11/20/2012 15:45:00","NPX",61845,39.93,1.35,0.00
"11/20/2012 15:45:00","O H",61846,35.01,-3.63,0.00
"11/20/2012 15:45:00","PJM",61847,37.95,-0.69,0.00
"11/20/2012 15:45:00","WEST",61752,35.55,-3.09,0.00
"11/20/2012 15:50:00","CAPITL",61757,39.95,1.31,0.00
"11/20/2012 15:50:00","CENTRL",61754,38.99,0.35,0.00
"11/20/2012 15:50:00","DUNWOD",61760,41.81,3.17,0.00
"11/20/2012 15:50:00","GENESE",61753,38.18,-0.46,0.00
"11/20/2012 15:50:00","H Q",61844,37.79,-0.85,0.00
"11/20/2012 15:50:00","HUD VL",61758,41.73,3.09,0.00
"11/20/2012 15:50:00","LONGIL",61762,100.44,4.95,-56.85
"11/20/2012 15:50:00","MHK VL",61756,40.11,1.47,0.00
"11/20/2012 15:50:00","MILLWD",61759,41.85,3.21,0.00
"11/20/2012 15:50:00","N.Y.C.",61761,42.04,3.40,0.00
"11/20/2012 15:50:00","NORTH",61755,37.87,-0.77,0.00
"11/20/2012 15:50:00","NPX",61845,39.81,1.35,0.00
"11/20/2012 15:50:00","O H",61846,34.97,-3.67,0.00
"11/20/2012 15:50:00","PJM",61847,37.90,-0.74,0.00
"11/20/2012 15:50:00","WEST",61752,35.47,-3.17,0.00
"11/20/2012 15:55:00","CAPITL",61757,42.14,1.39,0.00
"11/20/2012 15:55:00","CENTRL",61754,41.12,0.37,0.00
"11/20/2012 15:55:00","DUNWOD",61760,44.09,3.34,0.00
"11/20/2012 15:55:00","GENESE",61753,40.26,-0.49,0.00
"11/20/2012 15:55:00","H Q",61844,39.89,-0.86,0.00
"11/20/2012 15:55:00","HUD VL",61758,44.01,3.26,0.00
"11/20/2012 15:55:00","LONGIL",61762,110.22,5.22,-64.26
"11/20/2012 15:55:00","MHK VL",61756,42.30,1.55,0.00
"11/20/2012 15:55:00","MILLWD",61759,44.13,3.38,0.00
"11/20/2012 15:55:00","N.Y.C.",61761,44.38,3.63,0.00
"11/20/2012 15:55:00","NORTH",61755,39.94,-0.81,0.00
"11/20/2012 15:55:00","NPX",61845,39.81,1.35,0.00
"11/20/2012 15:55:00","O H",61846,36.88,-3.87,0.00
"11/20/2012 15:55:00","PJM",61847,39.98,-0.78,0.00
"11/20/2012 15:55:00","WEST",61752,37.41,-3.34,0.00
"11/20/2012 16:00:00","CAPITL",61757,34.20,1.13,0.00
"11/20/2012 16:00:00","CENTRL",61754,33.50,0.43,0.00
"11/20/2012 16:00:00","DUNWOD",61760,35.88,2.81,0.00
"11/20/2012 16:00:00","GENESE",61753,32.98,-0.10,0.00
"11/20/2012 16:00:00","H Q",61844,32.32,-0.76,0.00
"11/20/2012 16:00:00","HUD VL",61758,35.79,2.71,0.00
"11/20/2012 16:00:00","LONGIL",61762,37.47,4.40,0.00
"11/20/2012 16:00:00","MHK VL",61756,34.30,1.22,0.00
"11/20/2012 16:00:00","MILLWD",61759,35.88,2.81,0.00
"11/20/2012 16:00:00","N.Y.C.",61761,36.08,3.01,0.00
"11/20/2012 16:00:00","NORTH",61755,32.25,-0.83,0.00
"11/20/2012 16:00:00","NPX",61845,39.81,1.35,0.00
"11/20/2012 16:00:00","O H",61846,30.33,-2.74,0.00
"11/20/2012 16:00:00","PJM",61847,32.68,-0.40,0.00
"11/20/2012 16:00:00","WEST",61752,30.82,-2.25,0.00
"11/20/2012 16:05:00","CAPITL",61757,36.15,1.22,0.00
"11/20/2012 16:05:00","CENTRL",61754,35.31,0.38,0.00
"11/20/2012 16:05:00","DUNWOD",61760,37.93,3.00,0.00
"11/20/2012 16:05:00","GENESE",61753,34.68,-0.24,0.00
"11/20/2012 16:05:00","H Q",61844,34.12,-0.80,0.00
"11/20/2012 16:05:00","HUD VL",61758,37.82,2.90,0.00
"11/20/2012 16:05:00","LONGIL",61762,73.14,4.71,-33.51
"11/20/2012 16:05:00","MHK VL",61756,36.22,1.29,0.00
"11/20/2012 16:05:00","MILLWD",61759,37.96,3.04,0.00
"11/20/2012 16:05:00","N.Y.C.",61761,38.17,3.25,0.00
"11/20/2012 16:05:00","NORTH",61755,34.05,-0.87,0.00
"11/20/2012 16:05:00","NPX",61845,165.91,1.20,-130.38
"11/20/2012 16:05:00","O H",61846,31.89,-3.04,0.00
"11/20/2012 16:05:00","PJM",61847,34.47,-0.46,0.00
"11/20/2012 16:05:00","WEST",61752,32.38,-2.55,0.00
"11/20/2012 16:10:00","CAPITL",61757,36.11,1.25,0.00
"11/20/2012 16:10:00","CENTRL",61754,35.11,0.25,0.00
"11/20/2012 16:10:00","DUNWOD",61760,37.93,3.07,0.00
"11/20/2012 16:10:00","GENESE",61753,34.51,-0.35,0.00
"11/20/2012 16:10:00","H Q",61844,34.09,-0.77,0.00
"11/20/2012 16:10:00","HUD VL",61758,37.82,2.96,0.00
"11/20/2012 16:10:00","LONGIL",61762,73.48,4.74,-33.88
"11/20/2012 16:10:00","MHK VL",61756,36.11,1.25,0.00
"11/20/2012 16:10:00","MILLWD",61759,37.96,3.10,0.00
"11/20/2012 16:10:00","N.Y.C.",61761,38.17,3.31,0.00
"11/20/2012 16:10:00","NORTH",61755,34.02,-0.84,0.00
"11/20/2012 16:10:00","NPX",61845,165.91,1.20,-130.38
"11/20/2012 16:10:00","O H",61846,31.55,-3.31,0.00
"11/20/2012 16:10:00","PJM",61847,34.20,-0.66,0.00
"11/20/2012 16:10:00","WEST",61752,32.00,-2.86,0.00
"11/20/2012 16:15:00","CAPITL",61757,36.08,1.22,0.00
"11/20/2012 16:15:00","CENTRL",61754,35.21,0.35,0.00
"11/20/2012 16:15:00","DUNWOD",61760,37.96,3.10,0.00
"11/20/2012 16:15:00","GENESE",61753,34.58,-0.28,0.00
"11/20/2012 16:15:00","H Q",61844,34.06,-0.80,0.00
"11/20/2012 16:15:00","HUD VL",61758,37.82,2.96,0.00
"11/20/2012 16:15:00","LONGIL",61762,73.48,4.78,-33.85
"11/20/2012 16:15:00","MHK VL",61756,36.15,1.29,0.00
"11/20/2012 16:15:00","MILLWD",61759,37.96,3.10,0.00
"11/20/2012 16:15:00","N.Y.C.",61761,38.21,3.35,0.00
"11/20/2012 16:15:00","NORTH",61755,33.99,-0.87,0.00
"11/20/2012 16:15:00","NPX",61845,165.91,1.20,-130.38
"11/20/2012 16:15:00","O H",61846,31.69,-3.17,0.00
"11/20/2012 16:15:00","PJM",61847,34.30,-0.56,0.00
"11/20/2012 16:15:00","WEST",61752,32.14,-2.72,0.00
"11/20/2012 16:20:00","CAPITL",61757,36.97,1.25,0.00
"11/20/2012 16:20:00","CENTRL",61754,36.15,0.43,0.00
"11/20/2012 16:20:00","DUNWOD",61760,38.86,3.14,0.00
"11/20/2012 16:20:00","GENESE",61753,35.47,-0.25,0.00
"11/20/2012 16:20:00","H Q",61844,34.90,-0.82,0.00
"11/20/2012 16:20:00","HUD VL",61758,38.75,3.03,0.00
"11/20/2012 16:20:00","LONGIL",61762,73.96,4.86,-33.39
"11/20/2012 16:20:00","MHK VL",61756,37.07,1.36,0.00
"11/20/2012 16:20:00","MILLWD",61759,38.86,3.14,0.00
"11/20/2012 16:20:00","N.Y.C.",61761,39.07,3.36,0.00
"11/20/2012 16:20:00","NORTH",61755,34.82,-0.89,0.00
"11/20/2012 16:20:00","NPX",61845,36.05,1.25,0.00
"11/20/2012 16:20:00","O H",61846,32.57,-3.14,0.00
"11/20/2012 16:20:00","PJM",61847,35.29,-0.43,0.00
"11/20/2012 16:20:00","WEST",61752,33.04,-2.68,0.00
"11/20/2012 16:25:00","CAPITL",61757,38.10,1.32,0.00
"11/20/2012 16:25:00","CENTRL",61754,37.18,0.41,0.00
"11/20/2012 16:25:00","DUNWOD",61760,39.98,3.20,0.00
"11/20/2012 16:25:00","GENESE",61753,36.52,-0.26,0.00
"11/20/2012 16:25:00","H Q",61844,35.93,-0.84,0.00
"11/20/2012 16:25:00","HUD VL",61758,39.87,3.09,0.00
"11/20/2012 16:25:00","LONGIL",61762,125.87,5.00,-84.10
"11/20/2012 16:25:00","MHK VL",61756,38.18,1.40,0.00
"11/20/2012 16:25:00","MILLWD",61759,40.02,3.24,0.00
"11/20/2012 16:25:00","N.Y.C.",61761,40.20,3.42,0.00
"11/20/2012 16:25:00","NORTH",61755,35.86,-0.92,0.00
"11/20/2012 16:25:00","NPX",61845,36.05,1.25,0.00
"11/20/2012 16:25:00","O H",61846,33.51,-3.27,0.00
"11/20/2012 16:25:00","PJM",61847,36.23,-0.55,0.00
"11/20/2012 16:25:00","WEST",61752,33.98,-2.80,0.00
"11/20/2012 16:30:00","CAPITL",61757,38.12,1.32,0.00
"11/20/2012 16:30:00","CENTRL",61754,37.21,0.41,0.00
"11/20/2012 16:30:00","DUNWOD",61760,40.00,3.20,0.00
"11/20/2012 16:30:00","GENESE",61753,36.58,-0.22,0.00
"11/20/2012 16:30:00","H Q",61844,35.96,-0.84,0.00
"11/20/2012 16:30:00","HUD VL",61758,39.89,3.09,0.00
"11/20/2012 16:30:00","LONGIL",61762,73.43,4.86,-31.77
"11/20/2012 16:30:00","MHK VL",61756,38.20,1.40,0.00
"11/20/2012 16:30:00","MILLWD",61759,40.04,3.24,0.00
"11/20/2012 16:30:00","N.Y.C.",61761,40.26,3.46,0.00
"11/20/2012 16:30:00","NORTH",61755,35.88,-0.92,0.00
"11/20/2012 16:30:00","NPX",61845,36.05,1.25,0.00
"11/20/2012 16:30:00","O H",61846,33.52,-3.28,0.00
"11/20/2012 16:30:00","PJM",61847,36.25,-0.55,0.00
"11/20/2012 16:30:00","WEST",61752,34.00,-2.80,0.00
"11/20/2012 16:35:00","CAPITL",61757,38.20,1.36,0.00
"11/20/2012 16:35:00","CENTRL",61754,37.28,0.44,0.00
"11/20/2012 16:35:00","DUNWOD",61760,40.00,3.17,0.00
"11/20/2012 16:35:00","GENESE",61753,36.69,-0.15,0.00
"11/20/2012 16:35:00","H Q",61844,35.99,-0.85,0.00
"11/20/2012 16:35:00","HUD VL",61758,39.93,3.09,0.00
"11/20/2012 16:35:00","LONGIL",61762,73.89,4.86,-32.19
"11/20/2012 16:35:00","MHK VL",61756,38.27,1.44,0.00
"11/20/2012 16:35:00","MILLWD",61759,40.03,3.20,0.00
"11/20/2012 16:35:00","N.Y.C.",61761,40.22,3.39,0.00
"11/20/2012 16:35:00","NORTH",61755,35.91,-0.92,0.00
"11/20/2012 16:35:00","NPX",61845,38.02,1.32,0.00
"11/20/2012 16:35:00","O H",61846,33.66,-3.17,0.00
"11/20/2012 16:35:00","PJM",61847,36.32,-0.52,0.00
"11/20/2012 16:35:00","WEST",61752,34.18,-2.65,0.00
"11/20/2012 16:40:00","CAPITL",61757,39.17,1.43,0.00
"11/20/2012 16:40:00","CENTRL",61754,38.11,0.38,0.00
"11/20/2012 16:40:00","DUNWOD",61760,41.02,3.28,0.00
"11/20/2012 16:40:00","GENESE",61753,37.51,-0.23,0.00
"11/20/2012 16:40:00","H Q",61844,36.87,-0.87,0.00
"11/20/2012 16:40:00","HUD VL",61758,40.94,3.21,0.00
"11/20/2012 16:40:00","LONGIL",61762,125.42,4.98,-82.70
"11/20/2012 16:40:00","MHK VL",61756,39.21,1.47,0.00
"11/20/2012 16:40:00","MILLWD",61759,41.06,3.32,0.00
"11/20/2012 16:40:00","N.Y.C.",61761,41.25,3.51,0.00
"11/20/2012 16:40:00","NORTH",61755,36.79,-0.94,0.00
"11/20/2012 16:40:00","NPX",61845,38.02,1.32,0.00
"11/20/2012 16:40:00","O H",61846,34.38,-3.36,0.00
"11/20/2012 16:40:00","PJM",61847,37.17,-0.57,0.00
"11/20/2012 16:40:00","WEST",61752,34.91,-2.83,0.00
"11/20/2012 16:45:00","CAPITL",61757,40.42,1.52,0.00
"11/20/2012 16:45:00","CENTRL",61754,39.21,0.31,0.00
"11/20/2012 16:45:00","DUNWOD",61760,42.40,3.50,0.00
"11/20/2012 16:45:00","GENESE",61753,38.47,-0.43,0.00
"11/20/2012 16:45:00","H Q",61844,38.01,-0.89,0.00
"11/20/2012 16:45:00","HUD VL",61758,42.28,3.38,0.00
"11/20/2012 16:45:00","LONGIL",61762,120.98,5.25,-76.83
"11/20/2012 16:45:00","MHK VL",61756,40.42,1.52,0.00
"11/20/2012 16:45:00","MILLWD",61759,42.44,3.54,0.00
"11/20/2012 16:45:00","N.Y.C.",61761,42.64,3.73,0.00
"11/20/2012 16:45:00","NORTH",61755,37.93,-0.97,0.00
"11/20/2012 16:45:00","NPX",61845,38.02,1.32,0.00
"11/20/2012 16:45:00","O H",61846,35.09,-3.81,0.00
"11/20/2012 16:45:00","PJM",61847,38.20,-0.70,0.00
"11/20/2012 16:45:00","WEST",61752,35.63,-3.27,0.00
"11/20/2012 16:50:00","CAPITL",61757,46.70,1.75,0.00
"11/20/2012 16:50:00","CENTRL",61754,45.44,0.50,0.00
"11/20/2012 16:50:00","DUNWOD",61760,48.90,3.96,0.00
"11/20/2012 16:50:00","GENESE",61753,44.49,-0.45,0.00
"11/20/2012 16:50:00","H Q",61844,43.91,-1.03,0.00
"11/20/2012 16:50:00","HUD VL",61758,48.81,3.87,0.00
"11/20/2012 16:50:00","LONGIL",61762,133.35,6.02,-82.38
"11/20/2012 16:50:00","MHK VL",61756,46.74,1.80,0.00
"11/20/2012 16:50:00","MILLWD",61759,48.94,4.00,0.00
"11/20/2012 16:50:00","N.Y.C.",61761,49.17,4.22,0.00
"11/20/2012 16:50:00","NORTH",61755,43.82,-1.12,0.00
"11/20/2012 16:50:00","NPX",61845,40.03,1.35,0.00
"11/20/2012 16:50:00","O H",61846,40.59,-4.36,0.00
"11/20/2012 16:50:00","PJM",61847,44.27,-0.67,0.00
"11/20/2012 16:50:00","WEST",61752,41.17,-3.78,0.00
"11/20/2012 16:55:00","CAPITL",61757,43.09,1.66,0.00
"11/20/2012 16:55:00","CENTRL",61754,41.80,0.37,0.00
"11/20/2012 16:55:00","DUNWOD",61760,45.04,3.60,0.00
"11/20/2012 16:55:00","GENESE",61753,41.10,-0.33,0.00
"11/20/2012 16:55:00","H Q",61844,40.48,-0.95,0.00
"11/20/2012 16:55:00","HUD VL",61758,44.95,3.52,0.00
"11/20/2012 16:55:00","LONGIL",61762,162.37,5.55,-115.39
"11/20/2012 16:55:00","MHK VL",61756,43.09,1.66,0.00
"11/20/2012 16:55:00","MILLWD",61759,45.12,3.69,0.00
"11/20/2012 16:55:00","N.Y.C.",61761,45.29,3.85,0.00
"11/20/2012 16:55:00","NORTH",61755,40.44,-0.99,0.00
"11/20/2012 16:55:00","NPX",61845,40.03,1.35,0.00
"11/20/2012 16:55:00","O H",61846,37.37,-4.06,0.00
"11/20/2012 16:55:00","PJM",61847,40.56,-0.87,0.00
"11/20/2012 16:55:00","WEST",61752,37.95,-3.48,0.00
"11/20/2012 17:00:00","CAPITL",61757,41.53,1.48,0.00
"11/20/2012 17:00:00","CENTRL",61754,40.57,0.52,0.00
"11/20/2012 17:00:00","DUNWOD",61760,43.49,3.44,0.00
"11/20/2012 17:00:00","GENESE",61753,40.05,0.00,0.00
"11/20/2012 17:00:00","H Q",61844,39.13,-0.92,0.00
"11/20/2012 17:00:00","HUD VL",61758,43.45,3.40,0.00
"11/20/2012 17:00:00","LONGIL",61762,45.29,5.24,0.00
"11/20/2012 17:00:00","MHK VL",61756,41.65,1.60,0.00
"11/20/2012 17:00:00","MILLWD",61759,43.57,3.53,0.00
"11/20/2012 17:00:00","N.Y.C.",61761,43.69,3.64,0.00
"11/20/2012 17:00:00","NORTH",61755,39.05,-1.00,0.00
"11/20/2012 17:00:00","NPX",61845,40.03,1.35,0.00
"11/20/2012 17:00:00","O H",61846,36.56,-3.48,0.00
"11/20/2012 17:00:00","PJM",61847,39.45,-0.60,0.00
"11/20/2012 17:00:00","WEST",61752,37.21,-2.84,0.00
"11/20/2012 17:05:00","CAPITL",61757,45.98,1.68,0.00
"11/20/2012 17:05:00","CENTRL",61754,45.00,0.71,0.00
"11/20/2012 17:05:00","DUNWOD",61760,48.06,3.76,0.00
"11/20/2012 17:05:00","GENESE",61753,44.30,0.00,0.00
"11/20/2012 17:05:00","H Q",61844,43.23,-1.06,0.00
"11/20/2012 17:05:00","HUD VL",61758,48.02,3.72,0.00
"11/20/2012 17:05:00","LONGIL",61762,74.47,5.80,-24.37
"11/20/2012 17:05:00","MHK VL",61756,46.11,1.82,0.00
"11/20/2012 17:05:00","MILLWD",61759,48.11,3.81,0.00
"11/20/2012 17:05:00","N.Y.C.",61761,48.24,3.94,0.00
"11/20/2012 17:05:00","NORTH",61755,43.14,-1.15,0.00
"11/20/2012 17:05:00","NPX",61845,242.15,1.43,-199.93
"11/20/2012 17:05:00","O H",61846,40.58,-3.72,0.00
"11/20/2012 17:05:00","PJM",61847,43.90,-0.40,0.00
"11/20/2012 17:05:00","WEST",61752,41.19,-3.10,0.00
"11/20/2012 17:10:00","CAPITL",61757,46.08,1.69,0.00
"11/20/2012 17:10:00","CENTRL",61754,45.06,0.67,0.00
"11/20/2012 17:10:00","DUNWOD",61760,48.13,3.73,0.00
"11/20/2012 17:10:00","GENESE",61753,44.35,-0.04,0.00
"11/20/2012 17:10:00","H Q",61844,43.38,-1.02,0.00
"11/20/2012 17:10:00","HUD VL",61758,48.08,3.68,0.00
"11/20/2012 17:10:00","LONGIL",61762,118.70,5.86,-68.44
"11/20/2012 17:10:00","MHK VL",61756,46.26,1.86,0.00
"11/20/2012 17:10:00","MILLWD",61759,48.21,3.82,0.00
"11/20/2012 17:10:00","N.Y.C.",61761,48.35,3.95,0.00
"11/20/2012 17:10:00","NORTH",61755,43.33,-1.07,0.00
"11/20/2012 17:10:00","NPX",61845,242.15,1.43,-199.93
"11/20/2012 17:10:00","O H",61846,40.53,-3.86,0.00
"11/20/2012 17:10:00","PJM",61847,43.87,-0.53,0.00
"11/20/2012 17:10:00","WEST",61752,41.20,-3.20,0.00
"11/20/2012 17:15:00","CAPITL",61757,46.43,1.74,0.00
"11/20/2012 17:15:00","CENTRL",61754,45.27,0.58,0.00
"11/20/2012 17:15:00","DUNWOD",61760,48.58,3.89,0.00
"11/20/2012 17:15:00","GENESE",61753,44.43,-0.27,0.00
"11/20/2012 17:15:00","H Q",61844,43.67,-1.03,0.00
"11/20/2012 17:15:00","HUD VL",61758,48.49,3.80,0.00
"11/20/2012 17:15:00","LONGIL",61762,75.34,5.90,-24.75
"11/20/2012 17:15:00","MHK VL",61756,46.57,1.88,0.00
"11/20/2012 17:15:00","MILLWD",61759,48.67,3.98,0.00
"11/20/2012 17:15:00","N.Y.C.",61761,48.80,4.11,0.00
"11/20/2012 17:15:00","NORTH",61755,43.58,-1.12,0.00
"11/20/2012 17:15:00","NPX",61845,242.15,1.43,-199.93
"11/20/2012 17:15:00","O H",61846,40.54,-4.16,0.00
"11/20/2012 17:15:00","PJM",61847,44.02,-0.67,0.00
"11/20/2012 17:15:00","WEST",61752,41.21,-3.49,0.00
"11/20/2012 17:20:00","CAPITL",61757,50.97,1.87,0.00
"11/20/2012 17:20:00","CENTRL",61754,49.75,0.64,0.00
"11/20/2012 17:20:00","DUNWOD",61760,53.33,4.22,0.00
"11/20/2012 17:20:00","GENESE",61753,48.86,-0.24,0.00
"11/20/2012 17:20:00","H Q",61844,47.98,-1.13,0.00
"11/20/2012 17:20:00","HUD VL",61758,53.28,4.17,0.00
"11/20/2012 17:20:00","LONGIL",61762,75.47,6.48,-19.88
"11/20/2012 17:20:00","MHK VL",61756,51.17,2.06,0.00
"11/20/2012 17:20:00","MILLWD",61759,53.43,4.32,0.00
"11/20/2012 17:20:00","N.Y.C.",61761,53.53,4.42,0.00
"11/20/2012 17:20:00","NORTH",61755,47.93,-1.18,0.00
"11/20/2012 17:20:00","NPX",61845,45.83,1.55,0.00
"11/20/2012 17:20:00","O H",61846,44.59,-4.52,0.00
"11/20/2012 17:20:00","PJM",61847,48.37,-0.74,0.00
"11/20/2012 17:20:00","WEST",61752,45.33,-3.78,0.00
"11/20/2012 17:25:00","CAPITL",61757,46.34,1.70,0.00
"11/20/2012 17:25:00","CENTRL",61754,45.22,0.58,0.00
"11/20/2012 17:25:00","DUNWOD",61760,48.48,3.84,0.00
"11/20/2012 17:25:00","GENESE",61753,44.42,-0.22,0.00
"11/20/2012 17:25:00","H Q",61844,43.62,-1.03,0.00
"11/20/2012 17:25:00","HUD VL",61758,48.44,3.79,0.00
"11/20/2012 17:25:00","LONGIL",61762,79.97,5.89,-29.43
"11/20/2012 17:25:00","MHK VL",61756,46.52,1.87,0.00
"11/20/2012 17:25:00","MILLWD",61759,48.57,3.93,0.00
"11/20/2012 17:25:00","N.Y.C.",61761,48.66,4.02,0.00
"11/20/2012 17:25:00","NORTH",61755,43.57,-1.07,0.00
"11/20/2012 17:25:00","NPX",61845,45.83,1.55,0.00
"11/20/2012 17:25:00","O H",61846,40.49,-4.15,0.00
"11/20/2012 17:25:00","PJM",61847,43.98,-0.67,0.00
"11/20/2012 17:25:00","WEST",61752,41.21,-3.44,0.00
"11/20/2012 17:30:00","CAPITL",61757,45.79,1.63,0.00
"11/20/2012 17:30:00","CENTRL",61754,44.82,0.66,0.00
"11/20/2012 17:30:00","DUNWOD",61760,47.91,3.75,0.00
"11/20/2012 17:30:00","GENESE",61753,44.12,-0.04,0.00
"11/20/2012 17:30:00","H Q",61844,43.15,-1.01,0.00
"11/20/2012 17:30:00","HUD VL",61758,47.87,3.71,0.00
"11/20/2012 17:30:00","LONGIL",61762,75.36,5.74,-25.46
"11/20/2012 17:30:00","MHK VL",61756,46.01,1.85,0.00
"11/20/2012 17:30:00","MILLWD",61759,48.00,3.84,0.00
"11/20/2012 17:30:00","N.Y.C.",61761,48.09,3.93,0.00
"11/20/2012 17:30:00","NORTH",61755,43.06,-1.10,0.00
"11/20/2012 17:30:00","NPX",61845,45.83,1.55,0.00
"11/20/2012 17:30:00","O H",61846,40.36,-3.80,0.00
"11/20/2012 17:30:00","PJM",61847,43.58,-0.58,0.00
"11/20/2012 17:30:00","WEST",61752,41.07,-3.09,0.00
"11/20/2012 17:35:00","CAPITL",61757,42.63,1.56,0.00
"11/20/2012 17:35:00","CENTRL",61754,41.60,0.53,0.00
"11/20/2012 17:35:00","DUNWOD",61760,44.64,3.57,0.00
"11/20/2012 17:35:00","GENESE",61753,40.94,-0.12,0.00
"11/20/2012 17:35:00","H Q",61844,40.12,-0.94,0.00
"11/20/2012 17:35:00","HUD VL",61758,44.60,3.53,0.00
"11/20/2012 17:35:00","LONGIL",61762,75.26,5.42,-28.78
"11/20/2012 17:35:00","MHK VL",61756,42.75,1.68,0.00
"11/20/2012 17:35:00","MILLWD",61759,44.72,3.65,0.00
"11/20/2012 17:35:00","N.Y.C.",61761,44.84,3.78,0.00
"11/20/2012 17:35:00","NORTH",61755,40.08,-0.99,0.00
"11/20/2012 17:35:00","NPX",61845,46.45,1.57,0.00
"11/20/2012 17:35:00","O H",61846,37.41,-3.66,0.00
"11/20/2012 17:35:00","PJM",61847,40.53,-0.54,0.00
"11/20/2012 17:35:00","WEST",61752,38.07,-3.00,0.00
"11/20/2012 17:40:00","CAPITL",61757,45.86,1.68,0.00
"11/20/2012 17:40:00","CENTRL",61754,44.85,0.66,0.00
"11/20/2012 17:40:00","DUNWOD",61760,47.89,3.71,0.00
"11/20/2012 17:40:00","GENESE",61753,44.18,0.00,0.00
"11/20/2012 17:40:00","H Q",61844,43.12,-1.06,0.00
"11/20/2012 17:40:00","HUD VL",61758,47.89,3.71,0.00
"11/20/2012 17:40:00","LONGIL",61762,75.36,5.66,-25.53
"11/20/2012 17:40:00","MHK VL",61756,46.04,1.86,0.00
"11/20/2012 17:40:00","MILLWD",61759,48.02,3.84,0.00
"11/20/2012 17:40:00","N.Y.C.",61761,48.07,3.89,0.00
"11/20/2012 17:40:00","NORTH",61755,43.08,-1.10,0.00
"11/20/2012 17:40:00","NPX",61845,46.45,1.57,0.00
"11/20/2012 17:40:00","O H",61846,40.47,-3.71,0.00
"11/20/2012 17:40:00","PJM",61847,43.70,-0.49,0.00
"11/20/2012 17:40:00","WEST",61752,41.18,-3.01,0.00
"11/20/2012 17:45:00","CAPITL",61757,45.88,1.68,0.00
"11/20/2012 17:45:00","CENTRL",61754,44.82,0.62,0.00
"11/20/2012 17:45:00","DUNWOD",61760,47.91,3.71,0.00
"11/20/2012 17:45:00","GENESE",61753,44.20,0.00,0.00
"11/20/2012 17:45:00","H Q",61844,43.18,-1.01,0.00
"11/20/2012 17:45:00","HUD VL",61758,47.91,3.71,0.00
"11/20/2012 17:45:00","LONGIL",61762,79.96,5.66,-30.10
"11/20/2012 17:45:00","MHK VL",61756,46.01,1.81,0.00
"11/20/2012 17:45:00","MILLWD",61759,48.04,3.84,0.00
"11/20/2012 17:45:00","N.Y.C.",61761,48.09,3.89,0.00
"11/20/2012 17:45:00","NORTH",61755,43.14,-1.06,0.00
"11/20/2012 17:45:00","NPX",61845,46.45,1.57,0.00
"11/20/2012 17:45:00","O H",61846,40.40,-3.80,0.00
"11/20/2012 17:45:00","PJM",61847,43.62,-0.58,0.00
"11/20/2012 17:45:00","WEST",61752,41.10,-3.10,0.00
"11/20/2012 17:50:00","CAPITL",61757,45.88,1.68,0.00
"11/20/2012 17:50:00","CENTRL",61754,44.82,0.62,0.00
"11/20/2012 17:50:00","DUNWOD",61760,47.91,3.71,0.00
"11/20/2012 17:50:00","GENESE",61753,44.20,0.00,0.00
"11/20/2012 17:50:00","H Q",61844,43.18,-1.01,0.00
"11/20/2012 17:50:00","HUD VL",61758,47.91,3.71,0.00
"11/20/2012 17:50:00","LONGIL",61762,79.43,5.66,-29.57
"11/20/2012 17:50:00","MHK VL",61756,46.01,1.81,0.00
"11/20/2012 17:50:00","MILLWD",61759,48.04,3.84,0.00
"11/20/2012 17:50:00","N.Y.C.",61761,48.09,3.89,0.00
"11/20/2012 17:50:00","NORTH",61755,43.14,-1.06,0.00
"11/20/2012 17:50:00","NPX",61845,49.57,1.68,0.00
"11/20/2012 17:50:00","O H",61846,40.40,-3.80,0.00
"11/20/2012 17:50:00","PJM",61847,43.58,-0.62,0.00
"11/20/2012 17:50:00","WEST",61752,41.06,-3.14,0.00
"11/20/2012 17:55:00","CAPITL",61757,45.84,1.68,0.00
"11/20/2012 17:55:00","CENTRL",61754,44.73,0.57,0.00
"11/20/2012 17:55:00","DUNWOD",61760,47.91,3.75,0.00
"11/20/2012 17:55:00","GENESE",61753,44.20,0.04,0.00
"11/20/2012 17:55:00","H Q",61844,43.15,-1.01,0.00
"11/20/2012 17:55:00","HUD VL",61758,47.91,3.75,0.00
"11/20/2012 17:55:00","LONGIL",61762,79.47,5.74,-29.57
"11/20/2012 17:55:00","MHK VL",61756,46.01,1.85,0.00
"11/20/2012 17:55:00","MILLWD",61759,48.05,3.89,0.00
"11/20/2012 17:55:00","N.Y.C.",61761,48.05,3.89,0.00
"11/20/2012 17:55:00","NORTH",61755,43.06,-1.10,0.00
"11/20/2012 17:55:00","NPX",61845,49.57,1.68,0.00
"11/20/2012 17:55:00","O H",61846,40.36,-3.80,0.00
"11/20/2012 17:55:00","PJM",61847,43.54,-0.62,0.00
"11/20/2012 17:55:00","WEST",61752,41.07,-3.09,0.00
"11/20/2012 18:00:00","CAPITL",61757,38.74,1.42,0.00
"11/20/2012 18:00:00","CENTRL",61754,37.92,0.60,0.00
"11/20/2012 18:00:00","DUNWOD",61760,40.42,3.10,0.00
"11/20/2012 18:00:00","GENESE",61753,37.47,0.15,0.00
"11/20/2012 18:00:00","H Q",61844,36.46,-0.86,0.00
"11/20/2012 18:00:00","HUD VL",61758,40.46,3.14,0.00
"11/20/2012 18:00:00","LONGIL",61762,79.28,4.78,-37.18
"11/20/2012 18:00:00","MHK VL",61756,38.89,1.57,0.00
"11/20/2012 18:00:00","MILLWD",61759,40.57,3.25,0.00
"11/20/2012 18:00:00","N.Y.C.",61761,40.57,3.25,0.00
"11/20/2012 18:00:00","NORTH",61755,36.43,-0.90,0.00
"11/20/2012 18:00:00","NPX",61845,49.57,1.68,0.00
"11/20/2012 18:00:00","O H",61846,34.33,-2.99,0.00
"11/20/2012 18:00:00","PJM",61847,36.91,-0.41,0.00
"11/20/2012 18:00:00","WEST",61752,34.97,-2.35,0.00
"11/20/2012 18:05:00","CAPITL",61757,38.48,1.37,0.00
"11/20/2012 18:05:00","CENTRL",61754,37.74,0.63,0.00
"11/20/2012 18:05:00","DUNWOD",61760,40.15,3.04,0.00
"11/20/2012 18:05:00","GENESE",61753,37.37,0.26,0.00
"11/20/2012 18:05:00","H Q",61844,36.26,-0.85,0.00
"11/20/2012 18:05:00","HUD VL",61758,40.19,3.08,0.00
"11/20/2012 18:05:00","LONGIL",61762,79.23,4.75,-37.38
"11/20/2012 18:05:00","MHK VL",61756,38.67,1.56,0.00
"11/20/2012 18:05:00","MILLWD",61759,40.26,3.15,0.00
"11/20/2012 18:05:00","N.Y.C.",61761,40.30,3.19,0.00
"11/20/2012 18:05:00","NORTH",61755,36.22,-0.89,0.00
"11/20/2012 18:05:00","NPX",61845,215.27,1.43,-172.86
"11/20/2012 18:05:00","O H",61846,34.32,-2.78,0.00
"11/20/2012 18:05:00","PJM",61847,36.77,-0.33,0.00
"11/20/2012 18:05:00","WEST",61752,34.95,-2.15,0.00
"11/20/2012 18:10:00","CAPITL",61757,38.69,1.42,0.00
"11/20/2012 18:10:00","CENTRL",61754,37.87,0.59,0.00
"11/20/2012 18:10:00","DUNWOD",61760,40.41,3.13,0.00
"11/20/2012 18:10:00","GENESE",61753,37.47,0.19,0.00
"11/20/2012 18:10:00","H Q",61844,36.38,-0.90,0.00
"11/20/2012 18:10:00","HUD VL",61758,40.45,3.17,0.00
"11/20/2012 18:10:00","LONGIL",61762,75.20,4.81,-33.11
"11/20/2012 18:10:00","MHK VL",61756,38.84,1.57,0.00
"11/20/2012 18:10:00","MILLWD",61759,40.52,3.24,0.00
"11/20/2012 18:10:00","N.Y.C.",61761,40.52,3.24,0.00
"11/20/2012 18:10:00","NORTH",61755,36.31,-0.97,0.00
"11/20/2012 18:10:00","NPX",61845,215.27,1.43,-172.86
"11/20/2012 18:10:00","O H",61846,34.37,-2.91,0.00
"11/20/2012 18:10:00","PJM",61847,36.94,-0.34,0.00
"11/20/2012 18:10:00","WEST",61752,35.00,-2.28,0.00
"11/20/2012 18:15:00","CAPITL",61757,38.82,1.42,0.00
"11/20/2012 18:15:00","CENTRL",61754,38.00,0.60,0.00
"11/20/2012 18:15:00","DUNWOD",61760,40.55,3.14,0.00
"11/20/2012 18:15:00","GENESE",61753,37.52,0.11,0.00
"11/20/2012 18:15:00","H Q",61844,36.51,-0.90,0.00
"11/20/2012 18:15:00","HUD VL",61758,40.58,3.18,0.00
"11/20/2012 18:15:00","LONGIL",61762,75.13,4.79,-32.93
"11/20/2012 18:15:00","MHK VL",61756,38.97,1.57,0.00
"11/20/2012 18:15:00","MILLWD",61759,40.70,3.29,0.00
"11/20/2012 18:15:00","N.Y.C.",61761,40.70,3.29,0.00
"11/20/2012 18:15:00","NORTH",61755,36.43,-0.97,0.00
"11/20/2012 18:15:00","NPX",61845,215.27,1.43,-172.86
"11/20/2012 18:15:00","O H",61846,34.37,-3.03,0.00
"11/20/2012 18:15:00","PJM",61847,37.07,-0.34,0.00
"11/20/2012 18:15:00","WEST",61752,35.05,-2.36,0.00
"11/20/2012 18:20:00","CAPITL",61757,39.12,1.47,0.00
"11/20/2012 18:20:00","CENTRL",61754,38.22,0.57,0.00
"11/20/2012 18:20:00","DUNWOD",61760,40.89,3.24,0.00
"11/20/2012 18:20:00","GENESE",61753,37.65,0.00,0.00
"11/20/2012 18:20:00","H Q",61844,36.75,-0.90,0.00
"11/20/2012 18:20:00","HUD VL",61758,40.89,3.24,0.00
"11/20/2012 18:20:00","LONGIL",61762,79.14,4.89,-36.59
"11/20/2012 18:20:00","MHK VL",61756,39.23,1.58,0.00
"11/20/2012 18:20:00","MILLWD",61759,41.00,3.35,0.00
"11/20/2012 18:20:00","N.Y.C.",61761,41.00,3.35,0.00
"11/20/2012 18:20:00","NORTH",61755,36.67,-0.98,0.00
"11/20/2012 18:20:00","NPX",61845,41.45,1.40,0.00
"11/20/2012 18:20:00","O H",61846,34.45,-3.20,0.00
"11/20/2012 18:20:00","PJM",61847,37.28,-0.38,0.00
"11/20/2012 18:20:00","WEST",61752,35.09,-2.56,0.00
"11/20/2012 18:25:00","CAPITL",61757,38.69,1.42,0.00
"11/20/2012 18:25:00","CENTRL",61754,37.91,0.63,0.00
"11/20/2012 18:25:00","DUNWOD",61760,40.41,3.13,0.00
"11/20/2012 18:25:00","GENESE",61753,37.39,0.11,0.00
"11/20/2012 18:25:00","H Q",61844,36.38,-0.90,0.00
"11/20/2012 18:25:00","HUD VL",61758,40.41,3.13,0.00
"11/20/2012 18:25:00","LONGIL",61762,75.12,4.77,-33.07
"11/20/2012 18:25:00","MHK VL",61756,38.84,1.57,0.00
"11/20/2012 18:25:00","MILLWD",61759,40.52,3.24,0.00
"11/20/2012 18:25:00","N.Y.C.",61761,40.52,3.24,0.00
"11/20/2012 18:25:00","NORTH",61755,36.35,-0.93,0.00
"11/20/2012 18:25:00","NPX",61845,41.45,1.40,0.00
"11/20/2012 18:25:00","O H",61846,34.33,-2.95,0.00
"11/20/2012 18:25:00","PJM",61847,36.98,-0.30,0.00
"11/20/2012 18:25:00","WEST",61752,34.97,-2.31,0.00
"11/20/2012 18:30:00","CAPITL",61757,38.20,1.40,0.00
"11/20/2012 18:30:00","CENTRL",61754,37.39,0.59,0.00
"11/20/2012 18:30:00","DUNWOD",61760,39.93,3.13,0.00
"11/20/2012 18:30:00","GENESE",61753,36.87,0.07,0.00
"11/20/2012 18:30:00","H Q",61844,35.92,-0.88,0.00
"11/20/2012 18:30:00","HUD VL",61758,39.93,3.13,0.00
"11/20/2012 18:30:00","LONGIL",61762,75.02,4.75,-33.47
"11/20/2012 18:30:00","MHK VL",61756,38.35,1.55,0.00
"11/20/2012 18:30:00","MILLWD",61759,40.04,3.24,0.00
"11/20/2012 18:30:00","N.Y.C.",61761,40.07,3.27,0.00
"11/20/2012 18:30:00","NORTH",61755,35.84,-0.96,0.00
"11/20/2012 18:30:00","NPX",61845,41.45,1.40,0.00
"11/20/2012 18:30:00","O H",61846,33.82,-2.98,0.00
"11/20/2012 18:30:00","PJM",61847,36.50,-0.30,0.00
"11/20/2012 18:30:00","WEST",61752,34.48,-2.32,0.00
"11/20/2012 18:35:00","CAPITL",61757,38.20,1.43,0.00
"11/20/2012 18:35:00","CENTRL",61754,37.32,0.55,0.00
"11/20/2012 18:35:00","DUNWOD",61760,39.93,3.16,0.00
"11/20/2012 18:35:00","GENESE",61753,36.76,0.00,0.00
"11/20/2012 18:35:00","H Q",61844,35.88,-0.88,0.00
"11/20/2012 18:35:00","HUD VL",61758,39.93,3.16,0.00
"11/20/2012 18:35:00","LONGIL",61762,75.02,4.78,-33.47
"11/20/2012 18:35:00","MHK VL",61756,38.31,1.54,0.00
"11/20/2012 18:35:00","MILLWD",61759,40.03,3.27,0.00
"11/20/2012 18:35:00","N.Y.C.",61761,40.07,3.31,0.00
"11/20/2012 18:35:00","NORTH",61755,35.81,-0.96,0.00
"11/20/2012 18:35:00","NPX",61845,39.97,1.35,0.00
"11/20/2012 18:35:00","O H",61846,33.68,-3.09,0.00
"11/20/2012 18:35:00","PJM",61847,36.43,-0.33,0.00
"11/20/2012 18:35:00","WEST",61752,34.30,-2.46,0.00
"11/20/2012 18:40:00","CAPITL",61757,38.20,1.43,0.00
"11/20/2012 18:40:00","CENTRL",61754,37.28,0.51,0.00
"11/20/2012 18:40:00","DUNWOD",61760,39.93,3.16,0.00
"11/20/2012 18:40:00","GENESE",61753,36.76,0.00,0.00
"11/20/2012 18:40:00","H Q",61844,35.88,-0.88,0.00
"11/20/2012 18:40:00","HUD VL",61758,39.93,3.16,0.00
"11/20/2012 18:40:00","LONGIL",61762,75.05,4.81,-33.47
"11/20/2012 18:40:00","MHK VL",61756,38.31,1.54,0.00
"11/20/2012 18:40:00","MILLWD",61759,40.03,3.27,0.00
"11/20/2012 18:40:00","N.Y.C.",61761,40.07,3.31,0.00
"11/20/2012 18:40:00","NORTH",61755,35.77,-0.99,0.00
"11/20/2012 18:40:00","NPX",61845,39.97,1.35,0.00
"11/20/2012 18:40:00","O H",61846,33.64,-3.13,0.00
"11/20/2012 18:40:00","PJM",61847,36.36,-0.40,0.00
"11/20/2012 18:40:00","WEST",61752,34.26,-2.50,0.00
"11/20/2012 18:45:00","CAPITL",61757,38.20,1.43,0.00
"11/20/2012 18:45:00","CENTRL",61754,37.28,0.51,0.00
"11/20/2012 18:45:00","DUNWOD",61760,39.93,3.16,0.00
"11/20/2012 18:45:00","GENESE",61753,36.73,-0.04,0.00
"11/20/2012 18:45:00","H Q",61844,35.88,-0.88,0.00
"11/20/2012 18:45:00","HUD VL",61758,39.93,3.16,0.00
"11/20/2012 18:45:00","LONGIL",61762,75.02,4.78,-33.47
"11/20/2012 18:45:00","MHK VL",61756,38.27,1.51,0.00
"11/20/2012 18:45:00","MILLWD",61759,40.03,3.27,0.00
"11/20/2012 18:45:00","N.Y.C.",61761,40.07,3.31,0.00
"11/20/2012 18:45:00","NORTH",61755,35.81,-0.96,0.00
"11/20/2012 18:45:00","NPX",61845,39.97,1.35,0.00
"11/20/2012 18:45:00","O H",61846,33.64,-3.13,0.00
"11/20/2012 18:45:00","PJM",61847,36.36,-0.40,0.00
"11/20/2012 18:45:00","WEST",61752,34.26,-2.50,0.00
"11/20/2012 18:50:00","CAPITL",61757,38.00,1.42,0.00
"11/20/2012 18:50:00","CENTRL",61754,37.08,0.51,0.00
"11/20/2012 18:50:00","DUNWOD",61760,39.75,3.18,0.00
"11/20/2012 18:50:00","GENESE",61753,36.50,-0.07,0.00
"11/20/2012 18:50:00","H Q",61844,35.69,-0.88,0.00
"11/20/2012 18:50:00","HUD VL",61758,39.75,3.18,0.00
"11/20/2012 18:50:00","LONGIL",61762,75.05,4.79,-33.69
"11/20/2012 18:50:00","MHK VL",61756,38.07,1.50,0.00
"11/20/2012 18:50:00","MILLWD",61759,39.87,3.29,0.00
"11/20/2012 18:50:00","N.Y.C.",61761,39.90,3.33,0.00
"11/20/2012 18:50:00","NORTH",61755,35.62,-0.95,0.00
"11/20/2012 18:50:00","NPX",61845,39.31,1.36,0.00
"11/20/2012 18:50:00","O H",61846,33.43,-3.15,0.00
"11/20/2012 18:50:00","PJM",61847,36.17,-0.40,0.00
"11/20/2012 18:50:00","WEST",61752,34.05,-2.52,0.00
"11/20/2012 18:55:00","CAPITL",61757,37.21,1.40,0.00
"11/20/2012 18:55:00","CENTRL",61754,36.32,0.50,0.00
"11/20/2012 18:55:00","DUNWOD",61760,38.93,3.11,0.00
"11/20/2012 18:55:00","GENESE",61753,35.74,-0.07,0.00
"11/20/2012 18:55:00","H Q",61844,34.96,-0.86,0.00
"11/20/2012 18:55:00","HUD VL",61758,38.90,3.08,0.00
"11/20/2012 18:55:00","LONGIL",61762,74.42,4.65,-33.95
"11/20/2012 18:55:00","MHK VL",61756,37.29,1.47,0.00
"11/20/2012 18:55:00","MILLWD",61759,39.04,3.22,0.00
"11/20/2012 18:55:00","N.Y.C.",61761,39.08,3.26,0.00
"11/20/2012 18:55:00","NORTH",61755,34.88,-0.93,0.00
"11/20/2012 18:55:00","NPX",61845,39.31,1.36,0.00
"11/20/2012 18:55:00","O H",61846,32.77,-3.04,0.00
"11/20/2012 18:55:00","PJM",61847,35.46,-0.36,0.00
"11/20/2012 18:55:00","WEST",61752,33.38,-2.44,0.00
"11/20/2012 19:00:00","CAPITL",61757,39.21,1.47,0.00
"11/20/2012 19:00:00","CENTRL",61754,38.23,0.49,0.00
"11/20/2012 19:00:00","DUNWOD",61760,41.09,3.36,0.00
"11/20/2012 19:00:00","GENESE",61753,37.59,-0.15,0.00
"11/20/2012 19:00:00","H Q",61844,36.83,-0.91,0.00
"11/20/2012 19:00:00","HUD VL",61758,41.06,3.32,0.00
"11/20/2012 19:00:00","LONGIL",61762,74.44,4.98,-31.72
"11/20/2012 19:00:00","MHK VL",61756,39.28,1.55,0.00
"11/20/2012 19:00:00","MILLWD",61759,41.21,3.47,0.00
"11/20/2012 19:00:00","N.Y.C.",61761,41.21,3.47,0.00
"11/20/2012 19:00:00","NORTH",61755,36.76,-0.98,0.00
"11/20/2012 19:00:00","NPX",61845,39.31,1.36,0.00
"11/20/2012 19:00:00","O H",61846,34.42,-3.32,0.00
"11/20/2012 19:00:00","PJM",61847,37.32,-0.41,0.00
"11/20/2012 19:00:00","WEST",61752,35.06,-2.68,0.00
"11/20/2012 19:05:00","CAPITL",61757,38.59,1.45,0.00
"11/20/2012 19:05:00","CENTRL",61754,37.66,0.52,0.00
"11/20/2012 19:05:00","DUNWOD",61760,40.37,3.23,0.00
"11/20/2012 19:05:00","GENESE",61753,37.10,-0.04,0.00
"11/20/2012 19:05:00","H Q",61844,36.25,-0.89,0.00
"11/20/2012 19:05:00","HUD VL",61758,40.37,3.23,0.00
"11/20/2012 19:05:00","LONGIL",61762,74.14,4.86,-32.14
"11/20/2012 19:05:00","MHK VL",61756,38.66,1.52,0.00
"11/20/2012 19:05:00","MILLWD",61759,40.52,3.38,0.00
"11/20/2012 19:05:00","N.Y.C.",61761,40.52,3.38,0.00
"11/20/2012 19:05:00","NORTH",61755,36.14,-1.00,0.00
"11/20/2012 19:05:00","NPX",61845,122.21,1.36,-84.19
"11/20/2012 19:05:00","O H",61846,34.02,-3.12,0.00
"11/20/2012 19:05:00","PJM",61847,36.77,-0.37,0.00
"11/20/2012 19:05:00","WEST",61752,34.65,-2.49,0.00
"11/20/2012 19:10:00","CAPITL",61757,38.25,1.40,0.00
"11/20/2012 19:10:00","CENTRL",61754,37.40,0.55,0.00
"11/20/2012 19:10:00","DUNWOD",61760,40.05,3.20,0.00
"11/20/2012 19:10:00","GENESE",61753,36.88,0.04,0.00
"11/20/2012 19:10:00","H Q",61844,35.96,-0.88,0.00
"11/20/2012 19:10:00","HUD VL",61758,40.02,3.17,0.00
"11/20/2012 19:10:00","LONGIL",61762,74.45,4.83,-32.78
"11/20/2012 19:10:00","MHK VL",61756,38.36,1.51,0.00
"11/20/2012 19:10:00","MILLWD",61759,40.16,3.32,0.00
"11/20/2012 19:10:00","N.Y.C.",61761,40.20,3.35,0.00
"11/20/2012 19:10:00","NORTH",61755,35.89,-0.96,0.00
"11/20/2012 19:10:00","NPX",61845,122.21,1.36,-84.19
"11/20/2012 19:10:00","O H",61846,33.86,-2.98,0.00
"11/20/2012 19:10:00","PJM",61847,36.55,-0.30,0.00
"11/20/2012 19:10:00","WEST",61752,34.49,-2.36,0.00
"11/20/2012 19:15:00","CAPITL",61757,35.87,1.31,0.00
"11/20/2012 19:15:00","CENTRL",61754,35.01,0.45,0.00
"11/20/2012 19:15:00","DUNWOD",61760,37.56,3.01,0.00
"11/20/2012 19:15:00","GENESE",61753,34.52,-0.03,0.00
"11/20/2012 19:15:00","H Q",61844,33.76,-0.79,0.00
"11/20/2012 19:15:00","HUD VL",61758,37.53,2.97,0.00
"11/20/2012 19:15:00","LONGIL",61762,74.07,4.49,-35.02
"11/20/2012 19:15:00","MHK VL",61756,35.98,1.42,0.00
"11/20/2012 19:15:00","MILLWD",61759,37.67,3.11,0.00
"11/20/2012 19:15:00","N.Y.C.",61761,37.74,3.18,0.00
"11/20/2012 19:15:00","NORTH",61755,33.73,-0.83,0.00
"11/20/2012 19:15:00","NPX",61845,122.21,1.36,-84.19
"11/20/2012 19:15:00","O H",61846,31.62,-2.94,0.00
"11/20/2012 19:15:00","PJM",61847,34.15,-0.41,0.00
"11/20/2012 19:15:00","WEST",61752,32.21,-2.35,0.00
"11/20/2012 19:20:00","CAPITL",61757,38.13,1.40,0.00
"11/20/2012 19:20:00","CENTRL",61754,37.25,0.51,0.00
"11/20/2012 19:20:00","DUNWOD",61760,39.89,3.16,0.00
"11/20/2012 19:20:00","GENESE",61753,36.70,-0.04,0.00
"11/20/2012 19:20:00","H Q",61844,35.89,-0.84,0.00
"11/20/2012 19:20:00","HUD VL",61758,39.89,3.16,0.00
"11/20/2012 19:20:00","LONGIL",61762,74.13,4.74,-32.66
"11/20/2012 19:20:00","MHK VL",61756,38.24,1.51,0.00
"11/20/2012 19:20:00","MILLWD",61759,40.00,3.27,0.00
"11/20/2012 19:20:00","N.Y.C.",61761,40.07,3.34,0.00
"11/20/2012 19:20:00","NORTH",61755,35.82,-0.92,0.00
"11/20/2012 19:20:00","NPX",61845,37.04,1.32,0.00
"11/20/2012 19:20:00","O H",61846,33.65,-3.09,0.00
"11/20/2012 19:20:00","PJM",61847,36.33,-0.40,0.00
"11/20/2012 19:20:00","WEST",61752,34.27,-2.46,0.00
"11/20/2012 19:25:00","CAPITL",61757,38.28,1.40,0.00
"11/20/2012 19:25:00","CENTRL",61754,37.44,0.55,0.00
"11/20/2012 19:25:00","DUNWOD",61760,40.06,3.17,0.00
"11/20/2012 19:25:00","GENESE",61753,36.88,0.00,0.00
"11/20/2012 19:25:00","H Q",61844,36.04,-0.85,0.00
"11/20/2012 19:25:00","HUD VL",61758,40.06,3.17,0.00
"11/20/2012 19:25:00","LONGIL",61762,74.14,4.76,-32.49
"11/20/2012 19:25:00","MHK VL",61756,38.40,1.51,0.00
"11/20/2012 19:25:00","MILLWD",61759,40.16,3.28,0.00
"11/20/2012 19:25:00","N.Y.C.",61761,40.20,3.32,0.00
"11/20/2012 19:25:00","NORTH",61755,35.96,-0.92,0.00
"11/20/2012 19:25:00","NPX",61845,37.04,1.32,0.00
"11/20/2012 19:25:00","O H",61846,33.90,-2.99,0.00
"11/20/2012 19:25:00","PJM",61847,36.55,-0.33,0.00
"11/20/2012 19:25:00","WEST",61752,34.52,-2.36,0.00
"11/20/2012 19:30:00","CAPITL",61757,38.16,1.40,0.00
"11/20/2012 19:30:00","CENTRL",61754,37.28,0.51,0.00
"11/20/2012 19:30:00","DUNWOD",61760,39.93,3.16,0.00
"11/20/2012 19:30:00","GENESE",61753,36.76,0.00,0.00
"11/20/2012 19:30:00","H Q",61844,35.92,-0.84,0.00
"11/20/2012 19:30:00","HUD VL",61758,39.93,3.16,0.00
"11/20/2012 19:30:00","LONGIL",61762,74.13,4.74,-32.62
"11/20/2012 19:30:00","MHK VL",61756,38.27,1.51,0.00
"11/20/2012 19:30:00","MILLWD",61759,40.03,3.27,0.00
"11/20/2012 19:30:00","N.Y.C.",61761,40.07,3.31,0.00
"11/20/2012 19:30:00","NORTH",61755,35.85,-0.92,0.00
"11/20/2012 19:30:00","NPX",61845,37.04,1.32,0.00
"11/20/2012 19:30:00","O H",61846,33.75,-3.01,0.00
"11/20/2012 19:30:00","PJM",61847,36.40,-0.37,0.00
"11/20/2012 19:30:00","WEST",61752,34.41,-2.35,0.00
"11/20/2012 19:35:00","CAPITL",61757,38.16,1.40,0.00
"11/20/2012 19:35:00","CENTRL",61754,37.28,0.51,0.00
"11/20/2012 19:35:00","DUNWOD",61760,39.93,3.16,0.00
"11/20/2012 19:35:00","GENESE",61753,36.76,0.00,0.00
"11/20/2012 19:35:00","H Q",61844,35.92,-0.84,0.00
"11/20/2012 19:35:00","HUD VL",61758,39.93,3.16,0.00
"11/20/2012 19:35:00","LONGIL",61762,74.10,4.74,-32.59
"11/20/2012 19:35:00","MHK VL",61756,38.27,1.51,0.00
"11/20/2012 19:35:00","MILLWD",61759,40.03,3.27,0.00
"11/20/2012 19:35:00","N.Y.C.",61761,40.11,3.35,0.00
"11/20/2012 19:35:00","NORTH",61755,35.85,-0.92,0.00
"11/20/2012 19:35:00","NPX",61845,36.02,1.29,0.00
"11/20/2012 19:35:00","O H",61846,33.75,-3.01,0.00
"11/20/2012 19:35:00","PJM",61847,36.40,-0.37,0.00
"11/20/2012 19:35:00","WEST",61752,34.41,-2.35,0.00
"11/20/2012 19:40:00","CAPITL",61757,37.99,1.39,0.00
"11/20/2012 19:40:00","CENTRL",61754,37.15,0.55,0.00
"11/20/2012 19:40:00","DUNWOD",61760,39.75,3.15,0.00
"11/20/2012 19:40:00","GENESE",61753,36.60,0.00,0.00
"11/20/2012 19:40:00","H Q",61844,35.76,-0.84,0.00
"11/20/2012 19:40:00","HUD VL",61758,39.75,3.15,0.00
"11/20/2012 19:40:00","LONGIL",61762,73.70,4.69,-32.41
"11/20/2012 19:40:00","MHK VL",61756,38.11,1.50,0.00
"11/20/2012 19:40:00","MILLWD",61759,39.86,3.26,0.00
"11/20/2012 19:40:00","N.Y.C.",61761,39.90,3.30,0.00
"11/20/2012 19:40:00","NORTH",61755,35.69,-0.91,0.00
"11/20/2012 19:40:00","NPX",61845,36.02,1.29,0.00
"11/20/2012 19:40:00","O H",61846,33.67,-2.93,0.00
"11/20/2012 19:40:00","PJM",61847,36.31,-0.29,0.00
"11/20/2012 19:40:00","WEST",61752,34.33,-2.27,0.00
"11/20/2012 19:45:00","CAPITL",61757,37.00,1.32,0.00
"11/20/2012 19:45:00","CENTRL",61754,36.22,0.54,0.00
"11/20/2012 19:45:00","DUNWOD",61760,38.75,3.07,0.00
"11/20/2012 19:45:00","GENESE",61753,35.72,0.04,0.00
"11/20/2012 19:45:00","H Q",61844,34.86,-0.82,0.00
"11/20/2012 19:45:00","HUD VL",61758,38.75,3.07,0.00
"11/20/2012 19:45:00","LONGIL",61762,74.03,4.57,-33.78
"11/20/2012 19:45:00","MHK VL",61756,37.14,1.46,0.00
"11/20/2012 19:45:00","MILLWD",61759,38.85,3.17,0.00
"11/20/2012 19:45:00","N.Y.C.",61761,38.93,3.25,0.00
"11/20/2012 19:45:00","NORTH",61755,34.79,-0.89,0.00
"11/20/2012 19:45:00","NPX",61845,36.02,1.29,0.00
"11/20/2012 19:45:00","O H",61846,32.86,-2.82,0.00
"11/20/2012 19:45:00","PJM",61847,35.39,-0.29,0.00
"11/20/2012 19:45:00","WEST",61752,33.47,-2.21,0.00
"11/20/2012 19:50:00","CAPITL",61757,36.80,1.31,0.00
"11/20/2012 19:50:00","CENTRL",61754,36.05,0.57,0.00
"11/20/2012 19:50:00","DUNWOD",61760,38.54,3.05,0.00
"11/20/2012 19:50:00","GENESE",61753,35.52,0.04,0.00
"11/20/2012 19:50:00","H Q",61844,34.67,-0.81,0.00
"11/20/2012 19:50:00","HUD VL",61758,38.54,3.05,0.00
"11/20/2012 19:50:00","LONGIL",61762,40.09,4.58,-0.02
"11/20/2012 19:50:00","MHK VL",61756,36.98,1.49,0.00
"11/20/2012 19:50:00","MILLWD",61759,38.64,3.16,0.00
"11/20/2012 19:50:00","N.Y.C.",61761,38.68,3.19,0.00
"11/20/2012 19:50:00","NORTH",61755,34.60,-0.89,0.00
"11/20/2012 19:50:00","NPX",61845,70.01,1.28,-34.02
"11/20/2012 19:50:00","O H",61846,32.68,-2.80,0.00
"11/20/2012 19:50:00","PJM",61847,35.24,-0.25,0.00
"11/20/2012 19:50:00","WEST",61752,33.28,-2.20,0.00
"11/20/2012 19:55:00","CAPITL",61757,34.86,1.28,0.00
"11/20/2012 19:55:00","CENTRL",61754,34.09,0.50,0.00
"11/20/2012 19:55:00","DUNWOD",61760,36.47,2.89,0.00
"11/20/2012 19:55:00","GENESE",61753,33.58,0.00,0.00
"11/20/2012 19:55:00","H Q",61844,32.77,-0.81,0.00
"11/20/2012 19:55:00","HUD VL",61758,36.47,2.89,0.00
"11/20/2012 19:55:00","LONGIL",61762,37.91,4.33,0.00
"11/20/2012 19:55:00","MHK VL",61756,34.96,1.38,0.00
"11/20/2012 19:55:00","MILLWD",61759,36.60,3.02,0.00
"11/20/2012 19:55:00","N.Y.C.",61761,36.64,3.06,0.00
"11/20/2012 19:55:00","NORTH",61755,32.71,-0.87,0.00
"11/20/2012 19:55:00","NPX",61845,70.01,1.28,-34.02
"11/20/2012 19:55:00","O H",61846,30.89,-2.69,0.00
"11/20/2012 19:55:00","PJM",61847,33.31,-0.27,0.00
"11/20/2012 19:55:00","WEST",61752,31.47,-2.11,0.00
"11/20/2012 20:00:00","CAPITL",61757,42.28,1.67,0.00
"11/20/2012 20:00:00","CENTRL",61754,41.23,0.61,0.00
"11/20/2012 20:00:00","DUNWOD",61760,43.98,3.37,0.00
"11/20/2012 20:00:00","GENESE",61753,40.61,0.00,0.00
"11/20/2012 20:00:00","H Q",61844,39.68,-0.93,0.00
"11/20/2012 20:00:00","HUD VL",61758,43.98,3.37,0.00
"11/20/2012 20:00:00","LONGIL",61762,172.90,5.20,-127.09
"11/20/2012 20:00:00","MHK VL",61756,42.28,1.67,0.00
"11/20/2012 20:00:00","MILLWD",61759,44.11,3.49,0.00
"11/20/2012 20:00:00","N.Y.C.",61761,44.15,3.53,0.00
"11/20/2012 20:00:00","NORTH",61755,39.64,-0.98,0.00
"11/20/2012 20:00:00","NPX",61845,70.01,1.28,-34.02
"11/20/2012 20:00:00","O H",61846,37.41,-3.21,0.00
"11/20/2012 20:00:00","PJM",61847,40.25,-0.37,0.00
"11/20/2012 20:00:00","WEST",61752,38.10,-2.52,0.00
"11/20/2012 20:05:00","CAPITL",61757,44.26,1.74,0.00
"11/20/2012 20:05:00","CENTRL",61754,43.24,0.72,0.00
"11/20/2012 20:05:00","DUNWOD",61760,46.04,3.53,0.00
"11/20/2012 20:05:00","GENESE",61753,42.51,0.00,0.00
"11/20/2012 20:05:00","H Q",61844,41.54,-0.98,0.00
"11/20/2012 20:05:00","HUD VL",61758,46.04,3.53,0.00
"11/20/2012 20:05:00","LONGIL",61762,164.48,5.40,-116.57
"11/20/2012 20:05:00","MHK VL",61756,44.30,1.79,0.00
"11/20/2012 20:05:00","MILLWD",61759,46.17,3.66,0.00
"11/20/2012 20:05:00","N.Y.C.",61761,46.21,3.70,0.00
"11/20/2012 20:05:00","NORTH",61755,41.45,-1.06,0.00
"11/20/2012 20:05:00","NPX",61845,120.86,1.54,-78.89
"11/20/2012 20:05:00","O H",61846,39.24,-3.27,0.00
"11/20/2012 20:05:00","PJM",61847,42.30,-0.21,0.00
"11/20/2012 20:05:00","WEST",61752,39.92,-2.59,0.00
"11/20/2012 20:10:00","CAPITL",61757,42.20,1.62,0.00
"11/20/2012 20:10:00","CENTRL",61754,41.30,0.73,0.00
"11/20/2012 20:10:00","DUNWOD",61760,43.94,3.37,0.00
"11/20/2012 20:10:00","GENESE",61753,40.65,0.08,0.00
"11/20/2012 20:10:00","H Q",61844,39.64,-0.93,0.00
"11/20/2012 20:10:00","HUD VL",61758,43.90,3.33,0.00
"11/20/2012 20:10:00","LONGIL",61762,75.13,5.07,-29.48
"11/20/2012 20:10:00","MHK VL",61756,42.27,1.70,0.00
"11/20/2012 20:10:00","MILLWD",61759,44.02,3.45,0.00
"11/20/2012 20:10:00","N.Y.C.",61761,44.06,3.49,0.00
"11/20/2012 20:10:00","NORTH",61755,39.56,-1.01,0.00
"11/20/2012 20:10:00","NPX",61845,120.86,1.54,-78.89
"11/20/2012 20:10:00","O H",61846,37.57,-3.00,0.00
"11/20/2012 20:10:00","PJM",61847,40.49,-0.08,0.00
"11/20/2012 20:10:00","WEST",61752,38.22,-2.35,0.00
"11/20/2012 20:15:00","CAPITL",61757,42.06,1.58,0.00
"11/20/2012 20:15:00","CENTRL",61754,41.09,0.61,0.00
"11/20/2012 20:15:00","DUNWOD",61760,43.76,3.28,0.00
"11/20/2012 20:15:00","GENESE",61753,40.56,0.08,0.00
"11/20/2012 20:15:00","H Q",61844,39.59,-0.89,0.00
"11/20/2012 20:15:00","HUD VL",61758,43.80,3.32,0.00
"11/20/2012 20:15:00","LONGIL",61762,74.29,5.06,-28.75
"11/20/2012 20:15:00","MHK VL",61756,42.14,1.66,0.00
"11/20/2012 20:15:00","MILLWD",61759,43.88,3.40,0.00
"11/20/2012 20:15:00","N.Y.C.",61761,43.92,3.44,0.00
"11/20/2012 20:15:00","NORTH",61755,39.63,-0.85,0.00
"11/20/2012 20:15:00","NPX",61845,120.86,1.54,-78.89
"11/20/2012 20:15:00","O H",61846,37.40,-3.08,0.00
"11/20/2012 20:15:00","PJM",61847,40.16,-0.33,0.00
"11/20/2012 20:15:00","WEST",61752,38.09,-2.39,0.00
"11/20/2012 20:20:00","CAPITL",61757,42.33,1.63,0.00
"11/20/2012 20:20:00","CENTRL",61754,41.27,0.57,0.00
"11/20/2012 20:20:00","DUNWOD",61760,44.08,3.38,0.00
"11/20/2012 20:20:00","GENESE",61753,40.66,-0.04,0.00
"11/20/2012 20:20:00","H Q",61844,39.81,-0.90,0.00
"11/20/2012 20:20:00","HUD VL",61758,44.12,3.42,0.00
"11/20/2012 20:20:00","LONGIL",61762,74.26,5.17,-28.39
"11/20/2012 20:20:00","MHK VL",61756,42.37,1.67,0.00
"11/20/2012 20:20:00","MILLWD",61759,44.24,3.54,0.00
"11/20/2012 20:20:00","N.Y.C.",61761,44.29,3.58,0.00
"11/20/2012 20:20:00","NORTH",61755,39.81,-0.90,0.00
"11/20/2012 20:20:00","NPX",61845,39.89,1.50,0.00
"11/20/2012 20:20:00","O H",61846,37.45,-3.26,0.00
"11/20/2012 20:20:00","PJM",61847,40.38,-0.33,0.00
"11/20/2012 20:20:00","WEST",61752,38.14,-2.56,0.00
"11/20/2012 20:25:00","CAPITL",61757,42.38,1.63,0.00
"11/20/2012 20:25:00","CENTRL",61754,41.28,0.53,0.00
"11/20/2012 20:25:00","DUNWOD",61760,44.21,3.46,0.00
"11/20/2012 20:25:00","GENESE",61753,40.63,-0.12,0.00
"11/20/2012 20:25:00","H Q",61844,39.85,-0.90,0.00
"11/20/2012 20:25:00","HUD VL",61758,44.21,3.46,0.00
"11/20/2012 20:25:00","LONGIL",61762,74.30,5.26,-28.29
"11/20/2012 20:25:00","MHK VL",61756,42.38,1.63,0.00
"11/20/2012 20:25:00","MILLWD",61759,44.33,3.59,0.00
"11/20/2012 20:25:00","N.Y.C.",61761,44.37,3.63,0.00
"11/20/2012 20:25:00","NORTH",61755,39.89,-0.86,0.00
"11/20/2012 20:25:00","NPX",61845,39.89,1.50,0.00
"11/20/2012 20:25:00","O H",61846,37.41,-3.34,0.00
"11/20/2012 20:25:00","PJM",61847,40.34,-0.41,0.00
"11/20/2012 20:25:00","WEST",61752,38.10,-2.65,0.00
"11/20/2012 20:30:00","CAPITL",61757,42.20,1.58,0.00
"11/20/2012 20:30:00","CENTRL",61754,41.18,0.57,0.00
"11/20/2012 20:30:00","DUNWOD",61760,43.98,3.37,0.00
"11/20/2012 20:30:00","GENESE",61753,40.57,-0.04,0.00
"11/20/2012 20:30:00","H Q",61844,39.72,-0.89,0.00
"11/20/2012 20:30:00","HUD VL",61758,43.98,3.37,0.00
"11/20/2012 20:30:00","LONGIL",61762,74.20,5.16,-28.42
"11/20/2012 20:30:00","MHK VL",61756,42.24,1.63,0.00
"11/20/2012 20:30:00","MILLWD",61759,44.15,3.53,0.00
"11/20/2012 20:30:00","N.Y.C.",61761,44.19,3.57,0.00
"11/20/2012 20:30:00","NORTH",61755,39.76,-0.85,0.00
"11/20/2012 20:30:00","NPX",61845,39.89,1.50,0.00
"11/20/2012 20:30:00","O H",61846,37.45,-3.17,0.00
"11/20/2012 20:30:00","PJM",61847,40.29,-0.33,0.00
"11/20/2012 20:30:00","WEST",61752,38.10,-2.52,0.00
"11/20/2012 20:35:00","CAPITL",61757,42.07,1.58,0.00
"11/20/2012 20:35:00","CENTRL",61754,41.02,0.52,0.00
"11/20/2012 20:35:00","DUNWOD",61760,43.89,3.40,0.00
"11/20/2012 20:35:00","GENESE",61753,40.45,-0.04,0.00
"11/20/2012 20:35:00","H Q",61844,39.64,-0.85,0.00
"11/20/2012 20:35:00","HUD VL",61758,43.89,3.40,0.00
"11/20/2012 20:35:00","LONGIL",61762,74.24,5.18,-28.56
"11/20/2012 20:35:00","MHK VL",61756,42.11,1.62,0.00
"11/20/2012 20:35:00","MILLWD",61759,44.01,3.52,0.00
"11/20/2012 20:35:00","N.Y.C.",61761,44.05,3.56,0.00
"11/20/2012 20:35:00","NORTH",61755,39.64,-0.85,0.00
"11/20/2012 20:35:00","NPX",61845,39.82,1.49,0.00
"11/20/2012 20:35:00","O H",61846,37.29,-3.20,0.00
"11/20/2012 20:35:00","PJM",61847,40.12,-0.37,0.00
"11/20/2012 20:35:00","WEST",61752,37.98,-2.51,0.00
"11/20/2012 20:40:00","CAPITL",61757,42.07,1.58,0.00
"11/20/2012 20:40:00","CENTRL",61754,41.06,0.57,0.00
"11/20/2012 20:40:00","DUNWOD",61760,43.89,3.40,0.00
"11/20/2012 20:40:00","GENESE",61753,40.49,0.00,0.00
"11/20/2012 20:40:00","H Q",61844,39.60,-0.89,0.00
"11/20/2012 20:40:00","HUD VL",61758,43.89,3.40,0.00
"11/20/2012 20:40:00","LONGIL",61762,74.19,5.18,-28.52
"11/20/2012 20:40:00","MHK VL",61756,42.11,1.62,0.00
"11/20/2012 20:40:00","MILLWD",61759,44.01,3.52,0.00
"11/20/2012 20:40:00","N.Y.C.",61761,44.09,3.60,0.00
"11/20/2012 20:40:00","NORTH",61755,39.60,-0.89,0.00
"11/20/2012 20:40:00","NPX",61845,39.82,1.49,0.00
"11/20/2012 20:40:00","O H",61846,37.37,-3.12,0.00
"11/20/2012 20:40:00","PJM",61847,40.21,-0.28,0.00
"11/20/2012 20:40:00","WEST",61752,38.06,-2.43,0.00
"11/20/2012 20:45:00","CAPITL",61757,41.57,1.56,0.00
"11/20/2012 20:45:00","CENTRL",61754,40.57,0.56,0.00
"11/20/2012 20:45:00","DUNWOD",61760,43.37,3.36,0.00
"11/20/2012 20:45:00","GENESE",61753,39.97,-0.04,0.00
"11/20/2012 20:45:00","H Q",61844,39.13,-0.88,0.00
"11/20/2012 20:45:00","HUD VL",61758,43.37,3.36,0.00
"11/20/2012 20:45:00","LONGIL",61762,74.18,5.12,-29.05
"11/20/2012 20:45:00","MHK VL",61756,41.61,1.60,0.00
"11/20/2012 20:45:00","MILLWD",61759,43.49,3.48,0.00
"11/20/2012 20:45:00","N.Y.C.",61761,43.57,3.56,0.00
"11/20/2012 20:45:00","NORTH",61755,39.13,-0.88,0.00
"11/20/2012 20:45:00","NPX",61845,39.82,1.49,0.00
"11/20/2012 20:45:00","O H",61846,36.93,-3.08,0.00
"11/20/2012 20:45:00","PJM",61847,39.73,-0.28,0.00
"11/20/2012 20:45:00","WEST",61752,37.61,-2.40,0.00
"11/20/2012 20:50:00","CAPITL",61757,41.57,1.56,0.00
"11/20/2012 20:50:00","CENTRL",61754,40.57,0.56,0.00
"11/20/2012 20:50:00","DUNWOD",61760,43.41,3.40,0.00
"11/20/2012 20:50:00","GENESE",61753,39.97,-0.04,0.00
"11/20/2012 20:50:00","H Q",61844,39.13,-0.88,0.00
"11/20/2012 20:50:00","HUD VL",61758,43.41,3.40,0.00
"11/20/2012 20:50:00","LONGIL",61762,73.86,5.16,-28.69
"11/20/2012 20:50:00","MHK VL",61756,41.61,1.60,0.00
"11/20/2012 20:50:00","MILLWD",61759,43.53,3.52,0.00
"11/20/2012 20:50:00","N.Y.C.",61761,43.61,3.60,0.00
"11/20/2012 20:50:00","NORTH",61755,39.13,-0.88,0.00
"11/20/2012 20:50:00","NPX",61845,39.42,1.48,0.00
"11/20/2012 20:50:00","O H",61846,36.89,-3.12,0.00
"11/20/2012 20:50:00","PJM",61847,39.73,-0.28,0.00
"11/20/2012 20:50:00","WEST",61752,37.57,-2.44,0.00
"11/20/2012 20:55:00","CAPITL",61757,39.50,1.52,0.00
"11/20/2012 20:55:00","CENTRL",61754,38.40,0.42,0.00
"11/20/2012 20:55:00","DUNWOD",61760,41.28,3.30,0.00
"11/20/2012 20:55:00","GENESE",61753,37.72,-0.26,0.00
"11/20/2012 20:55:00","H Q",61844,37.15,-0.84,0.00
"11/20/2012 20:55:00","HUD VL",61758,41.25,3.27,0.00
"11/20/2012 20:55:00","LONGIL",61762,74.13,4.97,-31.17
"11/20/2012 20:55:00","MHK VL",61756,39.46,1.48,0.00
"11/20/2012 20:55:00","MILLWD",61759,41.40,3.42,0.00
"11/20/2012 20:55:00","N.Y.C.",61761,41.47,3.49,0.00
"11/20/2012 20:55:00","NORTH",61755,37.15,-0.84,0.00
"11/20/2012 20:55:00","NPX",61845,39.42,1.48,0.00
"11/20/2012 20:55:00","O H",61846,34.71,-3.27,0.00
"11/20/2012 20:55:00","PJM",61847,37.56,-0.42,0.00
"11/20/2012 20:55:00","WEST",61752,35.32,-2.66,0.00
"11/20/2012 21:00:00","CAPITL",61757,45.37,1.87,0.00
"11/20/2012 21:00:00","CENTRL",61754,43.72,0.22,0.00
"11/20/2012 21:00:00","DUNWOD",61760,47.24,3.74,0.00
"11/20/2012 21:00:00","GENESE",61753,42.76,-0.74,0.00
"11/20/2012 21:00:00","H Q",61844,42.63,-0.87,0.00
"11/20/2012 21:00:00","HUD VL",61758,47.20,3.70,0.00
"11/20/2012 21:00:00","LONGIL",61762,49.21,5.57,-0.13
"11/20/2012 21:00:00","MHK VL",61756,45.20,1.69,0.00
"11/20/2012 21:00:00","MILLWD",61759,47.37,3.87,0.00
"11/20/2012 21:00:00","N.Y.C.",61761,47.42,3.92,0.00
"11/20/2012 21:00:00","NORTH",61755,42.76,-0.74,0.00
"11/20/2012 21:00:00","NPX",61845,39.42,1.48,0.00
"11/20/2012 21:00:00","O H",61846,39.11,-4.39,0.00
"11/20/2012 21:00:00","PJM",61847,42.63,-0.87,0.00
"11/20/2012 21:00:00","WEST",61752,39.72,-3.79,0.00
"11/20/2012 21:05:00","CAPITL",61757,38.72,1.60,0.00
"11/20/2012 21:05:00","CENTRL",61754,37.20,0.07,0.00
"11/20/2012 21:05:00","DUNWOD",61760,40.39,3.27,0.00
"11/20/2012 21:05:00","GENESE",61753,36.45,-0.67,0.00
"11/20/2012 21:05:00","H Q",61844,36.38,-0.74,0.00
"11/20/2012 21:05:00","HUD VL",61758,40.31,3.19,0.00
"11/20/2012 21:05:00","LONGIL",61762,41.95,4.82,0.00
"11/20/2012 21:05:00","MHK VL",61756,38.53,1.41,0.00
"11/20/2012 21:05:00","MILLWD",61759,40.46,3.34,0.00
"11/20/2012 21:05:00","N.Y.C.",61761,40.54,3.41,0.00
"11/20/2012 21:05:00","NORTH",61755,36.49,-0.63,0.00
"11/20/2012 21:05:00","NPX",61845,47.30,1.65,-7.19
"11/20/2012 21:05:00","O H",61846,33.26,-3.86,0.00
"11/20/2012 21:05:00","PJM",61847,36.16,-0.97,0.00
"11/20/2012 21:05:00","WEST",61752,33.82,-3.30,0.00
"11/20/2012 21:10:00","CAPITL",61757,38.54,1.59,0.00
"11/20/2012 21:10:00","CENTRL",61754,37.03,0.07,0.00
"11/20/2012 21:10:00","DUNWOD",61760,40.17,3.21,0.00
"11/20/2012 21:10:00","GENESE",61753,36.36,-0.59,0.00
"11/20/2012 21:10:00","H Q",61844,36.21,-0.74,0.00
"11/20/2012 21:10:00","HUD VL",61758,40.13,3.18,0.00
"11/20/2012 21:10:00","LONGIL",61762,41.78,4.80,-0.02
"11/20/2012 21:10:00","MHK VL",61756,38.32,1.37,0.00
"11/20/2012 21:10:00","MILLWD",61759,40.28,3.33,0.00
"11/20/2012 21:10:00","N.Y.C.",61761,40.35,3.40,0.00
"11/20/2012 21:10:00","NORTH",61755,36.32,-0.63,0.00
"11/20/2012 21:10:00","NPX",61845,47.30,1.65,-7.19
"11/20/2012 21:10:00","O H",61846,33.26,-3.70,0.00
"11/20/2012 21:10:00","PJM",61847,35.99,-0.96,0.00
"11/20/2012 21:10:00","WEST",61752,33.81,-3.14,0.00
"11/20/2012 21:15:00","CAPITL",61757,38.11,1.54,0.00
"11/20/2012 21:15:00","CENTRL",61754,36.76,0.18,0.00
"11/20/2012 21:15:00","DUNWOD",61760,39.72,3.15,0.00
"11/20/2012 21:15:00","GENESE",61753,36.14,-0.44,0.00
"11/20/2012 21:15:00","H Q",61844,35.80,-0.77,0.00
"11/20/2012 21:15:00","HUD VL",61758,39.68,3.11,0.00
"11/20/2012 21:15:00","LONGIL",61762,41.32,4.75,0.00
"11/20/2012 21:15:00","MHK VL",61756,37.93,1.35,0.00
"11/20/2012 21:15:00","MILLWD",61759,39.83,3.25,0.00
"11/20/2012 21:15:00","N.Y.C.",61761,39.90,3.33,0.00
"11/20/2012 21:15:00","NORTH",61755,35.88,-0.70,0.00
"11/20/2012 21:15:00","NPX",61845,47.30,1.65,-7.19
"11/20/2012 21:15:00","O H",61846,33.17,-3.40,0.00
"11/20/2012 21:15:00","PJM",61847,35.88,-0.70,0.00
"11/20/2012 21:15:00","WEST",61752,33.72,-2.85,0.00
"11/20/2012 21:20:00","CAPITL",61757,38.21,1.54,0.00
"11/20/2012 21:20:00","CENTRL",61754,36.96,0.29,0.00
"11/20/2012 21:20:00","DUNWOD",61760,39.78,3.11,0.00
"11/20/2012 21:20:00","GENESE",61753,36.26,-0.40,0.00
"11/20/2012 21:20:00","H Q",61844,35.89,-0.77,0.00
"11/20/2012 21:20:00","HUD VL",61758,39.75,3.08,0.00
"11/20/2012 21:20:00","LONGIL",61762,41.40,4.73,0.00
"11/20/2012 21:20:00","MHK VL",61756,38.06,1.39,0.00
"11/20/2012 21:20:00","MILLWD",61759,39.89,3.23,0.00
"11/20/2012 21:20:00","N.Y.C.",61761,39.97,3.30,0.00
"11/20/2012 21:20:00","NORTH",61755,35.97,-0.70,0.00
"11/20/2012 21:20:00","NPX",61845,78.41,1.61,-39.32
"11/20/2012 21:20:00","O H",61846,33.40,-3.26,0.00
"11/20/2012 21:20:00","PJM",61847,36.12,-0.55,0.00
"11/20/2012 21:20:00","WEST",61752,33.92,-2.75,0.00
"11/20/2012 21:25:00","CAPITL",61757,38.17,1.50,0.00
"11/20/2012 21:25:00","CENTRL",61754,36.92,0.26,0.00
"11/20/2012 21:25:00","DUNWOD",61760,39.78,3.11,0.00
"11/20/2012 21:25:00","GENESE",61753,36.26,-0.40,0.00
"11/20/2012 21:25:00","H Q",61844,35.89,-0.77,0.00
"11/20/2012 21:25:00","HUD VL",61758,39.75,3.08,0.00
"11/20/2012 21:25:00","LONGIL",61762,41.40,4.73,0.00
"11/20/2012 21:25:00","MHK VL",61756,38.06,1.39,0.00
"11/20/2012 21:25:00","MILLWD",61759,39.89,3.23,0.00
"11/20/2012 21:25:00","N.Y.C.",61761,39.97,3.30,0.00
"11/20/2012 21:25:00","NORTH",61755,35.97,-0.70,0.00
"11/20/2012 21:25:00","NPX",61845,78.41,1.61,-39.32
"11/20/2012 21:25:00","O H",61846,33.37,-3.30,0.00
"11/20/2012 21:25:00","PJM",61847,36.08,-0.59,0.00
"11/20/2012 21:25:00","WEST",61752,33.92,-2.75,0.00
"11/20/2012 21:30:00","CAPITL",61757,38.25,1.54,0.00
"11/20/2012 21:30:00","CENTRL",61754,36.93,0.22,0.00
"11/20/2012 21:30:00","DUNWOD",61760,39.86,3.16,0.00
"11/20/2012 21:30:00","GENESE",61753,36.27,-0.44,0.00
"11/20/2012 21:30:00","H Q",61844,35.93,-0.77,0.00
"11/20/2012 21:30:00","HUD VL",61758,39.82,3.12,0.00
"11/20/2012 21:30:00","LONGIL",61762,41.48,4.77,0.00
"11/20/2012 21:30:00","MHK VL",61756,38.06,1.36,0.00
"11/20/2012 21:30:00","MILLWD",61759,39.97,3.27,0.00
"11/20/2012 21:30:00","N.Y.C.",61761,40.05,3.34,0.00
"11/20/2012 21:30:00","NORTH",61755,35.97,-0.73,0.00
"11/20/2012 21:30:00","NPX",61845,78.41,1.61,-39.32
"11/20/2012 21:30:00","O H",61846,33.37,-3.34,0.00
"11/20/2012 21:30:00","PJM",61847,36.08,-0.62,0.00
"11/20/2012 21:30:00","WEST",61752,33.88,-2.83,0.00
"11/20/2012 21:35:00","CAPITL",61757,37.28,1.50,0.00
"11/20/2012 21:35:00","CENTRL",61754,35.99,0.22,0.00
"11/20/2012 21:35:00","DUNWOD",61760,38.89,3.11,0.00
"11/20/2012 21:35:00","GENESE",61753,35.31,-0.47,0.00
"11/20/2012 21:35:00","H Q",61844,35.03,-0.75,0.00
"11/20/2012 21:35:00","HUD VL",61758,38.82,3.04,0.00
"11/20/2012 21:35:00","LONGIL",61762,40.40,4.62,0.00
"11/20/2012 21:35:00","MHK VL",61756,37.10,1.32,0.00
"11/20/2012 21:35:00","MILLWD",61759,38.96,3.18,0.00
"11/20/2012 21:35:00","N.Y.C.",61761,39.07,3.29,0.00
"11/20/2012 21:35:00","NORTH",61755,35.03,-0.75,0.00
"11/20/2012 21:35:00","NPX",61845,37.38,1.51,0.00
"11/20/2012 21:35:00","O H",61846,32.49,-3.29,0.00
"11/20/2012 21:35:00","PJM",61847,35.17,-0.61,0.00
"11/20/2012 21:35:00","WEST",61752,33.02,-2.75,0.00
"11/20/2012 21:40:00","CAPITL",61757,37.48,1.54,0.00
"11/20/2012 21:40:00","CENTRL",61754,36.16,0.22,0.00
"11/20/2012 21:40:00","DUNWOD",61760,39.06,3.13,0.00
"11/20/2012 21:40:00","GENESE",61753,35.47,-0.47,0.00
"11/20/2012 21:40:00","H Q",61844,35.18,-0.76,0.00
"11/20/2012 21:40:00","HUD VL",61758,38.99,3.05,0.00
"11/20/2012 21:40:00","LONGIL",61762,40.54,4.60,0.00
"11/20/2012 21:40:00","MHK VL",61756,37.27,1.33,0.00
"11/20/2012 21:40:00","MILLWD",61759,39.14,3.20,0.00
"11/20/2012 21:40:00","N.Y.C.",61761,39.25,3.30,0.00
"11/20/2012 21:40:00","NORTH",61755,35.18,-0.76,0.00
"11/20/2012 21:40:00","NPX",61845,37.38,1.51,0.00
"11/20/2012 21:40:00","O H",61846,32.63,-3.31,0.00
"11/20/2012 21:40:00","PJM",61847,35.33,-0.61,0.00
"11/20/2012 21:40:00","WEST",61752,33.14,-2.80,0.00
"11/20/2012 21:45:00","CAPITL",61757,38.36,1.62,0.00
"11/20/2012 21:45:00","CENTRL",61754,37.01,0.26,0.00
"11/20/2012 21:45:00","DUNWOD",61760,39.84,3.09,0.00
"11/20/2012 21:45:00","GENESE",61753,36.27,-0.48,0.00
"11/20/2012 21:45:00","H Q",61844,35.98,-0.77,0.00
"11/20/2012 21:45:00","HUD VL",61758,39.80,3.05,0.00
"11/20/2012 21:45:00","LONGIL",61762,41.34,4.59,0.00
"11/20/2012 21:45:00","MHK VL",61756,38.11,1.36,0.00
"11/20/2012 21:45:00","MILLWD",61759,39.94,3.20,0.00
"11/20/2012 21:45:00","N.Y.C.",61761,40.06,3.31,0.00
"11/20/2012 21:45:00","NORTH",61755,35.98,-0.77,0.00
"11/20/2012 21:45:00","NPX",61845,37.38,1.51,0.00
"11/20/2012 21:45:00","O H",61846,33.40,-3.34,0.00
"11/20/2012 21:45:00","PJM",61847,36.16,-0.59,0.00
"11/20/2012 21:45:00","WEST",61752,33.92,-2.83,0.00
"11/20/2012 21:50:00","CAPITL",61757,38.49,1.66,0.00
"11/20/2012 21:50:00","CENTRL",61754,37.05,0.22,0.00
"11/20/2012 21:50:00","DUNWOD",61760,39.93,3.09,0.00
"11/20/2012 21:50:00","GENESE",61753,36.28,-0.55,0.00
"11/20/2012 21:50:00","H Q",61844,36.06,-0.78,0.00
"11/20/2012 21:50:00","HUD VL",61758,39.89,3.06,0.00
"11/20/2012 21:50:00","LONGIL",61762,41.40,4.57,0.00
"11/20/2012 21:50:00","MHK VL",61756,38.16,1.32,0.00
"11/20/2012 21:50:00","MILLWD",61759,40.03,3.20,0.00
"11/20/2012 21:50:00","N.Y.C.",61761,40.11,3.28,0.00
"11/20/2012 21:50:00","NORTH",61755,36.06,-0.78,0.00
"11/20/2012 21:50:00","NPX",61845,36.95,1.63,0.00
"11/20/2012 21:50:00","O H",61846,33.41,-3.42,0.00
"11/20/2012 21:50:00","PJM",61847,36.20,-0.63,0.00
"11/20/2012 21:50:00","WEST",61752,33.92,-2.91,0.00
"11/20/2012 21:55:00","CAPITL",61757,38.61,1.70,0.00
"11/20/2012 21:55:00","CENTRL",61754,37.18,0.26,0.00
"11/20/2012 21:55:00","DUNWOD",61760,39.98,3.06,0.00
"11/20/2012 21:55:00","GENESE",61753,36.40,-0.52,0.00
"11/20/2012 21:55:00","H Q",61844,36.14,-0.78,0.00
"11/20/2012 21:55:00","HUD VL",61758,39.94,3.03,0.00
"11/20/2012 21:55:00","LONGIL",61762,41.49,4.58,0.00
"11/20/2012 21:55:00","MHK VL",61756,38.28,1.37,0.00
"11/20/2012 21:55:00","MILLWD",61759,40.09,3.18,0.00
"11/20/2012 21:55:00","N.Y.C.",61761,40.17,3.25,0.00
"11/20/2012 21:55:00","NORTH",61755,36.14,-0.78,0.00
"11/20/2012 21:55:00","NPX",61845,36.95,1.63,0.00
"11/20/2012 21:55:00","O H",61846,33.56,-3.36,0.00
"11/20/2012 21:55:00","PJM",61847,36.32,-0.59,0.00
"11/20/2012 21:55:00","WEST",61752,34.07,-2.84,0.00
"11/20/2012 22:00:00","CAPITL",61757,40.24,1.88,0.00
"11/20/2012 22:00:00","CENTRL",61754,38.44,0.08,0.00
"11/20/2012 22:00:00","DUNWOD",61760,41.54,3.18,0.00
"11/20/2012 22:00:00","GENESE",61753,37.59,-0.77,0.00
"11/20/2012 22:00:00","H Q",61844,37.59,-0.77,0.00
"11/20/2012 22:00:00","HUD VL",61758,41.51,3.15,0.00
"11/20/2012 22:00:00","LONGIL",61762,231.66,4.76,-188.55
"11/20/2012 22:00:00","MHK VL",61756,39.74,1.38,0.00
"11/20/2012 22:00:00","MILLWD",61759,41.66,3.30,0.00
"11/20/2012 22:00:00","N.Y.C.",61761,43.22,3.41,-1.45
"11/20/2012 22:00:00","NORTH",61755,37.71,-0.65,0.00
"11/20/2012 22:00:00","NPX",61845,36.95,1.63,0.00
"11/20/2012 22:00:00","O H",61846,34.56,-3.80,0.00
"11/20/2012 22:00:00","PJM",61847,37.48,-0.88,0.00
"11/20/2012 22:00:00","WEST",61752,35.06,-3.30,0.00
"11/20/2012 22:05:00","CAPITL",61757,38.76,1.81,0.00
"11/20/2012 22:05:00","CENTRL",61754,36.95,0.00,0.00
"11/20/2012 22:05:00","DUNWOD",61760,40.09,3.14,0.00
"11/20/2012 22:05:00","GENESE",61753,36.21,-0.74,0.00
"11/20/2012 22:05:00","H Q",61844,36.21,-0.74,0.00
"11/20/2012 22:05:00","HUD VL",61758,40.02,3.07,0.00
"11/20/2012 22:05:00","LONGIL",61762,70.00,4.62,-28.43
"11/20/2012 22:05:00","MHK VL",61756,38.25,1.29,0.00
"11/20/2012 22:05:00","MILLWD",61759,40.17,3.21,0.00
"11/20/2012 22:05:00","N.Y.C.",61761,41.98,3.36,-1.66
"11/20/2012 22:05:00","NORTH",61755,36.29,-0.66,0.00
"11/20/2012 22:05:00","NPX",61845,71.55,1.78,-34.93
"11/20/2012 22:05:00","O H",61846,33.29,-3.66,0.00
"11/20/2012 22:05:00","PJM",61847,36.03,-0.92,0.00
"11/20/2012 22:05:00","WEST",61752,33.81,-3.14,0.00
"11/20/2012 22:10:00","CAPITL",61757,37.60,1.72,0.00
"11/20/2012 22:10:00","CENTRL",61754,35.99,0.11,0.00
"11/20/2012 22:10:00","DUNWOD",61760,38.89,3.01,0.00
"11/20/2012 22:10:00","GENESE",61753,35.30,-0.58,0.00
"11/20/2012 22:10:00","H Q",61844,35.12,-0.76,0.00
"11/20/2012 22:10:00","HUD VL",61758,38.86,2.98,0.00
"11/20/2012 22:10:00","LONGIL",61762,40.33,4.45,0.00
"11/20/2012 22:10:00","MHK VL",61756,37.14,1.26,0.00
"11/20/2012 22:10:00","MILLWD",61759,38.97,3.09,0.00
"11/20/2012 22:10:00","N.Y.C.",61761,40.94,3.23,-1.83
"11/20/2012 22:10:00","NORTH",61755,35.20,-0.68,0.00
"11/20/2012 22:10:00","NPX",61845,71.55,1.78,-34.93
"11/20/2012 22:10:00","O H",61846,32.58,-3.30,0.00
"11/20/2012 22:10:00","PJM",61847,35.20,-0.68,0.00
"11/20/2012 22:10:00","WEST",61752,33.12,-2.76,0.00
"11/20/2012 22:15:00","CAPITL",61757,37.02,1.66,0.00
"11/20/2012 22:15:00","CENTRL",61754,35.50,0.14,0.00
"11/20/2012 22:15:00","DUNWOD",61760,38.26,2.90,0.00
"11/20/2012 22:15:00","GENESE",61753,34.90,-0.46,0.00
"11/20/2012 22:15:00","H Q",61844,34.65,-0.71,0.00
"11/20/2012 22:15:00","HUD VL",61758,38.22,2.86,0.00
"11/20/2012 22:15:00","LONGIL",61762,39.71,4.35,0.00
"11/20/2012 22:15:00","MHK VL",61756,36.60,1.24,0.00
"11/20/2012 22:15:00","MILLWD",61759,38.36,3.00,0.00
"11/20/2012 22:15:00","N.Y.C.",61761,40.39,3.11,-1.92
"11/20/2012 22:15:00","NORTH",61755,34.69,-0.67,0.00
"11/20/2012 22:15:00","NPX",61845,71.55,1.78,-34.93
"11/20/2012 22:15:00","O H",61846,32.25,-3.11,0.00
"11/20/2012 22:15:00","PJM",61847,34.69,-0.67,0.00
"11/20/2012 22:15:00","WEST",61752,32.74,-2.62,0.00
"11/20/2012 22:20:00","CAPITL",61757,37.18,1.70,0.00
"11/20/2012 22:20:00","CENTRL",61754,35.58,0.11,0.00
"11/20/2012 22:20:00","DUNWOD",61760,38.42,2.94,0.00
"11/20/2012 22:20:00","GENESE",61753,34.94,-0.53,0.00
"11/20/2012 22:20:00","H Q",61844,34.77,-0.71,0.00
"11/20/2012 22:20:00","HUD VL",61758,38.38,2.91,0.00
"11/20/2012 22:20:00","LONGIL",61762,39.90,4.40,-0.02
"11/20/2012 22:20:00","MHK VL",61756,36.68,1.21,0.00
"11/20/2012 22:20:00","MILLWD",61759,38.49,3.01,0.00
"11/20/2012 22:20:00","N.Y.C.",61761,40.53,3.16,-1.90
"11/20/2012 22:20:00","NORTH",61755,34.80,-0.68,0.00
"11/20/2012 22:20:00","NPX",61845,37.99,1.78,-1.22
"11/20/2012 22:20:00","O H",61846,32.25,-3.23,0.00
"11/20/2012 22:20:00","PJM",61847,34.77,-0.71,0.00
"11/20/2012 22:20:00","WEST",61752,32.74,-2.73,0.00
"11/20/2012 22:25:00","CAPITL",61757,36.57,1.64,0.00
"11/20/2012 22:25:00","CENTRL",61754,35.07,0.14,0.00
"11/20/2012 22:25:00","DUNWOD",61760,37.76,2.83,0.00
"11/20/2012 22:25:00","GENESE",61753,34.51,-0.42,0.00
"11/20/2012 22:25:00","H Q",61844,34.23,-0.70,0.00
"11/20/2012 22:25:00","HUD VL",61758,37.72,2.80,0.00
"11/20/2012 22:25:00","LONGIL",61762,39.15,4.22,0.00
"11/20/2012 22:25:00","MHK VL",61756,36.15,1.22,0.00
"11/20/2012 22:25:00","MILLWD",61759,37.83,2.90,0.00
"11/20/2012 22:25:00","N.Y.C.",61761,39.91,3.00,-1.98
"11/20/2012 22:25:00","NORTH",61755,34.33,-0.59,0.00
"11/20/2012 22:25:00","NPX",61845,37.99,1.78,-1.22
"11/20/2012 22:25:00","O H",61846,31.92,-3.00,0.00
"11/20/2012 22:25:00","PJM",61847,34.30,-0.63,0.00
"11/20/2012 22:25:00","WEST",61752,32.41,-2.52,0.00
"11/20/2012 22:30:00","CAPITL",61757,35.98,1.58,0.00
"11/20/2012 22:30:00","CENTRL",61754,34.64,0.24,0.00
"11/20/2012 22:30:00","DUNWOD",61760,37.19,2.79,0.00
"11/20/2012 22:30:00","GENESE",61753,33.99,-0.41,0.00
"11/20/2012 22:30:00","H Q",61844,33.71,-0.69,0.00
"11/20/2012 22:30:00","HUD VL",61758,37.15,2.75,0.00
"11/20/2012 22:30:00","LONGIL",61762,38.53,4.13,0.00
"11/20/2012 22:30:00","MHK VL",61756,35.64,1.24,0.00
"11/20/2012 22:30:00","MILLWD",61759,37.25,2.85,0.00
"11/20/2012 22:30:00","N.Y.C.",61761,37.36,2.96,0.00
"11/20/2012 22:30:00","NORTH",61755,33.78,-0.62,0.00
"11/20/2012 22:30:00","NPX",61845,37.99,1.78,-1.22
"11/20/2012 22:30:00","O H",61846,31.55,-2.85,0.00
"11/20/2012 22:30:00","PJM",61847,33.95,-0.45,0.00
"11/20/2012 22:30:00","WEST",61752,32.03,-2.37,0.00
"11/20/2012 22:35:00","CAPITL",61757,35.48,1.56,0.00
"11/20/2012 22:35:00","CENTRL",61754,34.12,0.20,0.00
"11/20/2012 22:35:00","DUNWOD",61760,36.63,2.71,0.00
"11/20/2012 22:35:00","GENESE",61753,33.64,-0.27,0.00
"11/20/2012 22:35:00","H Q",61844,33.24,-0.68,0.00
"11/20/2012 22:35:00","HUD VL",61758,36.60,2.68,0.00
"11/20/2012 22:35:00","LONGIL",61762,37.92,4.00,0.00
"11/20/2012 22:35:00","MHK VL",61756,35.10,1.19,0.00
"11/20/2012 22:35:00","MILLWD",61759,36.70,2.78,0.00
"11/20/2012 22:35:00","N.Y.C.",61761,36.80,2.88,0.00
"11/20/2012 22:35:00","NORTH",61755,33.31,-0.61,0.00
"11/20/2012 22:35:00","NPX",61845,35.96,1.74,0.00
"11/20/2012 22:35:00","O H",61846,31.24,-2.68,0.00
"11/20/2012 22:35:00","PJM",61847,33.41,-0.51,0.00
"11/20/2012 22:35:00","WEST",61752,31.75,-2.17,0.00
"11/20/2012 22:40:00","CAPITL",61757,35.21,1.52,0.00
"11/20/2012 22:40:00","CENTRL",61754,33.97,0.27,0.00
"11/20/2012 22:40:00","DUNWOD",61760,36.33,2.63,0.00
"11/20/2012 22:40:00","GENESE",61753,33.53,-0.17,0.00
"11/20/2012 22:40:00","H Q",61844,33.02,-0.67,0.00
"11/20/2012 22:40:00","HUD VL",61758,36.29,2.59,0.00
"11/20/2012 22:40:00","LONGIL",61762,37.64,3.94,0.00
"11/20/2012 22:40:00","MHK VL",61756,34.88,1.18,0.00
"11/20/2012 22:40:00","MILLWD",61759,36.39,2.70,0.00
"11/20/2012 22:40:00","N.Y.C.",61761,36.49,2.80,0.00
"11/20/2012 22:40:00","NORTH",61755,33.09,-0.61,0.00
"11/20/2012 22:40:00","NPX",61845,35.96,1.74,0.00
"11/20/2012 22:40:00","O H",61846,31.20,-2.49,0.00
"11/20/2012 22:40:00","PJM",61847,33.29,-0.40,0.00
"11/20/2012 22:40:00","WEST",61752,31.74,-1.96,0.00
"11/20/2012 22:45:00","CAPITL",61757,35.00,1.51,0.00
"11/20/2012 22:45:00","CENTRL",61754,33.80,0.30,0.00
"11/20/2012 22:45:00","DUNWOD",61760,36.11,2.61,0.00
"11/20/2012 22:45:00","GENESE",61753,33.36,-0.13,0.00
"11/20/2012 22:45:00","H Q",61844,32.79,-0.70,0.00
"11/20/2012 22:45:00","HUD VL",61758,36.07,2.58,0.00
"11/20/2012 22:45:00","LONGIL",61762,37.34,3.85,0.00
"11/20/2012 22:45:00","MHK VL",61756,34.67,1.17,0.00
"11/20/2012 22:45:00","MILLWD",61759,36.18,2.68,0.00
"11/20/2012 22:45:00","N.Y.C.",61761,36.27,2.78,0.00
"11/20/2012 22:45:00","NORTH",61755,32.86,-0.64,0.00
"11/20/2012 22:45:00","NPX",61845,35.96,1.74,0.00
"11/20/2012 22:45:00","O H",61846,31.05,-2.44,0.00
"11/20/2012 22:45:00","PJM",61847,33.09,-0.40,0.00
"11/20/2012 22:45:00","WEST",61752,31.55,-1.94,0.00
"11/20/2012 22:50:00","CAPITL",61757,34.23,1.48,0.00
"11/20/2012 22:50:00","CENTRL",61754,32.98,0.23,0.00
"11/20/2012 22:50:00","DUNWOD",61760,35.34,2.59,0.00
"11/20/2012 22:50:00","GENESE",61753,32.52,-0.23,0.00
"11/20/2012 22:50:00","H Q",61844,32.10,-0.65,0.00
"11/20/2012 22:50:00","HUD VL",61758,35.31,2.56,0.00
"11/20/2012 22:50:00","LONGIL",61762,36.61,3.86,0.00
"11/20/2012 22:50:00","MHK VL",61756,33.90,1.15,0.00
"11/20/2012 22:50:00","MILLWD",61759,35.40,2.65,0.00
"11/20/2012 22:50:00","N.Y.C.",61761,35.53,2.78,0.00
"11/20/2012 22:50:00","NORTH",61755,32.13,-0.62,0.00
"11/20/2012 22:50:00","NPX",61845,34.50,1.64,0.00
"11/20/2012 22:50:00","O H",61846,30.23,-2.52,0.00
"11/20/2012 22:50:00","PJM",61847,32.29,-0.46,0.00
"11/20/2012 22:50:00","WEST",61752,30.72,-2.03,0.00
"11/20/2012 22:55:00","CAPITL",61757,34.00,1.47,0.00
"11/20/2012 22:55:00","CENTRL",61754,32.77,0.23,0.00
"11/20/2012 22:55:00","DUNWOD",61760,35.08,2.54,0.00
"11/20/2012 22:55:00","GENESE",61753,32.41,-0.13,0.00
"11/20/2012 22:55:00","H Q",61844,31.89,-0.65,0.00
"11/20/2012 22:55:00","HUD VL",61758,35.04,2.51,0.00
"11/20/2012 22:55:00","LONGIL",61762,36.31,3.77,0.00
"11/20/2012 22:55:00","MHK VL",61756,33.68,1.14,0.00
"11/20/2012 22:55:00","MILLWD",61759,35.14,2.60,0.00
"11/20/2012 22:55:00","N.Y.C.",61761,35.27,2.73,0.00
"11/20/2012 22:55:00","NORTH",61755,31.95,-0.58,0.00
"11/20/2012 22:55:00","NPX",61845,34.50,1.64,0.00
"11/20/2012 22:55:00","O H",61846,30.16,-2.37,0.00
"11/20/2012 22:55:00","PJM",61847,32.11,-0.42,0.00
"11/20/2012 22:55:00","WEST",61752,30.68,-1.85,0.00
"11/20/2012 23:00:00","CAPITL",61757,36.04,1.52,0.00
"11/20/2012 23:00:00","CENTRL",61754,34.79,0.27,0.00
"11/20/2012 23:00:00","DUNWOD",61760,37.18,2.66,0.00
"11/20/2012 23:00:00","GENESE",61753,34.42,-0.10,0.00
"11/20/2012 23:00:00","H Q",61844,33.83,-0.69,0.00
"11/20/2012 23:00:00","HUD VL",61758,37.18,2.66,0.00
"11/20/2012 23:00:00","LONGIL",61762,70.04,4.21,-31.31
"11/20/2012 23:00:00","MHK VL",61756,35.73,1.21,0.00
"11/20/2012 23:00:00","MILLWD",61759,37.24,2.73,0.00
"11/20/2012 23:00:00","N.Y.C.",61761,37.38,2.86,0.00
"11/20/2012 23:00:00","NORTH",61755,33.96,-0.55,0.00
"11/20/2012 23:00:00","NPX",61845,34.50,1.64,0.00
"11/20/2012 23:00:00","O H",61846,32.17,-2.35,0.00
"11/20/2012 23:00:00","PJM",61847,34.17,-0.35,0.00
"11/20/2012 23:00:00","WEST",61752,32.76,-1.76,0.00
"11/20/2012 23:05:00","CAPITL",61757,35.92,1.48,0.00
"11/20/2012 23:05:00","CENTRL",61754,34.79,0.34,0.00
"11/20/2012 23:05:00","DUNWOD",61760,37.10,2.65,0.00
"11/20/2012 23:05:00","GENESE",61753,34.38,-0.07,0.00
"11/20/2012 23:05:00","H Q",61844,33.76,-0.69,0.00
"11/20/2012 23:05:00","HUD VL",61758,37.06,2.62,0.00
"11/20/2012 23:05:00","LONGIL",61762,69.01,4.24,-30.33
"11/20/2012 23:05:00","MHK VL",61756,35.65,1.20,0.00
"11/20/2012 23:05:00","MILLWD",61759,37.17,2.72,0.00
"11/20/2012 23:05:00","N.Y.C.",61761,37.30,2.86,0.00
"11/20/2012 23:05:00","NORTH",61755,33.89,-0.55,0.00
"11/20/2012 23:05:00","NPX",61845,36.06,1.65,0.00
"11/20/2012 23:05:00","O H",61846,32.17,-2.24,0.00
"11/20/2012 23:05:00","PJM",61847,34.27,-0.17,0.00
"11/20/2012 23:05:00","WEST",61752,32.83,-1.62,0.00
"11/20/2012 23:10:00","CAPITL",61757,35.30,1.42,0.00
"11/20/2012 23:10:00","CENTRL",61754,34.29,0.41,0.00
"11/20/2012 23:10:00","DUNWOD",61760,36.39,2.51,0.00
"11/20/2012 23:10:00","GENESE",61753,33.91,0.03,0.00
"11/20/2012 23:10:00","H Q",61844,33.20,-0.68,0.00
"11/20/2012 23:10:00","HUD VL",61758,36.39,2.51,0.00
"11/20/2012 23:10:00","LONGIL",61762,37.88,4.00,0.00
"11/20/2012 23:10:00","MHK VL",61756,35.07,1.19,0.00
"11/20/2012 23:10:00","MILLWD",61759,36.45,2.57,0.00
"11/20/2012 23:10:00","N.Y.C.",61761,36.59,2.71,0.00
"11/20/2012 23:10:00","NORTH",61755,33.37,-0.51,0.00
"11/20/2012 23:10:00","NPX",61845,36.06,1.65,0.00
"11/20/2012 23:10:00","O H",61846,32.17,-2.24,0.00
"11/20/2012 23:10:00","PJM",61847,33.78,-0.10,0.00
"11/20/2012 23:10:00","WEST",61752,32.46,-1.42,0.00
"11/20/2012 23:15:00","CAPITL",61757,34.95,1.44,0.00
"11/20/2012 23:15:00","CENTRL",61754,33.72,0.20,0.00
"11/20/2012 23:15:00","DUNWOD",61760,36.06,2.55,0.00
"11/20/2012 23:15:00","GENESE",61753,33.38,-0.13,0.00
"11/20/2012 23:15:00","H Q",61844,32.91,-0.60,0.00
"11/20/2012 23:15:00","HUD VL",61758,36.03,2.51,0.00
"11/20/2012 23:15:00","LONGIL",61762,37.57,4.05,0.00
"11/20/2012 23:15:00","MHK VL",61756,34.65,1.14,0.00
"11/20/2012 23:15:00","MILLWD",61759,36.13,2.62,0.00
"11/20/2012 23:15:00","N.Y.C.",61761,36.23,2.71,0.00
"11/20/2012 23:15:00","NORTH",61755,33.11,-0.40,0.00
"11/20/2012 23:15:00","NPX",61845,36.06,1.65,0.00
"11/20/2012 23:15:00","O H",61846,32.17,-2.24,0.00
"11/20/2012 23:15:00","PJM",61847,33.08,-0.44,0.00
"11/20/2012 23:15:00","WEST",61752,31.64,-1.88,0.00
"11/20/2012 23:20:00","CAPITL",61757,34.70,1.40,0.00
"11/20/2012 23:20:00","CENTRL",61754,33.53,0.23,0.00
"11/20/2012 23:20:00","DUNWOD",61760,35.80,2.50,0.00
"11/20/2012 23:20:00","GENESE",61753,33.26,-0.03,0.00
"11/20/2012 23:20:00","H Q",61844,32.70,-0.60,0.00
"11/20/2012 23:20:00","HUD VL",61758,35.83,2.53,0.00
"11/20/2012 23:20:00","LONGIL",61762,37.26,3.96,0.00
"11/20/2012 23:20:00","MHK VL",61756,34.43,1.13,0.00
"11/20/2012 23:20:00","MILLWD",61759,35.86,2.56,0.00
"11/20/2012 23:20:00","N.Y.C.",61761,35.96,2.66,0.00
"11/20/2012 23:20:00","NORTH",61755,32.86,-0.43,0.00
"11/20/2012 23:20:00","NPX",61845,34.31,1.51,0.00
"11/20/2012 23:20:00","O H",61846,31.10,-1.71,0.00
"11/20/2012 23:20:00","PJM",61847,32.90,-0.40,0.00
"11/20/2012 23:20:00","WEST",61752,31.60,-1.70,0.00
"11/20/2012 23:25:00","CAPITL",61757,34.19,1.35,0.00
"11/20/2012 23:25:00","CENTRL",61754,33.23,0.40,0.00
"11/20/2012 23:25:00","DUNWOD",61760,35.30,2.46,0.00
"11/20/2012 23:25:00","GENESE",61753,33.07,0.23,0.00
"11/20/2012 23:25:00","H Q",61844,32.18,-0.66,0.00
"11/20/2012 23:25:00","HUD VL",61758,35.33,2.49,0.00
"11/20/2012 23:25:00","LONGIL",61762,36.71,3.87,0.00
"11/20/2012 23:25:00","MHK VL",61756,33.96,1.12,0.00
"11/20/2012 23:25:00","MILLWD",61759,35.37,2.53,0.00
"11/20/2012 23:25:00","N.Y.C.",61761,35.43,2.59,0.00
"11/20/2012 23:25:00","NORTH",61755,32.31,-0.53,0.00
"11/20/2012 23:25:00","NPX",61845,34.31,1.51,0.00
"11/20/2012 23:25:00","O H",61846,31.10,-1.71,0.00
"11/20/2012 23:25:00","PJM",61847,32.71,-0.13,0.00
"11/20/2012 23:25:00","WEST",61752,31.62,-1.21,0.00
"11/20/2012 23:30:00","CAPITL",61757,33.84,1.33,0.00
"11/20/2012 23:30:00","CENTRL",61754,32.90,0.39,0.00
"11/20/2012 23:30:00","DUNWOD",61760,34.94,2.44,0.00
"11/20/2012 23:30:00","GENESE",61753,32.70,0.20,0.00
"11/20/2012 23:30:00","H Q",61844,31.85,-0.65,0.00
"11/20/2012 23:30:00","HUD VL",61758,34.97,2.47,0.00
"11/20/2012 23:30:00","LONGIL",61762,36.34,3.83,0.00
"11/20/2012 23:30:00","MHK VL",61756,33.61,1.11,0.00
"11/20/2012 23:30:00","MILLWD",61759,35.01,2.50,0.00
"11/20/2012 23:30:00","N.Y.C.",61761,35.10,2.60,0.00
"11/20/2012 23:30:00","NORTH",61755,32.02,-0.49,0.00
"11/20/2012 23:30:00","NPX",61845,34.31,1.51,0.00
"11/20/2012 23:30:00","O H",61846,31.10,-1.71,0.00
"11/20/2012 23:30:00","PJM",61847,32.37,-0.13,0.00
"11/20/2012 23:30:00","WEST",61752,31.27,-1.24,0.00
"11/20/2012 23:35:00","CAPITL",61757,33.15,1.31,0.00
"11/20/2012 23:35:00","CENTRL",61754,32.20,0.35,0.00
"11/20/2012 23:35:00","DUNWOD",61760,34.24,2.39,0.00
"11/20/2012 23:35:00","GENESE",61753,32.04,0.19,0.00
"11/20/2012 23:35:00","H Q",61844,31.21,-0.64,0.00
"11/20/2012 23:35:00","HUD VL",61758,34.27,2.42,0.00
"11/20/2012 23:35:00","LONGIL",61762,35.57,3.72,0.00
"11/20/2012 23:35:00","MHK VL",61756,32.93,1.08,0.00
"11/20/2012 23:35:00","MILLWD",61759,34.30,2.45,0.00
"11/20/2012 23:35:00","N.Y.C.",61761,34.40,2.55,0.00
"11/20/2012 23:35:00","NORTH",61755,31.37,-0.48,0.00
"11/20/2012 23:35:00","NPX",61845,32.83,1.38,0.00
"11/20/2012 23:35:00","O H",61846,30.10,-1.35,0.00
"11/20/2012 23:35:00","PJM",61847,31.66,-0.19,0.00
"11/20/2012 23:35:00","WEST",61752,30.61,-1.24,0.00
"11/20/2012 23:40:00","CAPITL",61757,33.53,1.35,0.00
"11/20/2012 23:40:00","CENTRL",61754,32.53,0.35,0.00
"11/20/2012 23:40:00","DUNWOD",61760,34.56,2.38,0.00
"11/20/2012 23:40:00","GENESE",61753,32.34,0.16,0.00
"11/20/2012 23:40:00","H Q",61844,31.54,-0.64,0.00
"11/20/2012 23:40:00","HUD VL",61758,34.59,2.41,0.00
"11/20/2012 23:40:00","LONGIL",61762,35.85,3.67,0.00
"11/20/2012 23:40:00","MHK VL",61756,33.27,1.09,0.00
"11/20/2012 23:40:00","MILLWD",61759,34.62,2.44,0.00
"11/20/2012 23:40:00","N.Y.C.",61761,34.69,2.51,0.00
"11/20/2012 23:40:00","NORTH",61755,31.70,-0.48,0.00
"11/20/2012 23:40:00","NPX",61845,32.83,1.38,0.00
"11/20/2012 23:40:00","O H",61846,30.10,-1.35,0.00
"11/20/2012 23:40:00","PJM",61847,31.99,-0.19,0.00
"11/20/2012 23:40:00","WEST",61752,30.92,-1.26,0.00
"11/20/2012 23:45:00","CAPITL",61757,33.97,1.43,0.00
"11/20/2012 23:45:00","CENTRL",61754,32.86,0.33,0.00
"11/20/2012 23:45:00","DUNWOD",61760,34.95,2.41,0.00
"11/20/2012 23:45:00","GENESE",61753,32.67,0.13,0.00
"11/20/2012 23:45:00","H Q",61844,31.89,-0.65,0.00
"11/20/2012 23:45:00","HUD VL",61758,34.98,2.44,0.00
"11/20/2012 23:45:00","LONGIL",61762,36.28,3.74,0.00
"11/20/2012 23:45:00","MHK VL",61756,33.61,1.07,0.00
"11/20/2012 23:45:00","MILLWD",61759,35.01,2.47,0.00
"11/20/2012 23:45:00","N.Y.C.",61761,35.11,2.57,0.00
"11/20/2012 23:45:00","NORTH",61755,32.02,-0.52,0.00
"11/20/2012 23:45:00","NPX",61845,32.83,1.38,0.00
"11/20/2012 23:45:00","O H",61846,30.10,-1.35,0.00
"11/20/2012 23:45:00","PJM",61847,32.28,-0.26,0.00
"11/20/2012 23:45:00","WEST",61752,31.14,-1.40,0.00
"11/20/2012 23:50:00","CAPITL",61757,33.86,1.43,0.00
"11/20/2012 23:50:00","CENTRL",61754,32.79,0.36,0.00
"11/20/2012 23:50:00","DUNWOD",61760,34.83,2.40,0.00
"11/20/2012 23:50:00","GENESE",61753,32.63,0.20,0.00
"11/20/2012 23:50:00","H Q",61844,29.37,-0.57,0.00
"11/20/2012 23:50:00","HUD VL",61758,34.83,2.40,0.00
"11/20/2012 23:50:00","LONGIL",61762,36.13,3.70,0.00
"11/20/2012 23:50:00","MHK VL",61756,33.50,1.07,0.00
"11/20/2012 23:50:00","MILLWD",61759,34.87,2.43,0.00
"11/20/2012 23:50:00","N.Y.C.",61761,37.39,2.53,-2.42
"11/20/2012 23:50:00","NORTH",61755,31.91,-0.52,0.00
"11/20/2012 23:50:00","NPX",61845,48.97,1.48,-15.25
"11/20/2012 23:50:00","O H",61846,46.29,-1.19,-15.25
"11/20/2012 23:50:00","PJM",61847,32.27,-0.16,0.00
"11/20/2012 23:50:00","WEST",61752,31.23,-1.20,0.00
"11/20/2012 23:55:00","CAPITL",61757,31.80,1.34,0.00
"11/20/2012 23:55:00","CENTRL",61754,30.79,0.34,0.00
"11/20/2012 23:55:00","DUNWOD",61760,32.68,2.22,0.00
"11/20/2012 23:55:00","GENESE",61753,30.70,0.24,0.00
"11/20/2012 23:55:00","H Q",61844,29.37,-0.57,0.00
"11/20/2012 23:55:00","HUD VL",61758,32.68,2.22,0.00
"11/20/2012 23:55:00","LONGIL",61762,33.87,3.41,0.00
"11/20/2012 23:55:00","MHK VL",61756,31.46,1.00,0.00
"11/20/2012 23:55:00","MILLWD",61759,32.71,2.25,0.00
"11/20/2012 23:55:00","N.Y.C.",61761,34.89,2.38,-2.05
"11/20/2012 23:55:00","NORTH",61755,29.97,-0.49,0.00
"11/20/2012 23:55:00","NPX",61845,48.97,1.48,-15.25
"11/20/2012 23:55:00","O H",61846,46.29,-1.19,-15.25
"11/20/2012 23:55:00","PJM",61847,30.31,-0.15,0.00
"11/20/2012 23:55:00","WEST",61752,29.45,-1.00,0.00
"11/21/2012 00:00:00","CAPITL",61757,32.96,1.48,0.00
"11/21/2012 00:00:00","CENTRL",61754,31.73,0.25,0.00
"11/21/2012 00:00:00","DUNWOD",61760,33.81,2.33,0.00
"11/21/2012 00:00:00","GENESE",61753,31.67,0.19,0.00
"11/21/2012 00:00:00","H Q",61844,29.37,-0.57,0.00
"11/21/2012 00:00:00","HUD VL",61758,33.81,2.33,0.00
"11/21/2012 00:00:00","LONGIL",61762,35.01,3.53,0.00
"11/21/2012 00:00:00","MHK VL",61756,32.49,1.01,0.00
"11/21/2012 00:00:00","MILLWD",61759,33.84,2.36,0.00
"11/21/2012 00:00:00","N.Y.C.",61761,33.97,2.49,0.00
"11/21/2012 00:00:00","NORTH",61755,30.95,-0.54,0.00
"11/21/2012 00:00:00","NPX",61845,48.97,1.48,-15.25
"11/21/2012 00:00:00","O H",61846,46.29,-1.19,-15.25
"11/21/2012 00:00:00","PJM",61847,31.17,-0.31,0.00
"11/21/2012 00:00:00","WEST",61752,30.32,-1.16,0.00
