"Time Stamp","Name","PTID","LBMP ($/MWHr)","Marginal Cost Losses ($/MWHr)","Marginal Cost Congestion ($/MWHr)"
"12/28/2013 00:05:00","CAPITL",61757,52.30,1.32,-28.27
"12/28/2013 00:05:00","CENTRL",61754,25.61,-0.20,-3.11
"12/28/2013 00:05:00","DUNWOD",61760,43.99,1.86,-19.42
"12/28/2013 00:05:00","GENESE",61753,24.79,-0.36,-2.45
"12/28/2013 00:05:00","H Q",61844,22.50,-0.20,0.00
"12/28/2013 00:05:00","HUD VL",61758,44.42,2.29,-19.43
"12/28/2013 00:05:00","LONGIL",61762,44.64,2.50,-19.44
"12/28/2013 00:05:00","MHK VL",61756,26.28,0.52,-3.06
"12/28/2013 00:05:00","MILLWD",61759,44.25,1.93,-19.61
"12/28/2013 00:05:00","N.Y.C.",61761,44.02,1.88,-19.43
"12/28/2013 00:05:00","NORTH",61755,21.90,-0.30,0.51
"12/28/2013 00:05:00","NPX",61845,48.63,1.52,-24.41
"12/28/2013 00:05:00","O H",61846,24.71,-1.23,-3.23
"12/28/2013 00:05:00","PJM",61847,25.22,-1.48,-3.99
"12/28/2013 00:05:00","WEST",61752,24.99,-0.86,-3.15
"12/28/2013 00:10:00","CAPITL",61757,55.13,1.10,-36.55
"12/28/2013 00:10:00","CENTRL",61754,21.40,-0.10,-4.02
"12/28/2013 00:10:00","DUNWOD",61760,43.95,1.36,-25.10
"12/28/2013 00:10:00","GENESE",61753,20.38,-0.26,-3.16
"12/28/2013 00:10:00","H Q",61844,17.31,-0.17,0.00
"12/28/2013 00:10:00","HUD VL",61758,44.30,1.71,-25.11
"12/28/2013 00:10:00","LONGIL",61762,44.39,1.78,-25.12
"12/28/2013 00:10:00","MHK VL",61756,21.87,0.44,-3.95
"12/28/2013 00:10:00","MILLWD",61759,44.25,1.42,-25.35
"12/28/2013 00:10:00","N.Y.C.",61761,44.00,1.40,-25.12
"12/28/2013 00:10:00","NORTH",61755,16.56,-0.26,0.66
"12/28/2013 00:10:00","NPX",61845,50.25,1.22,-31.55
"12/28/2013 00:10:00","O H",61846,20.77,-0.89,-4.18
"12/28/2013 00:10:00","PJM",61847,21.65,-1.00,-5.16
"12/28/2013 00:10:00","WEST",61752,20.94,-0.61,-4.07
"12/28/2013 00:15:00","CAPITL",61757,97.73,0.56,-88.14
"12/28/2013 00:15:00","CENTRL",61754,18.79,0.03,-9.73
"12/28/2013 00:15:00","DUNWOD",61760,70.19,0.60,-60.57
"12/28/2013 00:15:00","GENESE",61753,16.62,-0.03,-7.61
"12/28/2013 00:15:00","H Q",61844,8.94,-0.09,0.00
"12/28/2013 00:15:00","HUD VL",61758,70.41,0.82,-60.56
"12/28/2013 00:15:00","LONGIL",61762,70.45,0.80,-60.61
"12/28/2013 00:15:00","MHK VL",61756,18.80,0.23,-9.54
"12/28/2013 00:15:00","MILLWD",61759,70.82,0.62,-61.16
"12/28/2013 00:15:00","N.Y.C.",61761,70.21,0.58,-60.60
"12/28/2013 00:15:00","NORTH",61755,7.34,-0.09,1.60
"12/28/2013 00:15:00","NPX",61845,85.73,0.59,-76.11
"12/28/2013 00:15:00","O H",61846,18.84,-0.27,-10.08
"12/28/2013 00:15:00","PJM",61847,21.21,-0.27,-12.45
"12/28/2013 00:15:00","WEST",61752,18.72,-0.12,-9.81
"12/28/2013 00:20:00","CAPITL",61757,124.98,-1.66,-152.25
"12/28/2013 00:20:00","CENTRL",61754,-8.87,-0.08,-16.81
"12/28/2013 00:20:00","DUNWOD",61760,77.40,-1.61,-104.62
"12/28/2013 00:20:00","GENESE",61753,-12.40,0.05,-13.15
"12/28/2013 00:20:00","H Q",61844,-25.35,0.26,0.00
"12/28/2013 00:20:00","HUD VL",61758,76.73,-2.28,-104.61
"12/28/2013 00:20:00","LONGIL",61762,76.79,-2.31,-104.70
"12/28/2013 00:20:00","MHK VL",61756,-9.77,-0.64,-16.48
"12/28/2013 00:20:00","MILLWD",61759,78.33,-1.72,-105.65
"12/28/2013 00:20:00","N.Y.C.",61761,77.52,-1.56,-104.68
"12/28/2013 00:20:00","NORTH",61755,-28.28,0.10,2.77
"12/28/2013 00:20:00","NPX",61845,104.15,-1.72,-131.47
"12/28/2013 00:20:00","O H",61846,-7.45,0.74,-17.41
"12/28/2013 00:20:00","PJM",61847,-3.33,0.77,-21.51
"12/28/2013 00:20:00","WEST",61752,-8.35,0.31,-16.95
"12/28/2013 00:21:18","CAPITL",61757,418.84,-6.30,-520.65
"12/28/2013 00:21:18","CENTRL",61754,-37.56,0.48,-57.47
"12/28/2013 00:21:18","DUNWOD",61760,256.44,-5.83,-357.78
"12/28/2013 00:21:18","GENESE",61753,-49.48,1.05,-44.98
"12/28/2013 00:21:18","H Q",61844,-94.85,0.66,0.00
"12/28/2013 00:21:18","HUD VL",61758,254.02,-8.22,-357.75
"12/28/2013 00:21:18","LONGIL",61762,254.89,-7.64,-358.05
"12/28/2013 00:21:18","MHK VL",61756,-41.36,-2.20,-56.35
"12/28/2013 00:21:18","MILLWD",61759,259.58,-6.20,-361.30
"12/28/2013 00:21:18","N.Y.C.",61761,256.94,-5.54,-357.99
"12/28/2013 00:21:18","NORTH",61755,-105.37,-0.38,9.48
"12/28/2013 00:21:18","NPX",61845,347.51,-6.59,-449.60
"12/28/2013 00:21:18","O H",61846,-31.66,4.30,-59.55
"12/28/2013 00:21:18","PJM",61847,-16.81,5.16,-73.54
"12/28/2013 00:21:18","WEST",61752,-34.79,2.77,-57.95
"12/28/2013 00:23:00","CAPITL",61757,199.92,-5.21,-279.64
"12/28/2013 00:23:00","CENTRL",61754,-43.27,0.37,-30.87
"12/28/2013 00:23:00","DUNWOD",61760,112.96,-4.70,-192.17
"12/28/2013 00:23:00","GENESE",61753,-49.46,0.89,-24.16
"12/28/2013 00:23:00","H Q",61844,-73.99,0.52,0.00
"12/28/2013 00:23:00","HUD VL",61758,111.08,-6.56,-192.15
"12/28/2013 00:23:00","LONGIL",61762,111.62,-6.18,-192.31
"12/28/2013 00:23:00","MHK VL",61756,-46.11,-1.86,-30.27
"12/28/2013 00:23:00","MILLWD",61759,114.63,-4.92,-194.05
"12/28/2013 00:23:00","N.Y.C.",61761,113.45,-4.32,-192.28
"12/28/2013 00:23:00","NORTH",61755,-79.97,-0.37,5.09
"12/28/2013 00:23:00","NPX",61845,161.54,-5.44,-241.48
"12/28/2013 00:23:00","O H",61846,-38.95,3.58,-31.98
"12/28/2013 00:23:00","PJM",61847,-30.91,4.10,-39.50
"12/28/2013 00:23:00","WEST",61752,-41.07,2.31,-31.13
"12/28/2013 00:25:00","CAPITL",61757,136.62,-3.61,-191.75
"12/28/2013 00:25:00","CENTRL",61754,-30.15,0.21,-21.17
"12/28/2013 00:25:00","DUNWOD",61760,76.95,-3.30,-131.77
"12/28/2013 00:25:00","GENESE",61753,-34.39,0.57,-16.57
"12/28/2013 00:25:00","H Q",61844,-51.05,0.46,0.00
"12/28/2013 00:25:00","HUD VL",61758,75.65,-4.58,-131.75
"12/28/2013 00:25:00","LONGIL",61762,76.12,-4.23,-131.86
"12/28/2013 00:25:00","MHK VL",61756,-32.10,-1.34,-20.75
"12/28/2013 00:25:00","MILLWD",61759,78.04,-3.51,-133.06
"12/28/2013 00:25:00","N.Y.C.",61761,77.18,-3.14,-131.84
"12/28/2013 00:25:00","NORTH",61755,-54.86,0.15,3.49
"12/28/2013 00:25:00","NPX",61845,110.30,-3.76,-165.58
"12/28/2013 00:25:00","O H",61846,-27.32,2.27,-21.93
"12/28/2013 00:25:00","PJM",61847,-21.81,2.63,-27.09
"12/28/2013 00:25:00","WEST",61752,-28.79,1.39,-21.34
"12/28/2013 00:30:00","CAPITL",61757,136.62,-3.61,-191.75
"12/28/2013 00:30:00","CENTRL",61754,-30.15,0.21,-21.17
"12/28/2013 00:30:00","DUNWOD",61760,76.95,-3.30,-131.77
"12/28/2013 00:30:00","GENESE",61753,-34.39,0.57,-16.57
"12/28/2013 00:30:00","H Q",61844,-51.05,0.46,0.00
"12/28/2013 00:30:00","HUD VL",61758,75.65,-4.58,-131.75
"12/28/2013 00:30:00","LONGIL",61762,76.12,-4.23,-131.86
"12/28/2013 00:30:00","MHK VL",61756,-32.10,-1.34,-20.75
"12/28/2013 00:30:00","MILLWD",61759,78.04,-3.51,-133.06
"12/28/2013 00:30:00","N.Y.C.",61761,77.18,-3.14,-131.84
"12/28/2013 00:30:00","NORTH",61755,-54.86,0.15,3.49
"12/28/2013 00:30:00","NPX",61845,110.30,-3.76,-165.58
"12/28/2013 00:30:00","O H",61846,-27.32,2.27,-21.93
"12/28/2013 00:30:00","PJM",61847,-21.81,2.63,-27.09
"12/28/2013 00:30:00","WEST",61752,-28.79,1.39,-21.34
"12/28/2013 00:35:00","CAPITL",61757,121.49,-2.78,-165.12
"12/28/2013 00:35:00","CENTRL",61754,-22.54,0.08,-18.23
"12/28/2013 00:35:00","DUNWOD",61760,69.92,-2.70,-113.47
"12/28/2013 00:35:00","GENESE",61753,-26.18,0.41,-14.26
"12/28/2013 00:35:00","H Q",61844,-40.49,0.37,0.00
"12/28/2013 00:35:00","HUD VL",61758,68.89,-3.72,-113.46
"12/28/2013 00:35:00","LONGIL",61762,69.14,-3.55,-113.55
"12/28/2013 00:35:00","MHK VL",61756,-24.04,-1.06,-17.87
"12/28/2013 00:35:00","MILLWD",61759,70.91,-2.82,-114.58
"12/28/2013 00:35:00","N.Y.C.",61761,70.10,-2.58,-113.53
"12/28/2013 00:35:00","NORTH",61755,-43.74,0.12,3.01
"12/28/2013 00:35:00","NPX",61845,98.79,-2.94,-142.59
"12/28/2013 00:35:00","O H",61846,-20.25,1.71,-18.89
"12/28/2013 00:35:00","PJM",61847,-15.65,1.88,-23.32
"12/28/2013 00:35:00","WEST",61752,-21.46,1.02,-18.38
"12/28/2013 00:40:00","CAPITL",61757,120.62,-2.77,-164.03
"12/28/2013 00:40:00","CENTRL",61754,-22.29,0.20,-18.16
"12/28/2013 00:40:00","DUNWOD",61760,69.82,-2.68,-113.15
"12/28/2013 00:40:00","GENESE",61753,-25.99,0.45,-14.21
"12/28/2013 00:40:00","H Q",61844,-40.28,0.37,0.00
"12/28/2013 00:40:00","HUD VL",61758,69.25,-3.70,-113.59
"12/28/2013 00:40:00","LONGIL",61762,69.09,-3.50,-113.23
"12/28/2013 00:40:00","MHK VL",61756,-23.86,-1.02,-17.80
"12/28/2013 00:40:00","MILLWD",61759,70.84,-2.80,-114.29
"12/28/2013 00:40:00","N.Y.C.",61761,70.00,-2.56,-113.21
"12/28/2013 00:40:00","NORTH",61755,-43.49,0.16,3.01
"12/28/2013 00:40:00","NPX",61845,98.29,-2.93,-141.86
"12/28/2013 00:40:00","O H",61846,-20.00,1.83,-18.82
"12/28/2013 00:40:00","PJM",61847,-15.25,2.16,-23.24
"12/28/2013 00:40:00","WEST",61752,-21.20,1.14,-18.31
"12/28/2013 00:45:00","CAPITL",61757,114.42,-2.77,-158.56
"12/28/2013 00:45:00","CENTRL",61754,-23.73,0.08,-17.55
"12/28/2013 00:45:00","DUNWOD",61760,65.27,-2.73,-109.37
"12/28/2013 00:45:00","GENESE",61753,-27.30,0.33,-13.74
"12/28/2013 00:45:00","H Q",61844,-40.99,0.37,0.00
"12/28/2013 00:45:00","HUD VL",61758,64.67,-3.76,-109.80
"12/28/2013 00:45:00","LONGIL",61762,64.53,-3.56,-109.45
"12/28/2013 00:45:00","MHK VL",61756,-25.23,-1.07,-17.21
"12/28/2013 00:45:00","MILLWD",61759,66.26,-2.85,-110.48
"12/28/2013 00:45:00","N.Y.C.",61761,65.42,-2.65,-109.43
"12/28/2013 00:45:00","NORTH",61755,-44.15,0.12,2.91
"12/28/2013 00:45:00","NPX",61845,92.83,-2.94,-137.13
"12/28/2013 00:45:00","O H",61846,-21.57,1.61,-18.19
"12/28/2013 00:45:00","PJM",61847,-17.00,1.90,-22.46
"12/28/2013 00:45:00","WEST",61752,-22.76,0.91,-17.70
"12/28/2013 00:50:00","CAPITL",61757,120.95,-2.71,-164.73
"12/28/2013 00:50:00","CENTRL",61754,-22.83,0.00,-18.24
"12/28/2013 00:50:00","DUNWOD",61760,69.89,-2.67,-113.63
"12/28/2013 00:50:00","GENESE",61753,-26.55,0.24,-14.27
"12/28/2013 00:50:00","H Q",61844,-40.69,0.37,0.00
"12/28/2013 00:50:00","HUD VL",61758,69.31,-3.70,-114.07
"12/28/2013 00:50:00","LONGIL",61762,69.11,-3.53,-113.71
"12/28/2013 00:50:00","MHK VL",61756,-24.25,-1.07,-17.88
"12/28/2013 00:50:00","MILLWD",61759,70.92,-2.79,-114.77
"12/28/2013 00:50:00","N.Y.C.",61761,70.04,-2.59,-113.69
"12/28/2013 00:50:00","NORTH",61755,-44.04,0.04,3.02
"12/28/2013 00:50:00","NPX",61845,98.53,-2.87,-142.46
"12/28/2013 00:50:00","O H",61846,-20.73,1.44,-18.89
"12/28/2013 00:50:00","PJM",61847,-16.08,1.64,-23.34
"12/28/2013 00:50:00","WEST",61752,-21.94,0.74,-18.39
"12/28/2013 00:55:00","CAPITL",61757,77.29,-1.71,-105.36
"12/28/2013 00:55:00","CENTRL",61754,-14.66,0.03,-11.66
"12/28/2013 00:55:00","DUNWOD",61760,44.58,-1.74,-72.67
"12/28/2013 00:55:00","GENESE",61753,-17.07,0.16,-9.13
"12/28/2013 00:55:00","H Q",61844,-26.11,0.24,0.00
"12/28/2013 00:55:00","HUD VL",61758,44.21,-2.40,-72.96
"12/28/2013 00:55:00","LONGIL",61762,44.06,-2.32,-72.73
"12/28/2013 00:55:00","MHK VL",61756,-15.60,-0.68,-11.43
"12/28/2013 00:55:00","MILLWD",61759,45.24,-1.82,-73.41
"12/28/2013 00:55:00","N.Y.C.",61761,44.67,-1.69,-72.72
"12/28/2013 00:55:00","NORTH",61755,-28.21,0.08,1.93
"12/28/2013 00:55:00","NPX",61845,62.95,-1.82,-91.12
"12/28/2013 00:55:00","O H",61846,-13.42,0.84,-12.08
"12/28/2013 00:55:00","PJM",61847,-10.45,0.97,-14.93
"12/28/2013 00:55:00","WEST",61752,-14.17,0.42,-11.76
"12/28/2013 01:00:00","CAPITL",61757,320.40,-4.65,-397.70
"12/28/2013 01:00:00","CENTRL",61754,-28.34,0.29,-44.03
"12/28/2013 01:00:00","DUNWOD",61760,197.24,-4.43,-274.33
"12/28/2013 01:00:00","GENESE",61753,-37.69,0.51,-34.45
"12/28/2013 01:00:00","H Q",61844,-72.15,0.51,0.00
"12/28/2013 01:00:00","HUD VL",61758,196.51,-6.25,-275.40
"12/28/2013 01:00:00","LONGIL",61762,196.14,-5.74,-274.53
"12/28/2013 01:00:00","MHK VL",61756,-31.16,-1.67,-43.16
"12/28/2013 01:00:00","MILLWD",61759,199.80,-4.65,-277.10
"12/28/2013 01:00:00","N.Y.C.",61761,197.62,-4.21,-274.48
"12/28/2013 01:00:00","NORTH",61755,-80.38,-0.44,7.29
"12/28/2013 01:00:00","NPX",61845,266.36,-4.94,-343.95
"12/28/2013 01:00:00","O H",61846,-24.42,2.61,-45.62
"12/28/2013 01:00:00","PJM",61847,-12.97,3.34,-56.34
"12/28/2013 01:00:00","WEST",61752,-26.88,1.38,-44.39
"12/28/2013 01:05:00","CAPITL",61757,297.55,-1.47,-321.61
"12/28/2013 01:05:00","CENTRL",61754,12.99,-0.02,-35.60
"12/28/2013 01:05:00","DUNWOD",61760,197.90,-1.36,-221.84
"12/28/2013 01:05:00","GENESE",61753,5.32,0.05,-27.86
"12/28/2013 01:05:00","H Q",61844,-22.41,0.18,0.00
"12/28/2013 01:05:00","HUD VL",61758,198.18,-1.94,-222.72
"12/28/2013 01:05:00","LONGIL",61762,197.63,-1.78,-222.01
"12/28/2013 01:05:00","MHK VL",61756,11.77,-0.54,-34.91
"12/28/2013 01:05:00","MILLWD",61759,200.05,-1.45,-224.09
"12/28/2013 01:05:00","N.Y.C.",61761,198.11,-1.26,-221.97
"12/28/2013 01:05:00","NORTH",61755,-28.45,0.05,5.90
"12/28/2013 01:05:00","NPX",61845,254.02,-1.54,-278.15
"12/28/2013 01:05:00","O H",61846,14.89,0.59,-36.89
"12/28/2013 01:05:00","PJM",61847,23.67,0.70,-45.56
"12/28/2013 01:05:00","WEST",61752,13.51,0.20,-35.90
"12/28/2013 01:10:00","CAPITL",61757,162.88,-1.53,-189.58
"12/28/2013 01:10:00","CENTRL",61754,-4.25,-0.08,-20.99
"12/28/2013 01:10:00","DUNWOD",61760,104.02,-1.59,-130.77
"12/28/2013 01:10:00","GENESE",61753,-8.68,0.05,-16.42
"12/28/2013 01:10:00","H Q",61844,-24.93,0.23,0.00
"12/28/2013 01:10:00","HUD VL",61758,103.88,-2.24,-131.28
"12/28/2013 01:10:00","LONGIL",61762,103.62,-2.09,-130.86
"12/28/2013 01:10:00","MHK VL",61756,-5.26,-0.68,-20.58
"12/28/2013 01:10:00","MILLWD",61759,105.27,-1.66,-132.09
"12/28/2013 01:10:00","N.Y.C.",61761,104.17,-1.51,-130.84
"12/28/2013 01:10:00","NORTH",61755,-28.43,0.20,3.48
"12/28/2013 01:10:00","NPX",61845,137.16,-1.63,-163.96
"12/28/2013 01:10:00","O H",61846,-2.78,0.63,-21.75
"12/28/2013 01:10:00","PJM",61847,2.33,0.63,-26.86
"12/28/2013 01:10:00","WEST",61752,-3.79,0.20,-21.16
"12/28/2013 01:15:00","CAPITL",61757,287.50,-1.46,-311.81
"12/28/2013 01:15:00","CENTRL",61754,11.76,0.02,-34.58
"12/28/2013 01:15:00","DUNWOD",61760,190.56,-1.39,-214.79
"12/28/2013 01:15:00","GENESE",61753,4.30,0.16,-26.98
"12/28/2013 01:15:00","H Q",61844,-22.66,0.18,0.00
"12/28/2013 01:15:00","HUD VL",61758,190.81,-2.26,-215.91
"12/28/2013 01:15:00","LONGIL",61762,190.28,-1.83,-214.95
"12/28/2013 01:15:00","MHK VL",61756,11.33,-0.57,-34.74
"12/28/2013 01:15:00","MILLWD",61759,192.60,-1.46,-216.91
"12/28/2013 01:15:00","N.Y.C.",61761,186.20,-1.30,-210.34
"12/28/2013 01:15:00","NORTH",61755,-28.48,0.09,5.73
"12/28/2013 01:15:00","NPX",61845,244.94,-1.53,-269.31
"12/28/2013 01:15:00","O H",61846,13.63,0.75,-35.72
"12/28/2013 01:15:00","PJM",61847,22.05,0.78,-44.11
"12/28/2013 01:15:00","WEST",61752,12.25,0.39,-34.70
"12/28/2013 01:20:00","CAPITL",61757,325.64,-5.02,-407.96
"12/28/2013 01:20:00","CENTRL",61754,-31.75,0.31,-45.24
"12/28/2013 01:20:00","DUNWOD",61760,199.25,-4.48,-281.02
"12/28/2013 01:20:00","GENESE",61753,-41.07,0.92,-35.30
"12/28/2013 01:20:00","H Q",61844,-76.83,0.46,0.00
"12/28/2013 01:20:00","HUD VL",61758,197.78,-7.42,-282.49
"12/28/2013 01:20:00","LONGIL",61762,198.07,-5.87,-281.23
"12/28/2013 01:20:00","MHK VL",61756,-33.62,-1.78,-45.46
"12/28/2013 01:20:00","MILLWD",61759,201.71,-4.79,-283.79
"12/28/2013 01:20:00","N.Y.C.",61761,193.35,-4.25,-274.89
"12/28/2013 01:20:00","NORTH",61755,-85.40,-0.62,7.49
"12/28/2013 01:20:00","NPX",61845,269.88,-5.18,-352.35
"12/28/2013 01:20:00","O H",61846,-27.39,3.17,-46.73
"12/28/2013 01:20:00","PJM",61847,-16.26,3.32,-57.72
"12/28/2013 01:20:00","WEST",61752,-29.96,1.93,-45.40
"12/28/2013 01:25:00","CAPITL",61757,293.61,-1.44,-317.85
"12/28/2013 01:25:00","CENTRL",61754,12.51,0.07,-35.25
"12/28/2013 01:25:00","DUNWOD",61760,194.78,-1.37,-218.95
"12/28/2013 01:25:00","GENESE",61753,4.91,0.21,-27.51
"12/28/2013 01:25:00","H Q",61844,-22.67,0.14,0.00
"12/28/2013 01:25:00","HUD VL",61758,195.06,-2.24,-220.10
"12/28/2013 01:25:00","LONGIL",61762,194.51,-1.80,-219.12
"12/28/2013 01:25:00","MHK VL",61756,12.11,-0.50,-35.42
"12/28/2013 01:25:00","MILLWD",61759,196.85,-1.46,-221.11
"12/28/2013 01:25:00","N.Y.C.",61761,189.11,-1.30,-213.21
"12/28/2013 01:25:00","NORTH",61755,-28.55,0.09,5.84
"12/28/2013 01:25:00","NPX",61845,250.22,-1.50,-274.53
"12/28/2013 01:25:00","O H",61846,14.43,0.82,-36.41
"12/28/2013 01:25:00","PJM",61847,23.03,0.87,-44.97
"12/28/2013 01:25:00","WEST",61752,13.05,0.48,-35.37
"12/28/2013 01:30:00","CAPITL",61757,167.73,-2.16,-204.21
"12/28/2013 01:30:00","CENTRL",61754,-11.54,0.14,-22.65
"12/28/2013 01:30:00","DUNWOD",61760,104.26,-2.09,-140.67
"12/28/2013 01:30:00","GENESE",61753,-16.17,0.48,-17.67
"12/28/2013 01:30:00","H Q",61844,-34.12,0.20,0.00
"12/28/2013 01:30:00","HUD VL",61758,103.72,-3.37,-141.41
"12/28/2013 01:30:00","LONGIL",61762,103.71,-2.75,-140.78
"12/28/2013 01:30:00","MHK VL",61756,-12.36,-0.79,-22.75
"12/28/2013 01:30:00","MILLWD",61759,105.54,-2.20,-142.06
"12/28/2013 01:30:00","N.Y.C.",61761,104.44,-1.99,-140.75
"12/28/2013 01:30:00","NORTH",61755,-38.04,0.03,3.75
"12/28/2013 01:30:00","NPX",61845,139.76,-2.30,-176.38
"12/28/2013 01:30:00","O H",61846,-9.45,1.47,-23.39
"12/28/2013 01:30:00","PJM",61847,-3.99,1.44,-28.89
"12/28/2013 01:30:00","WEST",61752,-10.63,0.96,-22.73
"12/28/2013 01:35:00","CAPITL",61757,163.07,-1.57,-189.52
"12/28/2013 01:35:00","CENTRL",61754,-3.67,0.20,-21.02
"12/28/2013 01:35:00","DUNWOD",61760,104.18,-1.49,-130.55
"12/28/2013 01:35:00","GENESE",61753,-8.06,0.42,-16.40
"12/28/2013 01:35:00","H Q",61844,-24.76,0.12,0.00
"12/28/2013 01:35:00","HUD VL",61758,103.94,-2.41,-131.24
"12/28/2013 01:35:00","LONGIL",61762,103.78,-1.99,-130.65
"12/28/2013 01:35:00","MHK VL",61756,-4.26,-0.50,-21.12
"12/28/2013 01:35:00","MILLWD",61759,105.36,-1.59,-131.84
"12/28/2013 01:35:00","N.Y.C.",61761,104.30,-1.44,-130.63
"12/28/2013 01:35:00","NORTH",61755,-28.39,-0.02,3.48
"12/28/2013 01:35:00","NPX",61845,137.16,-1.64,-163.69
"12/28/2013 01:35:00","O H",61846,-1.98,1.19,-21.71
"12/28/2013 01:35:00","PJM",61847,3.17,1.24,-26.81
"12/28/2013 01:35:00","WEST",61752,-2.97,0.82,-21.09
"12/28/2013 01:40:00","CAPITL",61757,188.66,-2.76,-234.55
"12/28/2013 01:40:00","CENTRL",61754,-16.73,0.39,-26.01
"12/28/2013 01:40:00","DUNWOD",61760,115.85,-2.59,-161.57
"12/28/2013 01:40:00","GENESE",61753,-22.06,0.78,-20.30
"12/28/2013 01:40:00","H Q",61844,-42.96,0.17,0.00
"12/28/2013 01:40:00","HUD VL",61758,115.10,-4.18,-162.42
"12/28/2013 01:40:00","LONGIL",61762,115.03,-3.54,-161.70
"12/28/2013 01:40:00","MHK VL",61756,-17.99,-0.99,-26.14
"12/28/2013 01:40:00","MILLWD",61759,117.27,-2.76,-163.17
"12/28/2013 01:40:00","N.Y.C.",61761,114.36,-2.50,-159.99
"12/28/2013 01:40:00","NORTH",61755,-47.52,-0.09,4.31
"12/28/2013 01:40:00","NPX",61845,156.56,-2.89,-202.58
"12/28/2013 01:40:00","O H",61846,-14.11,2.16,-26.87
"12/28/2013 01:40:00","PJM",61847,-7.62,2.33,-33.18
"12/28/2013 01:40:00","WEST",61752,-15.48,1.55,-26.10
"12/28/2013 01:45:00","CAPITL",61757,169.50,-2.40,-209.98
"12/28/2013 01:45:00","CENTRL",61754,-14.48,0.31,-23.29
"12/28/2013 01:45:00","DUNWOD",61760,104.25,-2.32,-144.64
"12/28/2013 01:45:00","GENESE",61753,-19.29,0.61,-18.17
"12/28/2013 01:45:00","H Q",61844,-37.92,0.15,0.00
"12/28/2013 01:45:00","HUD VL",61758,103.64,-3.69,-145.40
"12/28/2013 01:45:00","LONGIL",61762,103.56,-3.12,-144.75
"12/28/2013 01:45:00","MHK VL",61756,-15.51,-0.84,-23.40
"12/28/2013 01:45:00","MILLWD",61759,105.56,-2.44,-146.07
"12/28/2013 01:45:00","N.Y.C.",61761,104.45,-2.21,-144.73
"12/28/2013 01:45:00","NORTH",61755,-42.05,-0.11,3.86
"12/28/2013 01:45:00","NPX",61845,140.77,-2.51,-181.36
"12/28/2013 01:45:00","O H",61846,-12.19,1.83,-24.05
"12/28/2013 01:45:00","PJM",61847,-6.35,2.02,-29.71
"12/28/2013 01:45:00","WEST",61752,-13.45,1.26,-23.37
"12/28/2013 01:50:00","CAPITL",61757,163.48,-1.62,-190.46
"12/28/2013 01:50:00","CENTRL",61754,-4.11,0.13,-21.12
"12/28/2013 01:50:00","DUNWOD",61760,104.30,-1.55,-131.20
"12/28/2013 01:50:00","GENESE",61753,-8.52,0.35,-16.48
"12/28/2013 01:50:00","H Q",61844,-25.20,0.15,0.00
"12/28/2013 01:50:00","HUD VL",61758,104.04,-2.49,-131.88
"12/28/2013 01:50:00","LONGIL",61762,103.84,-2.10,-131.30
"12/28/2013 01:50:00","MHK VL",61756,-4.64,-0.51,-21.22
"12/28/2013 01:50:00","MILLWD",61759,105.49,-1.65,-132.49
"12/28/2013 01:50:00","N.Y.C.",61761,104.42,-1.50,-131.27
"12/28/2013 01:50:00","NORTH",61755,-28.65,0.20,3.50
"12/28/2013 01:50:00","NPX",61845,137.44,-1.70,-164.50
"12/28/2013 01:50:00","O H",61846,-2.47,1.06,-21.82
"12/28/2013 01:50:00","PJM",61847,2.71,1.11,-26.94
"12/28/2013 01:50:00","WEST",61752,-3.47,0.68,-21.20
"12/28/2013 01:55:00","CAPITL",61757,163.51,-1.62,-190.11
"12/28/2013 01:55:00","CENTRL",61754,-3.72,0.17,-21.08
"12/28/2013 01:55:00","DUNWOD",61760,104.46,-1.52,-130.96
"12/28/2013 01:55:00","GENESE",61753,-8.10,0.42,-16.45
"12/28/2013 01:55:00","H Q",61844,-24.85,0.12,0.00
"12/28/2013 01:55:00","HUD VL",61758,104.24,-2.42,-131.64
"12/28/2013 01:55:00","LONGIL",61762,103.99,-2.10,-131.06
"12/28/2013 01:55:00","MHK VL",61756,-4.29,-0.50,-21.18
"12/28/2013 01:55:00","MILLWD",61759,105.67,-1.60,-132.25
"12/28/2013 01:55:00","N.Y.C.",61761,104.61,-1.45,-131.03
"12/28/2013 01:55:00","NORTH",61755,-28.42,0.05,3.49
"12/28/2013 01:55:00","NPX",61845,137.52,-1.70,-164.19
"12/28/2013 01:55:00","O H",61846,-2.00,1.20,-21.78
"12/28/2013 01:55:00","PJM",61847,3.12,1.20,-26.90
"12/28/2013 01:55:00","WEST",61752,-3.02,0.80,-21.16
"12/28/2013 02:00:00","CAPITL",61757,270.74,-2.14,-304.82
"12/28/2013 02:00:00","CENTRL",61754,2.12,0.26,-33.80
"12/28/2013 02:00:00","DUNWOD",61760,176.22,-1.82,-209.97
"12/28/2013 02:00:00","GENESE",61753,-4.98,0.57,-26.38
"12/28/2013 02:00:00","H Q",61844,-31.81,0.13,0.00
"12/28/2013 02:00:00","HUD VL",61758,176.14,-3.00,-211.07
"12/28/2013 02:00:00","LONGIL",61762,175.58,-2.62,-210.14
"12/28/2013 02:00:00","MHK VL",61756,1.45,-0.58,-33.96
"12/28/2013 02:00:00","MILLWD",61759,178.16,-1.95,-212.04
"12/28/2013 02:00:00","N.Y.C.",61761,172.23,-1.66,-205.83
"12/28/2013 02:00:00","NORTH",61755,-37.63,-0.10,5.60
"12/28/2013 02:00:00","NPX",61845,229.16,-2.17,-263.27
"12/28/2013 02:00:00","O H",61846,4.48,1.50,-34.92
"12/28/2013 02:00:00","PJM",61847,12.72,1.53,-43.12
"12/28/2013 02:00:00","WEST",61752,3.01,1.02,-33.92
"12/28/2013 02:05:00","CAPITL",61757,281.85,-1.57,-306.22
"12/28/2013 02:05:00","CENTRL",61754,11.27,0.11,-33.96
"12/28/2013 02:05:00","DUNWOD",61760,186.85,-1.30,-210.94
"12/28/2013 02:05:00","GENESE",61753,4.04,0.34,-26.50
"12/28/2013 02:05:00","H Q",61844,-22.69,0.11,0.00
"12/28/2013 02:05:00","HUD VL",61758,187.13,-2.12,-212.05
"12/28/2013 02:05:00","LONGIL",61762,186.48,-1.82,-211.11
"12/28/2013 02:05:00","MHK VL",61756,10.89,-0.43,-34.12
"12/28/2013 02:05:00","MILLWD",61759,188.83,-1.39,-213.02
"12/28/2013 02:05:00","N.Y.C.",61761,181.94,-1.18,-205.92
"12/28/2013 02:05:00","NORTH",61755,-28.45,-0.02,5.62
"12/28/2013 02:05:00","NPX",61845,240.07,-1.62,-264.48
"12/28/2013 02:05:00","O H",61846,13.24,0.96,-35.08
"12/28/2013 02:05:00","PJM",61847,21.44,0.91,-43.32
"12/28/2013 02:05:00","WEST",61752,11.88,0.59,-34.08
"12/28/2013 02:10:00","CAPITL",61757,179.98,-1.73,-206.79
"12/28/2013 02:10:00","CENTRL",61754,-2.11,0.05,-22.93
"12/28/2013 02:10:00","DUNWOD",61760,115.91,-1.45,-142.45
"12/28/2013 02:10:00","GENESE",61753,-6.92,0.28,-17.90
"12/28/2013 02:10:00","H Q",61844,-24.91,0.17,0.00
"12/28/2013 02:10:00","HUD VL",61758,115.75,-2.36,-143.19
"12/28/2013 02:10:00","LONGIL",61762,115.32,-2.16,-142.56
"12/28/2013 02:10:00","MHK VL",61756,-2.52,-0.48,-23.04
"12/28/2013 02:10:00","MILLWD",61759,117.24,-1.53,-143.85
"12/28/2013 02:10:00","N.Y.C.",61761,116.12,-1.33,-142.53
"12/28/2013 02:10:00","NORTH",61755,-28.66,0.23,3.80
"12/28/2013 02:10:00","NPX",61845,151.74,-1.78,-178.61
"12/28/2013 02:10:00","O H",61846,-0.52,0.88,-23.69
"12/28/2013 02:10:00","PJM",61847,5.00,0.83,-29.26
"12/28/2013 02:10:00","WEST",61752,-1.57,0.50,-23.01
"12/28/2013 02:15:00","CAPITL",61757,269.98,-1.70,-295.55
"12/28/2013 02:15:00","CENTRL",61754,8.90,0.02,-32.75
"12/28/2013 02:15:00","DUNWOD",61760,178.28,-1.36,-203.52
"12/28/2013 02:15:00","GENESE",61753,1.95,0.26,-25.57
"12/28/2013 02:15:00","H Q",61844,-23.71,0.17,0.00
"12/28/2013 02:15:00","HUD VL",61758,178.38,-2.34,-204.59
"12/28/2013 02:15:00","LONGIL",61762,177.94,-1.86,-203.68
"12/28/2013 02:15:00","MHK VL",61756,8.35,-0.43,-32.66
"12/28/2013 02:15:00","MILLWD",61759,180.20,-1.46,-205.53
"12/28/2013 02:15:00","N.Y.C.",61761,172.99,-1.24,-198.10
"12/28/2013 02:15:00","NORTH",61755,-28.96,0.36,5.44
"12/28/2013 02:15:00","NPX",61845,229.56,-1.74,-255.17
"12/28/2013 02:15:00","O H",61846,10.78,0.81,-33.84
"12/28/2013 02:15:00","PJM",61847,18.64,0.72,-41.80
"12/28/2013 02:15:00","WEST",61752,9.45,0.45,-32.87
"12/28/2013 02:20:00","CAPITL",61757,246.73,-1.66,-272.46
"12/28/2013 02:20:00","CENTRL",61754,6.17,0.05,-30.19
"12/28/2013 02:20:00","DUNWOD",61760,162.21,-1.35,-187.62
"12/28/2013 02:20:00","GENESE",61753,-0.28,0.22,-23.57
"12/28/2013 02:20:00","H Q",61844,-23.92,0.14,0.00
"12/28/2013 02:20:00","HUD VL",61758,162.21,-2.33,-188.61
"12/28/2013 02:20:00","LONGIL",61762,161.80,-1.90,-187.77
"12/28/2013 02:20:00","MHK VL",61756,5.63,-0.41,-30.11
"12/28/2013 02:20:00","MILLWD",61759,163.96,-1.44,-189.47
"12/28/2013 02:20:00","N.Y.C.",61761,158.27,-1.25,-183.59
"12/28/2013 02:20:00","NORTH",61755,-28.84,0.24,5.02
"12/28/2013 02:20:00","NPX",61845,209.47,-1.71,-235.24
"12/28/2013 02:20:00","O H",61846,7.93,0.79,-31.20
"12/28/2013 02:20:00","PJM",61847,15.24,0.77,-38.53
"12/28/2013 02:20:00","WEST",61752,6.66,0.43,-30.30
"12/28/2013 02:25:00","CAPITL",61757,281.48,-2.14,-315.05
"12/28/2013 02:25:00","CENTRL",61754,3.60,0.13,-34.91
"12/28/2013 02:25:00","DUNWOD",61760,183.79,-1.73,-216.95
"12/28/2013 02:25:00","GENESE",61753,-3.80,0.38,-27.25
"12/28/2013 02:25:00","H Q",61844,-31.28,0.16,0.00
"12/28/2013 02:25:00","HUD VL",61758,183.65,-3.02,-218.10
"12/28/2013 02:25:00","LONGIL",61762,183.20,-2.48,-217.12
"12/28/2013 02:25:00","MHK VL",61756,2.85,-0.53,-34.81
"12/28/2013 02:25:00","MILLWD",61759,185.80,-1.85,-219.09
"12/28/2013 02:25:00","N.Y.C.",61761,178.03,-1.60,-211.06
"12/28/2013 02:25:00","NORTH",61755,-37.17,0.06,5.80
"12/28/2013 02:25:00","NPX",61845,238.38,-2.20,-272.02
"12/28/2013 02:25:00","O H",61846,5.84,1.19,-36.08
"12/28/2013 02:25:00","PJM",61847,14.29,1.16,-44.56
"12/28/2013 02:25:00","WEST",61752,4.29,0.69,-35.04
"12/28/2013 02:30:00","CAPITL",61757,242.34,-2.25,-278.23
"12/28/2013 02:30:00","CENTRL",61754,-2.63,0.17,-30.83
"12/28/2013 02:30:00","DUNWOD",61760,156.08,-1.88,-191.59
"12/28/2013 02:30:00","GENESE",61753,-9.13,0.44,-24.07
"12/28/2013 02:30:00","H Q",61844,-33.47,0.17,0.00
"12/28/2013 02:30:00","HUD VL",61758,155.75,-3.23,-192.61
"12/28/2013 02:30:00","LONGIL",61762,155.48,-2.63,-191.74
"12/28/2013 02:30:00","MHK VL",61756,-3.46,-0.57,-30.74
"12/28/2013 02:30:00","MILLWD",61759,157.87,-1.98,-193.48
"12/28/2013 02:30:00","N.Y.C.",61761,154.56,-1.75,-189.94
"12/28/2013 02:30:00","NORTH",61755,-38.72,0.03,5.12
"12/28/2013 02:30:00","NPX",61845,204.27,-2.32,-240.22
"12/28/2013 02:30:00","O H",61846,-0.46,1.31,-31.86
"12/28/2013 02:30:00","PJM",61847,7.06,1.35,-39.35
"12/28/2013 02:30:00","WEST",61752,-1.88,0.81,-30.94
"12/28/2013 02:35:00","CAPITL",61757,179.06,-1.68,-205.42
"12/28/2013 02:35:00","CENTRL",61754,-1.82,0.10,-22.76
"12/28/2013 02:35:00","DUNWOD",61760,115.39,-1.38,-141.46
"12/28/2013 02:35:00","GENESE",61753,-6.62,0.30,-17.77
"12/28/2013 02:35:00","H Q",61844,-24.56,0.12,0.00
"12/28/2013 02:35:00","HUD VL",61758,115.13,-2.39,-142.20
"12/28/2013 02:35:00","LONGIL",61762,114.98,-1.90,-141.56
"12/28/2013 02:35:00","MHK VL",61756,-2.43,-0.44,-22.70
"12/28/2013 02:35:00","MILLWD",61759,116.69,-1.48,-142.85
"12/28/2013 02:35:00","N.Y.C.",61761,115.57,-1.28,-141.54
"12/28/2013 02:35:00","NORTH",61755,-28.44,0.02,3.78
"12/28/2013 02:35:00","NPX",61845,150.95,-1.73,-177.36
"12/28/2013 02:35:00","O H",61846,-0.25,0.91,-23.52
"12/28/2013 02:35:00","PJM",61847,5.26,0.89,-29.05
"12/28/2013 02:35:00","WEST",61752,-1.30,0.54,-22.84
"12/28/2013 02:40:00","CAPITL",61757,177.99,-1.74,-205.01
"12/28/2013 02:40:00","CENTRL",61754,-2.48,0.08,-22.72
"12/28/2013 02:40:00","DUNWOD",61760,114.46,-1.44,-141.17
"12/28/2013 02:40:00","GENESE",61753,-7.31,0.23,-17.73
"12/28/2013 02:40:00","H Q",61844,-25.10,0.18,0.00
"12/28/2013 02:40:00","HUD VL",61758,114.16,-2.48,-141.92
"12/28/2013 02:40:00","LONGIL",61762,113.93,-2.07,-141.28
"12/28/2013 02:40:00","MHK VL",61756,-3.05,-0.43,-22.65
"12/28/2013 02:40:00","MILLWD",61759,115.75,-1.54,-142.57
"12/28/2013 02:40:00","N.Y.C.",61761,114.64,-1.34,-141.26
"12/28/2013 02:40:00","NORTH",61755,-28.77,0.28,3.77
"12/28/2013 02:40:00","NPX",61845,149.93,-1.79,-177.01
"12/28/2013 02:40:00","O H",61846,-0.97,0.83,-23.48
"12/28/2013 02:40:00","PJM",61847,4.55,0.83,-28.99
"12/28/2013 02:40:00","WEST",61752,-2.05,0.43,-22.80
"12/28/2013 02:45:00","CAPITL",61757,222.58,-1.77,-249.25
"12/28/2013 02:45:00","CENTRL",61754,2.75,0.02,-27.62
"12/28/2013 02:45:00","DUNWOD",61760,145.30,-1.44,-171.63
"12/28/2013 02:45:00","GENESE",61753,-3.13,0.20,-21.56
"12/28/2013 02:45:00","H Q",61844,-24.70,0.20,0.00
"12/28/2013 02:45:00","HUD VL",61758,145.21,-2.44,-172.54
"12/28/2013 02:45:00","LONGIL",61762,144.88,-1.99,-171.77
"12/28/2013 02:45:00","MHK VL",61756,2.25,-0.40,-27.54
"12/28/2013 02:45:00","MILLWD",61759,146.91,-1.52,-173.33
"12/28/2013 02:45:00","N.Y.C.",61761,145.52,-1.32,-171.73
"12/28/2013 02:45:00","NORTH",61755,-29.06,0.42,4.59
"12/28/2013 02:45:00","NPX",61845,188.49,-1.82,-215.20
"12/28/2013 02:45:00","O H",61846,4.39,0.75,-28.54
"12/28/2013 02:45:00","PJM",61847,11.08,0.72,-35.25
"12/28/2013 02:45:00","WEST",61752,3.17,0.35,-27.72
"12/28/2013 02:50:00","CAPITL",61757,266.39,-1.66,-291.82
"12/28/2013 02:50:00","CENTRL",61754,8.61,0.05,-32.34
"12/28/2013 02:50:00","DUNWOD",61760,175.83,-1.35,-200.95
"12/28/2013 02:50:00","GENESE",61753,1.67,0.19,-25.24
"12/28/2013 02:50:00","H Q",61844,-23.63,0.14,0.00
"12/28/2013 02:50:00","HUD VL",61758,175.91,-2.33,-202.01
"12/28/2013 02:50:00","LONGIL",61762,175.53,-1.81,-201.11
"12/28/2013 02:50:00","MHK VL",61756,8.10,-0.38,-32.25
"12/28/2013 02:50:00","MILLWD",61759,177.71,-1.45,-202.93
"12/28/2013 02:50:00","N.Y.C.",61761,175.23,-1.24,-200.23
"12/28/2013 02:50:00","NORTH",61755,-28.88,0.26,5.37
"12/28/2013 02:50:00","NPX",61845,226.47,-1.71,-251.96
"12/28/2013 02:50:00","O H",61846,10.36,0.71,-33.42
"12/28/2013 02:50:00","PJM",61847,18.19,0.69,-41.27
"12/28/2013 02:50:00","WEST",61752,9.04,0.36,-32.45
"12/28/2013 02:55:00","CAPITL",61757,163.61,-1.73,-190.46
"12/28/2013 02:55:00","CENTRL",61754,-4.01,0.00,-21.10
"12/28/2013 02:55:00","DUNWOD",61760,104.61,-1.43,-131.15
"12/28/2013 02:55:00","GENESE",61753,-8.46,0.17,-16.48
"12/28/2013 02:55:00","H Q",61844,-24.94,0.17,0.00
"12/28/2013 02:55:00","HUD VL",61758,104.27,-2.46,-131.85
"12/28/2013 02:55:00","LONGIL",61762,104.18,-1.96,-131.25
"12/28/2013 02:55:00","MHK VL",61756,-4.47,-0.40,-21.05
"12/28/2013 02:55:00","MILLWD",61759,105.80,-1.53,-132.45
"12/28/2013 02:55:00","N.Y.C.",61761,104.81,-1.31,-131.23
"12/28/2013 02:55:00","NORTH",61755,-28.27,0.35,3.51
"12/28/2013 02:55:00","NPX",61845,137.54,-1.78,-164.44
"12/28/2013 02:55:00","O H",61846,-2.63,0.68,-21.81
"12/28/2013 02:55:00","PJM",61847,2.45,0.63,-26.94
"12/28/2013 02:55:00","WEST",61752,-3.66,0.28,-21.18
"12/28/2013 03:00:00","CAPITL",61757,125.57,0.38,-119.57
"12/28/2013 03:00:00","CENTRL",61754,18.86,-0.01,-13.25
"12/28/2013 03:00:00","DUNWOD",61760,88.29,0.33,-82.34
"12/28/2013 03:00:00","GENESE",61753,15.92,-0.04,-10.34
"12/28/2013 03:00:00","H Q",61844,5.58,-0.04,0.00
"12/28/2013 03:00:00","HUD VL",61758,88.95,0.56,-82.77
"12/28/2013 03:00:00","LONGIL",61762,88.46,0.44,-82.40
"12/28/2013 03:00:00","MHK VL",61756,18.92,0.08,-13.21
"12/28/2013 03:00:00","MILLWD",61759,89.12,0.35,-83.15
"12/28/2013 03:00:00","N.Y.C.",61761,88.32,0.31,-82.38
"12/28/2013 03:00:00","NORTH",61755,3.29,-0.12,2.20
"12/28/2013 03:00:00","NPX",61845,109.25,0.40,-103.23
"12/28/2013 03:00:00","O H",61846,19.15,-0.16,-13.69
"12/28/2013 03:00:00","PJM",61847,22.37,-0.16,-16.91
"12/28/2013 03:00:00","WEST",61752,18.84,-0.07,-13.30
"12/28/2013 03:05:00","CAPITL",61757,109.24,0.51,-101.04
"12/28/2013 03:05:00","CENTRL",61754,18.85,-0.02,-11.20
"12/28/2013 03:05:00","DUNWOD",61760,77.70,0.45,-69.58
"12/28/2013 03:05:00","GENESE",61753,16.32,-0.10,-8.74
"12/28/2013 03:05:00","H Q",61844,7.64,-0.04,0.00
"12/28/2013 03:05:00","HUD VL",61758,78.38,0.75,-69.95
"12/28/2013 03:05:00","LONGIL",61762,77.90,0.59,-69.63
"12/28/2013 03:05:00","MHK VL",61756,18.95,0.11,-11.16
"12/28/2013 03:05:00","MILLWD",61759,78.41,0.47,-70.26
"12/28/2013 03:05:00","N.Y.C.",61761,77.73,0.43,-69.62
"12/28/2013 03:05:00","NORTH",61755,5.70,-0.12,1.86
"12/28/2013 03:05:00","NPX",61845,95.46,0.54,-87.24
"12/28/2013 03:05:00","O H",61846,18.98,-0.28,-11.57
"12/28/2013 03:05:00","PJM",61847,21.72,-0.25,-14.29
"12/28/2013 03:05:00","WEST",61752,18.75,-0.17,-11.24
"12/28/2013 03:10:00","CAPITL",61757,97.43,0.60,-87.59
"12/28/2013 03:10:00","CENTRL",61754,18.90,-0.05,-9.71
"12/28/2013 03:10:00","DUNWOD",61760,70.10,0.55,-60.32
"12/28/2013 03:10:00","GENESE",61753,16.65,-0.17,-7.58
"12/28/2013 03:10:00","H Q",61844,9.20,-0.04,0.00
"12/28/2013 03:10:00","HUD VL",61758,70.79,0.91,-60.64
"12/28/2013 03:10:00","LONGIL",61762,70.33,0.73,-60.36
"12/28/2013 03:10:00","MHK VL",61756,19.06,0.14,-9.68
"12/28/2013 03:10:00","MILLWD",61759,70.74,0.58,-60.91
"12/28/2013 03:10:00","N.Y.C.",61761,70.12,0.53,-60.35
"12/28/2013 03:10:00","NORTH",61755,7.55,-0.07,1.61
"12/28/2013 03:10:00","NPX",61845,85.50,0.63,-75.63
"12/28/2013 03:10:00","O H",61846,18.87,-0.40,-10.03
"12/28/2013 03:10:00","PJM",61847,21.30,-0.33,-12.39
"12/28/2013 03:10:00","WEST",61752,18.69,-0.29,-9.74
"12/28/2013 03:15:00","CAPITL",61757,62.67,0.89,-48.29
"12/28/2013 03:15:00","CENTRL",61754,18.80,-0.05,-5.36
"12/28/2013 03:15:00","DUNWOD",61760,47.53,0.78,-33.26
"12/28/2013 03:15:00","GENESE",61753,17.46,-0.20,-4.18
"12/28/2013 03:15:00","H Q",61844,13.42,-0.07,0.00
"12/28/2013 03:15:00","HUD VL",61758,48.28,1.35,-33.44
"12/28/2013 03:15:00","LONGIL",61762,47.85,1.07,-33.29
"12/28/2013 03:15:00","MHK VL",61756,19.22,0.23,-5.50
"12/28/2013 03:15:00","MILLWD",61759,47.92,0.84,-33.59
"12/28/2013 03:15:00","N.Y.C.",61761,47.54,0.77,-33.28
"12/28/2013 03:15:00","NORTH",61755,12.46,-0.13,0.89
"12/28/2013 03:15:00","NPX",61845,56.14,0.94,-41.70
"12/28/2013 03:15:00","O H",61846,18.48,-0.54,-5.53
"12/28/2013 03:15:00","PJM",61847,19.85,-0.47,-6.83
"12/28/2013 03:15:00","WEST",61752,18.51,-0.35,-5.37
"12/28/2013 03:20:00","CAPITL",61757,156.86,-1.64,-184.05
"12/28/2013 03:20:00","CENTRL",61754,-5.06,0.05,-20.44
"12/28/2013 03:20:00","DUNWOD",61760,99.83,-1.40,-126.78
"12/28/2013 03:20:00","GENESE",61753,-9.35,0.28,-15.92
"12/28/2013 03:20:00","H Q",61844,-25.45,0.10,0.00
"12/28/2013 03:20:00","HUD VL",61758,99.42,-2.51,-127.47
"12/28/2013 03:20:00","LONGIL",61762,99.32,-2.02,-126.88
"12/28/2013 03:20:00","MHK VL",61756,-5.02,-0.43,-20.96
"12/28/2013 03:20:00","MILLWD",61759,100.98,-1.51,-128.03
"12/28/2013 03:20:00","N.Y.C.",61761,99.95,-1.35,-126.85
"12/28/2013 03:20:00","NORTH",61755,-28.76,0.18,3.39
"12/28/2013 03:20:00","NPX",61845,131.72,-1.69,-158.96
"12/28/2013 03:20:00","O H",61846,-3.62,0.84,-21.08
"12/28/2013 03:20:00","PJM",61847,1.23,0.74,-26.04
"12/28/2013 03:20:00","WEST",61752,-4.60,0.49,-20.47
"12/28/2013 03:25:00","CAPITL",61757,163.48,-1.72,-191.29
"12/28/2013 03:25:00","CENTRL",61754,-4.82,0.03,-21.24
"12/28/2013 03:25:00","DUNWOD",61760,104.21,-1.46,-131.76
"12/28/2013 03:25:00","GENESE",61753,-9.36,0.18,-16.55
"12/28/2013 03:25:00","H Q",61844,-25.93,0.16,0.00
"12/28/2013 03:25:00","HUD VL",61758,103.81,-2.58,-132.49
"12/28/2013 03:25:00","LONGIL",61762,103.64,-2.14,-131.87
"12/28/2013 03:25:00","MHK VL",61756,-4.72,-0.42,-21.79
"12/28/2013 03:25:00","MILLWD",61759,105.41,-1.57,-133.07
"12/28/2013 03:25:00","N.Y.C.",61761,104.37,-1.38,-131.84
"12/28/2013 03:25:00","NORTH",61755,-29.14,0.47,3.52
"12/28/2013 03:25:00","NPX",61845,137.32,-1.80,-165.21
"12/28/2013 03:25:00","O H",61846,-3.45,0.73,-21.91
"12/28/2013 03:25:00","PJM",61847,1.70,0.73,-27.06
"12/28/2013 03:25:00","WEST",61752,-4.48,0.34,-21.27
"12/28/2013 03:30:00","CAPITL",61757,123.59,-1.60,-149.06
"12/28/2013 03:30:00","CENTRL",61754,-7.29,0.02,-16.55
"12/28/2013 03:30:00","DUNWOD",61760,77.45,-1.36,-102.68
"12/28/2013 03:30:00","GENESE",61753,-10.79,0.19,-12.89
"12/28/2013 03:30:00","H Q",61844,-23.73,0.14,0.00
"12/28/2013 03:30:00","HUD VL",61758,76.98,-2.39,-103.24
"12/28/2013 03:30:00","LONGIL",61762,76.88,-2.01,-102.76
"12/28/2013 03:30:00","MHK VL",61756,-7.30,-0.41,-16.98
"12/28/2013 03:30:00","MILLWD",61759,78.36,-1.46,-103.69
"12/28/2013 03:30:00","N.Y.C.",61761,77.55,-1.31,-102.74
"12/28/2013 03:30:00","NORTH",61755,-26.11,0.50,2.75
"12/28/2013 03:30:00","NPX",61845,103.17,-1.69,-128.74
"12/28/2013 03:30:00","O H",61846,-6.10,0.69,-17.07
"12/28/2013 03:30:00","PJM",61847,-2.11,0.67,-21.09
"12/28/2013 03:30:00","WEST",61752,-6.98,0.31,-16.58
"12/28/2013 03:35:00","CAPITL",61757,123.65,-1.65,-149.16
"12/28/2013 03:35:00","CENTRL",61754,-7.25,0.05,-16.57
"12/28/2013 03:35:00","DUNWOD",61760,77.49,-1.38,-102.74
"12/28/2013 03:35:00","GENESE",61753,-10.75,0.22,-12.90
"12/28/2013 03:35:00","H Q",61844,-23.73,0.14,0.00
"12/28/2013 03:35:00","HUD VL",61758,77.06,-2.39,-103.31
"12/28/2013 03:35:00","LONGIL",61762,76.98,-1.98,-102.83
"12/28/2013 03:35:00","MHK VL",61756,-7.28,-0.41,-16.99
"12/28/2013 03:35:00","MILLWD",61759,78.41,-1.48,-103.76
"12/28/2013 03:35:00","N.Y.C.",61761,77.60,-1.34,-102.81
"12/28/2013 03:35:00","NORTH",61755,-26.11,0.50,2.75
"12/28/2013 03:35:00","NPX",61845,103.21,-1.74,-128.82
"12/28/2013 03:35:00","O H",61846,-6.04,0.74,-17.09
"12/28/2013 03:35:00","PJM",61847,-2.03,0.74,-21.10
"12/28/2013 03:35:00","WEST",61752,-6.90,0.38,-16.59
"12/28/2013 03:40:00","CAPITL",61757,102.87,-1.42,-127.98
"12/28/2013 03:40:00","CENTRL",61754,-9.50,-0.02,-14.21
"12/28/2013 03:40:00","DUNWOD",61760,63.16,-1.30,-88.15
"12/28/2013 03:40:00","GENESE",61753,-12.52,0.09,-11.07
"12/28/2013 03:40:00","H Q",61844,-23.57,0.12,0.00
"12/28/2013 03:40:00","HUD VL",61758,62.61,-2.35,-88.64
"12/28/2013 03:40:00","LONGIL",61762,62.64,-1.90,-88.23
"12/28/2013 03:40:00","MHK VL",61756,-9.54,-0.43,-14.58
"12/28/2013 03:40:00","MILLWD",61759,63.94,-1.40,-89.03
"12/28/2013 03:40:00","N.Y.C.",61761,63.26,-1.25,-88.21
"12/28/2013 03:40:00","NORTH",61755,-25.74,0.31,2.36
"12/28/2013 03:40:00","NPX",61845,85.37,-1.47,-110.53
"12/28/2013 03:40:00","O H",61846,-8.51,0.52,-14.66
"12/28/2013 03:40:00","PJM",61847,-5.13,0.45,-18.10
"12/28/2013 03:40:00","WEST",61752,-9.29,0.16,-14.23
"12/28/2013 03:45:00","CAPITL",61757,58.82,0.88,-44.21
"12/28/2013 03:45:00","CENTRL",61754,18.64,0.00,-4.91
"12/28/2013 03:45:00","DUNWOD",61760,44.99,0.81,-30.45
"12/28/2013 03:45:00","GENESE",61753,17.46,-0.10,-3.82
"12/28/2013 03:45:00","H Q",61844,13.64,-0.10,0.00
"12/28/2013 03:45:00","HUD VL",61758,45.75,1.40,-30.62
"12/28/2013 03:45:00","LONGIL",61762,45.41,1.19,-30.48
"12/28/2013 03:45:00","MHK VL",61756,19.00,0.23,-5.04
"12/28/2013 03:45:00","MILLWD",61759,45.35,0.87,-30.75
"12/28/2013 03:45:00","N.Y.C.",61761,45.00,0.80,-30.47
"12/28/2013 03:45:00","NORTH",61755,12.62,-0.30,0.81
"12/28/2013 03:45:00","NPX",61845,52.83,0.92,-38.18
"12/28/2013 03:45:00","O H",61846,18.43,-0.37,-5.06
"12/28/2013 03:45:00","PJM",61847,19.67,-0.32,-6.25
"12/28/2013 03:45:00","WEST",61752,18.48,-0.16,-4.92
"12/28/2013 03:50:00","CAPITL",61757,156.27,-1.63,-182.23
"12/28/2013 03:50:00","CENTRL",61754,-4.07,0.02,-20.24
"12/28/2013 03:50:00","DUNWOD",61760,99.83,-1.36,-125.53
"12/28/2013 03:50:00","GENESE",61753,-8.35,0.22,-15.76
"12/28/2013 03:50:00","H Q",61844,-24.19,0.15,0.00
"12/28/2013 03:50:00","HUD VL",61758,99.47,-2.41,-126.22
"12/28/2013 03:50:00","LONGIL",61762,107.27,-2.07,-133.67
"12/28/2013 03:50:00","MHK VL",61756,-4.02,-0.44,-20.76
"12/28/2013 03:50:00","MILLWD",61759,100.97,-1.46,-126.77
"12/28/2013 03:50:00","N.Y.C.",61761,99.95,-1.31,-125.60
"12/28/2013 03:50:00","NORTH",61755,-27.33,0.36,3.36
"12/28/2013 03:50:00","NPX",61845,131.35,-1.70,-157.39
"12/28/2013 03:50:00","O H",61846,-2.73,0.73,-20.87
"12/28/2013 03:50:00","PJM",61847,2.10,0.66,-25.78
"12/28/2013 03:50:00","WEST",61752,-3.71,0.36,-20.26
"12/28/2013 03:55:00","CAPITL",61757,119.07,-0.90,-133.89
"12/28/2013 03:55:00","CENTRL",61754,0.95,0.00,-14.87
"12/28/2013 03:55:00","DUNWOD",61760,77.52,-0.79,-92.23
"12/28/2013 03:55:00","GENESE",61753,-2.23,0.11,-11.58
"12/28/2013 03:55:00","H Q",61844,-13.84,0.08,0.00
"12/28/2013 03:55:00","HUD VL",61758,77.43,-1.39,-92.74
"12/28/2013 03:55:00","LONGIL",61762,77.22,-1.17,-92.31
"12/28/2013 03:55:00","MHK VL",61756,1.08,-0.25,-15.25
"12/28/2013 03:55:00","MILLWD",61759,78.37,-0.85,-93.14
"12/28/2013 03:55:00","N.Y.C.",61761,77.61,-0.75,-92.28
"12/28/2013 03:55:00","NORTH",61755,-16.15,0.24,2.47
"12/28/2013 03:55:00","NPX",61845,100.77,-0.95,-115.64
"12/28/2013 03:55:00","O H",61846,1.81,0.39,-15.34
"12/28/2013 03:55:00","PJM",61847,5.36,0.33,-18.94
"12/28/2013 03:55:00","WEST",61752,1.15,0.18,-14.89
"12/28/2013 04:00:00","CAPITL",61757,182.25,-2.55,-222.29
"12/28/2013 04:00:00","CENTRL",61754,-12.66,0.15,-24.69
"12/28/2013 04:00:00","DUNWOD",61760,113.68,-1.95,-153.12
"12/28/2013 04:00:00","GENESE",61753,-17.82,0.45,-19.23
"12/28/2013 04:00:00","H Q",61844,-37.38,0.11,0.00
"12/28/2013 04:00:00","HUD VL",61758,112.90,-3.56,-153.96
"12/28/2013 04:00:00","LONGIL",61762,119.63,-2.93,-160.05
"12/28/2013 04:00:00","MHK VL",61756,-12.85,-0.68,-25.32
"12/28/2013 04:00:00","MILLWD",61759,115.04,-2.10,-154.64
"12/28/2013 04:00:00","N.Y.C.",61761,113.95,-1.76,-153.21
"12/28/2013 04:00:00","NORTH",61755,-41.40,0.19,4.10
"12/28/2013 04:00:00","NPX",61845,151.79,-2.70,-191.99
"12/28/2013 04:00:00","O H",61846,-10.72,1.31,-25.46
"12/28/2013 04:00:00","PJM",61847,-4.81,1.24,-31.45
"12/28/2013 04:00:00","WEST",61752,-12.03,0.75,-24.72
"12/28/2013 04:05:00","CAPITL",61757,315.87,-5.80,-400.01
"12/28/2013 04:05:00","CENTRL",61754,-33.52,0.39,-44.43
"12/28/2013 04:05:00","DUNWOD",61760,193.67,-3.53,-275.54
"12/28/2013 04:05:00","GENESE",61753,-42.72,1.02,-34.60
"12/28/2013 04:05:00","H Q",61844,-78.18,0.16,0.00
"12/28/2013 04:05:00","HUD VL",61758,191.82,-6.90,-277.05
"12/28/2013 04:05:00","LONGIL",61762,192.25,-5.17,-275.75
"12/28/2013 04:05:00","MHK VL",61756,-34.19,-1.41,-45.56
"12/28/2013 04:05:00","MILLWD",61759,196.09,-3.84,-278.26
"12/28/2013 04:05:00","N.Y.C.",61761,189.03,-2.82,-270.18
"12/28/2013 04:05:00","NORTH",61755,-85.79,-0.08,7.37
"12/28/2013 04:05:00","NPX",61845,248.89,-1.98,-279.13
"12/28/2013 04:05:00","O H",61846,-29.54,2.98,-45.82
"12/28/2013 04:05:00","PJM",61847,-18.69,3.06,-56.59
"12/28/2013 04:05:00","WEST",61752,-32.13,1.72,-44.48
"12/28/2013 04:10:00","CAPITL",61757,343.46,-6.20,-431.29
"12/28/2013 04:10:00","CENTRL",61754,-33.00,0.74,-47.90
"12/28/2013 04:10:00","DUNWOD",61760,211.86,-3.59,-297.08
"12/28/2013 04:10:00","GENESE",61753,-42.94,1.39,-37.30
"12/28/2013 04:10:00","H Q",61844,-81.55,0.08,0.00
"12/28/2013 04:10:00","HUD VL",61758,209.99,-7.10,-298.72
"12/28/2013 04:10:00","LONGIL",61762,210.62,-5.06,-297.32
"12/28/2013 04:10:00","MHK VL",61756,-33.90,-1.39,-49.12
"12/28/2013 04:10:00","MILLWD",61759,214.47,-3.92,-300.02
"12/28/2013 04:10:00","N.Y.C.",61761,206.55,-3.10,-291.28
"12/28/2013 04:10:00","NORTH",61755,-90.07,-0.49,7.95
"12/28/2013 04:10:00","NPX",61845,248.89,-1.98,-279.13
"12/28/2013 04:10:00","O H",61846,-28.64,3.59,-49.40
"12/28/2013 04:10:00","PJM",61847,-16.86,3.75,-61.01
"12/28/2013 04:10:00","WEST",61752,-31.30,2.37,-47.96
"12/28/2013 04:15:00","CAPITL",61757,257.39,-4.18,-322.15
"12/28/2013 04:15:00","CENTRL",61754,-24.39,0.42,-35.77
"12/28/2013 04:15:00","DUNWOD",61760,158.57,-2.79,-221.94
"12/28/2013 04:15:00","GENESE",61753,-31.82,0.91,-27.86
"12/28/2013 04:15:00","H Q",61844,-60.46,0.12,0.00
"12/28/2013 04:15:00","HUD VL",61758,157.15,-5.45,-223.19
"12/28/2013 04:15:00","LONGIL",61762,160.16,-4.12,-224.86
"12/28/2013 04:15:00","MHK VL",61756,-25.31,-1.09,-36.36
"12/28/2013 04:15:00","MILLWD",61759,160.52,-3.03,-224.13
"12/28/2013 04:15:00","N.Y.C.",61761,154.78,-2.43,-217.79
"12/28/2013 04:15:00","NORTH",61755,-66.70,-0.18,5.93
"12/28/2013 04:15:00","NPX",61845,248.89,-1.98,-279.13
"12/28/2013 04:15:00","O H",61846,-21.31,2.36,-36.91
"12/28/2013 04:15:00","PJM",61847,-12.64,2.36,-45.58
"12/28/2013 04:15:00","WEST",61752,-23.31,1.45,-35.82
"12/28/2013 04:20:00","CAPITL",61757,174.95,-2.57,-215.34
"12/28/2013 04:20:00","CENTRL",61754,-13.75,0.15,-23.91
"12/28/2013 04:20:00","DUNWOD",61760,108.68,-1.85,-148.35
"12/28/2013 04:20:00","GENESE",61753,-18.74,0.45,-18.62
"12/28/2013 04:20:00","H Q",61844,-37.70,0.11,0.00
"12/28/2013 04:20:00","HUD VL",61758,107.85,-3.52,-149.19
"12/28/2013 04:20:00","LONGIL",61762,107.93,-2.72,-148.47
"12/28/2013 04:20:00","MHK VL",61756,-14.15,-0.64,-24.31
"12/28/2013 04:20:00","MILLWD",61759,110.00,-2.00,-149.81
"12/28/2013 04:20:00","N.Y.C.",61761,109.00,-1.62,-148.44
"12/28/2013 04:20:00","NORTH",61755,-41.82,-0.04,3.97
"12/28/2013 04:20:00","NPX",61845,172.45,-1.85,-200.77
"12/28/2013 04:20:00","O H",61846,-11.86,1.29,-24.67
"12/28/2013 04:20:00","PJM",61847,-6.10,1.25,-30.47
"12/28/2013 04:20:00","WEST",61752,-13.19,0.68,-23.94
"12/28/2013 04:25:00","CAPITL",61757,169.10,-2.57,-209.97
"12/28/2013 04:25:00","CENTRL",61754,-14.88,0.11,-23.32
"12/28/2013 04:25:00","DUNWOD",61760,104.47,-1.88,-144.65
"12/28/2013 04:25:00","GENESE",61753,-19.73,0.42,-18.16
"12/28/2013 04:25:00","H Q",61844,-38.19,0.11,0.00
"12/28/2013 04:25:00","HUD VL",61758,103.60,-3.56,-145.47
"12/28/2013 04:25:00","LONGIL",61762,103.67,-2.79,-144.77
"12/28/2013 04:25:00","MHK VL",61756,-15.30,-0.69,-23.70
"12/28/2013 04:25:00","MILLWD",61759,105.74,-2.03,-146.08
"12/28/2013 04:25:00","N.Y.C.",61761,104.75,-1.68,-144.74
"12/28/2013 04:25:00","NORTH",61755,-42.17,0.00,3.87
"12/28/2013 04:25:00","NPX",61845,172.45,-1.85,-200.77
"12/28/2013 04:25:00","O H",61846,-12.99,1.26,-24.06
"12/28/2013 04:25:00","PJM",61847,-7.41,1.19,-29.71
"12/28/2013 04:25:00","WEST",61752,-14.31,0.65,-23.34
"12/28/2013 04:30:00","CAPITL",61757,168.18,-2.48,-208.80
"12/28/2013 04:30:00","CENTRL",61754,-14.73,0.23,-23.19
"12/28/2013 04:30:00","DUNWOD",61760,103.83,-1.87,-143.85
"12/28/2013 04:30:00","GENESE",61753,-19.59,0.50,-18.06
"12/28/2013 04:30:00","H Q",61844,-38.07,0.08,0.00
"12/28/2013 04:30:00","HUD VL",61758,102.96,-3.55,-144.66
"12/28/2013 04:30:00","LONGIL",61762,103.00,-2.82,-143.97
"12/28/2013 04:30:00","MHK VL",61756,-15.30,-0.72,-23.57
"12/28/2013 04:30:00","MILLWD",61759,105.10,-2.02,-145.27
"12/28/2013 04:30:00","N.Y.C.",61761,104.15,-1.64,-143.93
"12/28/2013 04:30:00","NORTH",61755,-42.07,-0.08,3.84
"12/28/2013 04:30:00","NPX",61845,172.45,-1.85,-200.77
"12/28/2013 04:30:00","O H",61846,-12.78,1.45,-23.92
"12/28/2013 04:30:00","PJM",61847,-7.11,1.49,-29.54
"12/28/2013 04:30:00","WEST",61752,-14.09,0.84,-23.21
"12/28/2013 04:35:00","CAPITL",61757,176.65,-3.68,-237.85
"12/28/2013 04:35:00","CENTRL",61754,-30.76,0.34,-26.41
"12/28/2013 04:35:00","DUNWOD",61760,103.58,-2.76,-163.86
"12/28/2013 04:35:00","GENESE",61753,-36.19,0.75,-20.57
"12/28/2013 04:35:00","H Q",61844,-57.40,0.11,0.00
"12/28/2013 04:35:00","HUD VL",61758,101.98,-5.29,-164.78
"12/28/2013 04:35:00","LONGIL",61762,102.22,-4.26,-163.99
"12/28/2013 04:35:00","MHK VL",61756,-31.75,-1.09,-26.85
"12/28/2013 04:35:00","MILLWD",61759,104.92,-3.05,-165.47
"12/28/2013 04:35:00","N.Y.C.",61761,103.97,-2.47,-163.96
"12/28/2013 04:35:00","NORTH",61755,-61.95,-0.06,4.38
"12/28/2013 04:35:00","NPX",61845,174.72,-1.89,-203.57
"12/28/2013 04:35:00","O H",61846,-28.02,2.24,-27.25
"12/28/2013 04:35:00","PJM",61847,-21.39,2.47,-33.65
"12/28/2013 04:35:00","WEST",61752,-29.75,1.32,-26.44
"12/28/2013 04:40:00","CAPITL",61757,162.28,-2.49,-203.08
"12/28/2013 04:40:00","CENTRL",61754,-15.53,0.23,-22.55
"12/28/2013 04:40:00","DUNWOD",61760,99.72,-1.88,-139.91
"12/28/2013 04:40:00","GENESE",61753,-20.21,0.54,-17.56
"12/28/2013 04:40:00","H Q",61844,-38.23,0.08,0.00
"12/28/2013 04:40:00","HUD VL",61758,98.82,-3.56,-140.69
"12/28/2013 04:40:00","LONGIL",61762,98.87,-2.83,-140.02
"12/28/2013 04:40:00","MHK VL",61756,-16.15,-0.77,-22.92
"12/28/2013 04:40:00","MILLWD",61759,100.95,-2.03,-141.29
"12/28/2013 04:40:00","N.Y.C.",61761,100.00,-1.68,-139.99
"12/28/2013 04:40:00","NORTH",61755,-42.01,0.04,3.74
"12/28/2013 04:40:00","NPX",61845,174.72,-1.89,-203.57
"12/28/2013 04:40:00","O H",61846,-13.55,1.49,-23.27
"12/28/2013 04:40:00","PJM",61847,-8.04,1.53,-28.73
"12/28/2013 04:40:00","WEST",61752,-14.81,0.92,-22.58
"12/28/2013 04:45:00","CAPITL",61757,178.16,-2.58,-218.22
"12/28/2013 04:45:00","CENTRL",61754,-13.02,0.22,-24.23
"12/28/2013 04:45:00","DUNWOD",61760,111.02,-1.84,-150.34
"12/28/2013 04:45:00","GENESE",61753,-18.08,0.52,-18.87
"12/28/2013 04:45:00","H Q",61844,-37.37,0.11,0.00
"12/28/2013 04:45:00","HUD VL",61758,110.22,-3.49,-151.18
"12/28/2013 04:45:00","LONGIL",61762,110.54,-2.43,-150.45
"12/28/2013 04:45:00","MHK VL",61756,-13.48,-0.64,-24.63
"12/28/2013 04:45:00","MILLWD",61759,112.35,-1.99,-151.82
"12/28/2013 04:45:00","N.Y.C.",61761,111.34,-1.61,-150.43
"12/28/2013 04:45:00","NORTH",61755,-41.31,0.19,4.02
"12/28/2013 04:45:00","NPX",61845,174.72,-1.89,-203.57
"12/28/2013 04:45:00","O H",61846,-11.02,1.46,-25.00
"12/28/2013 04:45:00","PJM",61847,-5.14,1.46,-30.88
"12/28/2013 04:45:00","WEST",61752,-12.36,0.86,-24.26
"12/28/2013 04:50:00","CAPITL",61757,180.62,-1.76,-207.51
"12/28/2013 04:50:00","CENTRL",61754,-1.98,0.10,-23.04
"12/28/2013 04:50:00","DUNWOD",61760,116.55,-1.28,-142.95
"12/28/2013 04:50:00","GENESE",61753,-6.91,0.28,-17.94
"12/28/2013 04:50:00","H Q",61844,-25.03,0.10,0.00
"12/28/2013 04:50:00","HUD VL",61758,116.24,-2.39,-143.76
"12/28/2013 04:50:00","LONGIL",61762,120.22,-1.91,-147.26
"12/28/2013 04:50:00","MHK VL",61756,-2.16,-0.45,-23.42
"12/28/2013 04:50:00","MILLWD",61759,117.85,-1.38,-144.36
"12/28/2013 04:50:00","N.Y.C.",61761,116.81,-1.10,-143.04
"12/28/2013 04:50:00","NORTH",61755,-28.70,0.25,3.82
"12/28/2013 04:50:00","NPX",61845,203.94,-2.33,-239.58
"12/28/2013 04:50:00","O H",61846,-0.48,0.88,-23.77
"12/28/2013 04:50:00","PJM",61847,5.09,0.85,-29.36
"12/28/2013 04:50:00","WEST",61752,-1.56,0.50,-23.07
"12/28/2013 04:55:00","CAPITL",61757,172.98,-1.82,-200.36
"12/28/2013 04:55:00","CENTRL",61754,-3.27,0.05,-22.25
"12/28/2013 04:55:00","DUNWOD",61760,111.18,-1.28,-138.03
"12/28/2013 04:55:00","GENESE",61753,-8.01,0.23,-17.33
"12/28/2013 04:55:00","H Q",61844,-25.44,0.13,0.00
"12/28/2013 04:55:00","HUD VL",61758,110.81,-2.43,-138.81
"12/28/2013 04:55:00","LONGIL",61762,115.30,-1.92,-142.79
"12/28/2013 04:55:00","MHK VL",61756,-3.44,-0.48,-22.62
"12/28/2013 04:55:00","MILLWD",61759,112.44,-1.38,-139.40
"12/28/2013 04:55:00","N.Y.C.",61761,111.42,-1.12,-138.12
"12/28/2013 04:55:00","NORTH",61755,-28.90,0.36,3.69
"12/28/2013 04:55:00","NPX",61845,203.94,-2.33,-239.58
"12/28/2013 04:55:00","O H",61846,-1.80,0.82,-22.95
"12/28/2013 04:55:00","PJM",61847,3.60,0.82,-28.35
"12/28/2013 04:55:00","WEST",61752,-2.89,0.41,-22.28
"12/28/2013 05:00:00","CAPITL",61757,162.93,-1.65,-189.94
"12/28/2013 05:00:00","CENTRL",61754,-4.19,0.08,-21.09
"12/28/2013 05:00:00","DUNWOD",61760,104.12,-1.37,-130.85
"12/28/2013 05:00:00","GENESE",61753,-8.68,0.25,-16.43
"12/28/2013 05:00:00","H Q",61844,-25.24,0.13,0.00
"12/28/2013 05:00:00","HUD VL",61758,103.74,-2.49,-131.59
"12/28/2013 05:00:00","LONGIL",61762,111.27,-1.88,-138.51
"12/28/2013 05:00:00","MHK VL",61756,-4.40,-0.48,-21.44
"12/28/2013 05:00:00","MILLWD",61759,105.31,-1.47,-132.14
"12/28/2013 05:00:00","N.Y.C.",61761,104.32,-1.24,-130.93
"12/28/2013 05:00:00","NORTH",61755,-28.63,0.23,3.50
"12/28/2013 05:00:00","NPX",61845,203.94,-2.33,-239.58
"12/28/2013 05:00:00","O H",61846,-2.77,0.84,-21.76
"12/28/2013 05:00:00","PJM",61847,2.35,0.84,-26.87
"12/28/2013 05:00:00","WEST",61752,-3.79,0.46,-21.12
"12/28/2013 05:05:00","CAPITL",61757,81.23,-1.64,-110.12
"12/28/2013 05:05:00","CENTRL",61754,-15.03,0.00,-12.23
"12/28/2013 05:05:00","DUNWOD",61760,47.05,-1.55,-75.87
"12/28/2013 05:05:00","GENESE",61753,-17.57,0.16,-9.52
"12/28/2013 05:05:00","H Q",61844,-27.10,0.16,0.00
"12/28/2013 05:05:00","HUD VL",61758,46.22,-2.81,-76.29
"12/28/2013 05:05:00","LONGIL",61762,59.26,-2.02,-88.54
"12/28/2013 05:05:00","MHK VL",61756,-15.37,-0.54,-12.43
"12/28/2013 05:05:00","MILLWD",61759,47.69,-1.66,-76.61
"12/28/2013 05:05:00","N.Y.C.",61761,47.15,-1.50,-75.91
"12/28/2013 05:05:00","NORTH",61755,-28.85,0.44,2.03
"12/28/2013 05:05:00","NPX",61845,130.32,-2.99,-172.09
"12/28/2013 05:05:00","O H",61846,-14.49,1.47,-22.82
"12/28/2013 05:05:00","PJM",61847,-10.92,0.76,-15.58
"12/28/2013 05:05:00","WEST",61752,-14.63,0.38,-12.24
"12/28/2013 05:10:00","CAPITL",61757,108.05,-1.81,-136.83
"12/28/2013 05:10:00","CENTRL",61754,-11.78,0.00,-15.20
"12/28/2013 05:10:00","DUNWOD",61760,65.81,-1.48,-94.27
"12/28/2013 05:10:00","GENESE",61753,-14.95,0.19,-11.83
"12/28/2013 05:10:00","H Q",61844,-26.81,0.16,0.00
"12/28/2013 05:10:00","HUD VL",61758,65.10,-2.72,-94.80
"12/28/2013 05:10:00","LONGIL",61762,76.43,-1.89,-105.29
"12/28/2013 05:10:00","MHK VL",61756,-12.07,-0.54,-15.45
"12/28/2013 05:10:00","MILLWD",61759,66.63,-1.59,-95.20
"12/28/2013 05:10:00","N.Y.C.",61761,65.95,-1.40,-94.32
"12/28/2013 05:10:00","NORTH",61755,-29.01,0.48,2.52
"12/28/2013 05:10:00","NPX",61845,130.32,-2.99,-172.09
"12/28/2013 05:10:00","O H",61846,-14.49,1.47,-22.82
"12/28/2013 05:10:00","PJM",61847,-6.89,0.73,-19.36
"12/28/2013 05:10:00","WEST",61752,-11.36,0.40,-15.21
"12/28/2013 05:15:00","CAPITL",61757,144.00,-1.72,-171.82
"12/28/2013 05:15:00","CENTRL",61754,-7.04,0.03,-19.02
"12/28/2013 05:15:00","DUNWOD",61760,90.85,-1.38,-118.32
"12/28/2013 05:15:00","GENESE",61753,-11.02,0.21,-14.86
"12/28/2013 05:15:00","H Q",61844,-25.96,0.13,0.00
"12/28/2013 05:15:00","HUD VL",61758,90.39,-2.53,-119.01
"12/28/2013 05:15:00","LONGIL",61762,99.24,-1.80,-127.13
"12/28/2013 05:15:00","MHK VL",61756,-7.27,-0.55,-19.37
"12/28/2013 05:15:00","MILLWD",61759,91.92,-1.49,-119.49
"12/28/2013 05:15:00","N.Y.C.",61761,91.02,-1.28,-118.39
"12/28/2013 05:15:00","NORTH",61755,-28.91,0.34,3.16
"12/28/2013 05:15:00","NPX",61845,130.32,-2.99,-172.09
"12/28/2013 05:15:00","O H",61846,-14.49,1.47,-22.82
"12/28/2013 05:15:00","PJM",61847,-1.01,0.78,-24.30
"12/28/2013 05:15:00","WEST",61752,-6.58,0.42,-19.09
"12/28/2013 05:20:00","CAPITL",61757,104.83,-1.87,-133.85
"12/28/2013 05:20:00","CENTRL",61754,-12.33,0.00,-14.82
"12/28/2013 05:20:00","DUNWOD",61760,63.62,-1.41,-92.18
"12/28/2013 05:20:00","GENESE",61753,-15.43,0.14,-11.58
"12/28/2013 05:20:00","H Q",61844,-26.98,0.16,0.00
"12/28/2013 05:20:00","HUD VL",61758,62.97,-2.61,-92.72
"12/28/2013 05:20:00","LONGIL",61762,74.36,-1.87,-103.37
"12/28/2013 05:20:00","MHK VL",61756,-12.65,-0.60,-15.09
"12/28/2013 05:20:00","MILLWD",61759,64.40,-1.55,-93.09
"12/28/2013 05:20:00","N.Y.C.",61761,63.78,-1.30,-92.23
"12/28/2013 05:20:00","NORTH",61755,-29.09,0.52,2.46
"12/28/2013 05:20:00","NPX",61845,134.20,-2.96,-175.59
"12/28/2013 05:20:00","O H",61846,-13.46,1.50,-23.47
"12/28/2013 05:20:00","PJM",61847,-7.45,0.76,-18.93
"12/28/2013 05:20:00","WEST",61752,-11.95,0.32,-14.87
"12/28/2013 05:25:00","CAPITL",61757,144.23,-1.82,-172.76
"12/28/2013 05:25:00","CENTRL",61754,-7.64,-0.05,-19.13
"12/28/2013 05:25:00","DUNWOD",61760,90.82,-1.44,-118.97
"12/28/2013 05:25:00","GENESE",61753,-11.80,-0.03,-14.94
"12/28/2013 05:25:00","H Q",61844,-26.50,0.21,0.00
"12/28/2013 05:25:00","HUD VL",61758,90.34,-2.62,-119.67
"12/28/2013 05:25:00","LONGIL",61762,99.31,-1.95,-127.97
"12/28/2013 05:25:00","MHK VL",61756,-7.85,-0.61,-19.48
"12/28/2013 05:25:00","MILLWD",61759,91.89,-1.55,-120.15
"12/28/2013 05:25:00","N.Y.C.",61761,91.02,-1.31,-119.04
"12/28/2013 05:25:00","NORTH",61755,-29.25,0.64,3.18
"12/28/2013 05:25:00","NPX",61845,134.20,-2.96,-175.59
"12/28/2013 05:25:00","O H",61846,-13.46,1.50,-23.47
"12/28/2013 05:25:00","PJM",61847,-1.58,0.69,-24.43
"12/28/2013 05:25:00","WEST",61752,-7.38,0.13,-19.20
"12/28/2013 05:30:00","CAPITL",61757,163.15,-1.70,-190.68
"12/28/2013 05:30:00","CENTRL",61754,-4.72,0.00,-21.11
"12/28/2013 05:30:00","DUNWOD",61760,104.06,-1.42,-131.31
"12/28/2013 05:30:00","GENESE",61753,-9.28,0.05,-16.49
"12/28/2013 05:30:00","H Q",61844,-25.65,0.18,0.00
"12/28/2013 05:30:00","HUD VL",61758,103.70,-2.56,-132.08
"12/28/2013 05:30:00","LONGIL",61762,103.86,-1.73,-131.42
"12/28/2013 05:30:00","MHK VL",61756,-4.84,-0.52,-21.50
"12/28/2013 05:30:00","MILLWD",61759,105.26,-1.52,-132.61
"12/28/2013 05:30:00","N.Y.C.",61761,104.27,-1.29,-131.39
"12/28/2013 05:30:00","NORTH",61755,-28.92,0.41,3.51
"12/28/2013 05:30:00","NPX",61845,134.20,-2.96,-175.59
"12/28/2013 05:30:00","O H",61846,-13.46,1.50,-23.47
"12/28/2013 05:30:00","PJM",61847,1.89,0.75,-26.97
"12/28/2013 05:30:00","WEST",61752,-4.41,0.23,-21.19
"12/28/2013 05:35:00","CAPITL",61757,179.18,-2.53,-219.42
"12/28/2013 05:35:00","CENTRL",61754,-13.39,0.04,-24.29
"12/28/2013 05:35:00","DUNWOD",61760,111.35,-2.04,-151.11
"12/28/2013 05:35:00","GENESE",61753,-18.63,0.11,-18.98
"12/28/2013 05:35:00","H Q",61844,-23.03,0.16,0.00
"12/28/2013 05:35:00","HUD VL",61758,110.58,-3.70,-151.99
"12/28/2013 05:35:00","LONGIL",61762,110.79,-2.72,-151.23
"12/28/2013 05:35:00","MHK VL",61756,-13.88,-0.90,-24.74
"12/28/2013 05:35:00","MILLWD",61759,112.70,-2.19,-152.60
"12/28/2013 05:35:00","N.Y.C.",61761,111.67,-1.81,-151.20
"12/28/2013 05:35:00","NORTH",61755,-41.26,0.49,4.04
"12/28/2013 05:35:00","NPX",61845,152.79,-2.95,-194.03
"12/28/2013 05:35:00","O H",61846,1.39,1.84,-37.85
"12/28/2013 05:35:00","PJM",61847,-5.47,1.21,-31.03
"12/28/2013 05:35:00","WEST",61752,-12.88,0.45,-24.38
"12/28/2013 05:40:00","CAPITL",61757,163.10,-1.73,-190.68
"12/28/2013 05:40:00","CENTRL",61754,-4.80,-0.05,-21.11
"12/28/2013 05:40:00","DUNWOD",61760,104.09,-1.37,-131.31
"12/28/2013 05:40:00","GENESE",61753,-9.39,-0.03,-16.49
"12/28/2013 05:40:00","H Q",61844,-23.03,0.16,0.00
"12/28/2013 05:40:00","HUD VL",61758,103.69,-2.54,-132.08
"12/28/2013 05:40:00","LONGIL",61762,103.70,-1.86,-131.42
"12/28/2013 05:40:00","MHK VL",61756,-4.95,-0.60,-21.50
"12/28/2013 05:40:00","MILLWD",61759,105.29,-1.47,-132.62
"12/28/2013 05:40:00","N.Y.C.",61761,104.30,-1.24,-131.39
"12/28/2013 05:40:00","NORTH",61755,-28.92,0.44,3.51
"12/28/2013 05:40:00","NPX",61845,152.79,-2.95,-194.03
"12/28/2013 05:40:00","O H",61846,1.39,1.84,-37.85
"12/28/2013 05:40:00","PJM",61847,1.76,0.65,-26.97
"12/28/2013 05:40:00","WEST",61752,-4.54,0.13,-21.19
"12/28/2013 05:45:00","CAPITL",61757,383.72,-1.80,-411.18
"12/28/2013 05:45:00","CENTRL",61754,19.91,0.05,-45.52
"12/28/2013 05:45:00","DUNWOD",61760,256.19,-1.31,-283.16
"12/28/2013 05:45:00","GENESE",61753,9.93,0.03,-35.56
"12/28/2013 05:45:00","H Q",61844,-23.03,0.16,0.00
"12/28/2013 05:45:00","HUD VL",61758,256.70,-2.46,-284.82
"12/28/2013 05:45:00","LONGIL",61762,256.03,-1.69,-283.38
"12/28/2013 05:45:00","MHK VL",61756,20.19,-0.51,-46.36
"12/28/2013 05:45:00","MILLWD",61759,258.87,-1.44,-285.97
"12/28/2013 05:45:00","N.Y.C.",61761,256.46,-1.21,-283.33
"12/28/2013 05:45:00","NORTH",61755,-33.05,0.18,7.57
"12/28/2013 05:45:00","NPX",61845,152.79,-2.95,-194.03
"12/28/2013 05:45:00","O H",61846,1.39,1.84,-37.85
"12/28/2013 05:45:00","PJM",61847,33.47,0.98,-58.15
"12/28/2013 05:45:00","WEST",61752,20.31,0.28,-45.69
"12/28/2013 05:50:00","CAPITL",61757,218.78,-2.39,-256.28
"12/28/2013 05:50:00","CENTRL",61754,-6.59,0.14,-28.37
"12/28/2013 05:50:00","DUNWOD",61760,139.59,-1.79,-176.48
"12/28/2013 05:50:00","GENESE",61753,-12.80,0.14,-22.17
"12/28/2013 05:50:00","H Q",61844,42.90,0.10,-66.92
"12/28/2013 05:50:00","HUD VL",61758,139.08,-3.34,-177.52
"12/28/2013 05:50:00","LONGIL",61762,139.38,-2.14,-176.62
"12/28/2013 05:50:00","MHK VL",61756,-6.91,-0.70,-28.90
"12/28/2013 05:50:00","MILLWD",61759,141.20,-1.93,-178.23
"12/28/2013 05:50:00","N.Y.C.",61761,139.83,-1.65,-176.59
"12/28/2013 05:50:00","NORTH",61755,-39.58,0.24,4.72
"12/28/2013 05:50:00","NPX",61845,622.16,-9.90,-763.98
"12/28/2013 05:50:00","O H",61846,-6.66,8.18,-117.09
"12/28/2013 05:50:00","PJM",61847,8.00,0.99,-31.13
"12/28/2013 05:50:00","WEST",61752,-6.03,0.60,-28.48
"12/28/2013 05:55:00","CAPITL",61757,224.15,-2.36,-261.27
"12/28/2013 05:55:00","CENTRL",61754,-5.66,0.17,-28.92
"12/28/2013 05:55:00","DUNWOD",61760,143.36,-1.81,-179.93
"12/28/2013 05:55:00","GENESE",61753,-11.88,0.28,-22.60
"12/28/2013 05:55:00","H Q",61844,42.90,0.10,-66.92
"12/28/2013 05:55:00","HUD VL",61758,142.85,-3.37,-180.98
"12/28/2013 05:55:00","LONGIL",61762,243.39,-2.47,-280.62
"12/28/2013 05:55:00","MHK VL",61756,-5.99,-0.69,-29.46
"12/28/2013 05:55:00","MILLWD",61759,144.97,-1.98,-181.71
"12/28/2013 05:55:00","N.Y.C.",61761,143.57,-1.70,-180.03
"12/28/2013 05:55:00","NORTH",61755,-39.43,0.14,4.81
"12/28/2013 05:55:00","NPX",61845,622.16,-9.90,-763.98
"12/28/2013 05:55:00","O H",61846,-6.66,8.18,-117.09
"12/28/2013 05:55:00","PJM",61847,8.00,0.99,-31.13
"12/28/2013 05:55:00","WEST",61752,-4.89,0.83,-29.03
"12/28/2013 06:00:00","CAPITL",61757,22.07,1.19,0.00
"12/28/2013 06:00:00","CENTRL",61754,20.79,-0.08,0.00
"12/28/2013 06:00:00","DUNWOD",61760,22.42,1.54,0.00
"12/28/2013 06:00:00","GENESE",61753,20.63,-0.25,0.00
"12/28/2013 06:00:00","H Q",61844,42.90,0.10,-66.92
"12/28/2013 06:00:00","HUD VL",61758,23.32,2.44,0.00
"12/28/2013 06:00:00","LONGIL",61762,22.82,1.94,-0.01
"12/28/2013 06:00:00","MHK VL",61756,25.03,0.44,-3.71
"12/28/2013 06:00:00","MILLWD",61759,22.51,1.63,0.00
"12/28/2013 06:00:00","N.Y.C.",61761,22.46,1.59,0.00
"12/28/2013 06:00:00","NORTH",61755,10.96,-0.84,9.08
"12/28/2013 06:00:00","NPX",61845,622.16,-9.90,-763.98
"12/28/2013 06:00:00","O H",61846,-6.66,8.18,-117.09
"12/28/2013 06:00:00","PJM",61847,8.00,0.99,-31.13
"12/28/2013 06:00:00","WEST",61752,20.23,-0.65,0.00
"12/28/2013 06:05:00","CAPITL",61757,22.08,1.29,0.00
"12/28/2013 06:05:00","CENTRL",61754,20.77,-0.02,0.00
"12/28/2013 06:05:00","DUNWOD",61760,22.51,1.72,0.00
"12/28/2013 06:05:00","GENESE",61753,20.60,-0.19,0.00
"12/28/2013 06:05:00","H Q",61844,0.00,-0.31,17.84
"12/28/2013 06:05:00","HUD VL",61758,23.39,2.60,0.00
"12/28/2013 06:05:00","LONGIL",61762,23.04,2.25,0.00
"12/28/2013 06:05:00","MHK VL",61756,24.97,0.48,-3.70
"12/28/2013 06:05:00","MILLWD",61759,22.58,1.79,0.00
"12/28/2013 06:05:00","N.Y.C.",61761,22.58,1.79,0.00
"12/28/2013 06:05:00","NORTH",61755,10.81,-0.94,9.04
"12/28/2013 06:05:00","NPX",61845,773.09,1.32,-753.49
"12/28/2013 06:05:00","O H",61846,19.92,-0.87,0.00
"12/28/2013 06:05:00","PJM",61847,19.81,-0.98,0.00
"12/28/2013 06:05:00","WEST",61752,20.25,-0.54,0.00
"12/28/2013 06:10:00","CAPITL",61757,38.94,2.27,0.00
"12/28/2013 06:10:00","CENTRL",61754,36.48,-0.18,0.00
"12/28/2013 06:10:00","DUNWOD",61760,39.56,2.90,0.00
"12/28/2013 06:10:00","GENESE",61753,36.12,-0.55,0.00
"12/28/2013 06:10:00","H Q",61844,0.00,-0.31,17.84
"12/28/2013 06:10:00","HUD VL",61758,41.10,4.43,0.00
"12/28/2013 06:10:00","LONGIL",61762,40.60,3.93,-0.01
"12/28/2013 06:10:00","MHK VL",61756,37.47,0.81,0.00
"12/28/2013 06:10:00","MILLWD",61759,39.67,3.01,0.00
"12/28/2013 06:10:00","N.Y.C.",61761,39.63,2.97,0.00
"12/28/2013 06:10:00","NORTH",61755,35.49,-1.17,0.00
"12/28/2013 06:10:00","NPX",61845,773.09,1.32,-753.49
"12/28/2013 06:10:00","O H",61846,34.83,-1.83,0.00
"12/28/2013 06:10:00","PJM",61847,34.68,-1.98,0.00
"12/28/2013 06:10:00","WEST",61752,35.38,-1.28,0.00
"12/28/2013 06:12:12","CAPITL",61757,22.74,1.18,0.00
"12/28/2013 06:12:12","CENTRL",61754,21.45,-0.11,0.00
"12/28/2013 06:12:12","DUNWOD",61760,23.13,1.57,0.00
"12/28/2013 06:12:12","GENESE",61753,21.21,-0.35,0.00
"12/28/2013 06:12:12","H Q",61844,0.00,-0.31,17.84
"12/28/2013 06:12:12","HUD VL",61758,24.01,2.46,0.00
"12/28/2013 06:12:12","LONGIL",61762,23.67,2.11,-0.01
"12/28/2013 06:12:12","MHK VL",61756,21.94,0.39,0.00
"12/28/2013 06:12:12","MILLWD",61759,23.19,1.64,0.00
"12/28/2013 06:12:12","N.Y.C.",61761,23.17,1.62,0.00
"12/28/2013 06:12:12","NORTH",61755,20.93,-0.63,0.00
"12/28/2013 06:12:12","NPX",61845,773.09,1.32,-753.49
"12/28/2013 06:12:12","O H",61846,20.48,-1.08,0.00
"12/28/2013 06:12:12","PJM",61847,20.50,-1.06,0.00
"12/28/2013 06:12:12","WEST",61752,20.78,-0.78,0.00
"12/28/2013 06:15:00","CAPITL",61757,21.83,1.04,0.00
"12/28/2013 06:15:00","CENTRL",61754,20.75,-0.04,0.00
"12/28/2013 06:15:00","DUNWOD",61760,22.33,1.54,0.00
"12/28/2013 06:15:00","GENESE",61753,20.62,-0.17,0.00
"12/28/2013 06:15:00","H Q",61844,0.00,-0.31,17.84
"12/28/2013 06:15:00","HUD VL",61758,23.18,2.39,0.00
"12/28/2013 06:15:00","LONGIL",61762,25.02,2.23,-2.00
"12/28/2013 06:15:00","MHK VL",61756,21.21,0.42,0.00
"12/28/2013 06:15:00","MILLWD",61759,22.39,1.60,0.00
"12/28/2013 06:15:00","N.Y.C.",61761,22.35,1.56,0.00
"12/28/2013 06:15:00","NORTH",61755,20.17,-0.62,0.00
"12/28/2013 06:15:00","NPX",61845,773.09,1.32,-753.49
"12/28/2013 06:15:00","O H",61846,19.96,-0.83,0.00
"12/28/2013 06:15:00","PJM",61847,19.92,-0.87,0.00
"12/28/2013 06:15:00","WEST",61752,20.29,-0.50,0.00
"12/28/2013 06:19:36","CAPITL",61757,21.83,1.04,0.00
"12/28/2013 06:19:36","CENTRL",61754,20.75,-0.04,0.00
"12/28/2013 06:19:36","DUNWOD",61760,22.33,1.54,0.00
"12/28/2013 06:19:36","GENESE",61753,20.62,-0.17,0.00
"12/28/2013 06:19:36","H Q",61844,20.54,-0.25,0.00
"12/28/2013 06:19:36","HUD VL",61758,23.18,2.39,0.00
"12/28/2013 06:19:36","LONGIL",61762,25.02,2.23,-2.00
"12/28/2013 06:19:36","MHK VL",61756,21.21,0.42,0.00
"12/28/2013 06:19:36","MILLWD",61759,22.39,1.60,0.00
"12/28/2013 06:19:36","N.Y.C.",61761,22.35,1.56,0.00
"12/28/2013 06:19:36","NORTH",61755,20.17,-0.62,0.00
"12/28/2013 06:19:36","NPX",61845,43.47,1.32,-23.77
"12/28/2013 06:19:36","O H",61846,19.96,-0.83,0.00
"12/28/2013 06:19:36","PJM",61847,19.92,-0.87,0.00
"12/28/2013 06:19:36","WEST",61752,20.29,-0.50,0.00
"12/28/2013 06:20:00","CAPITL",61757,49.63,1.27,-31.16
"12/28/2013 06:20:00","CENTRL",61754,20.67,0.03,-3.44
"12/28/2013 06:20:00","DUNWOD",61760,39.97,1.32,-21.45
"12/28/2013 06:20:00","GENESE",61753,19.84,-0.05,-2.69
"12/28/2013 06:20:00","H Q",61844,16.97,-0.22,0.00
"12/28/2013 06:20:00","HUD VL",61758,40.81,2.03,-21.58
"12/28/2013 06:20:00","LONGIL",61762,52.37,1.89,-33.29
"12/28/2013 06:20:00","MHK VL",61756,21.07,0.41,-3.47
"12/28/2013 06:20:00","MILLWD",61759,40.24,1.38,-21.67
"12/28/2013 06:20:00","N.Y.C.",61761,39.95,1.29,-21.47
"12/28/2013 06:20:00","NORTH",61755,16.04,-0.58,0.57
"12/28/2013 06:20:00","NPX",61845,43.47,1.32,-23.77
"12/28/2013 06:20:00","O H",61846,20.25,-0.52,-3.57
"12/28/2013 06:20:00","PJM",61847,21.05,-0.55,-4.41
"12/28/2013 06:20:00","WEST",61752,20.44,-0.22,-3.46
"12/28/2013 06:25:00","CAPITL",61757,49.63,1.27,-31.16
"12/28/2013 06:25:00","CENTRL",61754,20.67,0.03,-3.44
"12/28/2013 06:25:00","DUNWOD",61760,39.97,1.32,-21.45
"12/28/2013 06:25:00","GENESE",61753,19.84,-0.05,-2.69
"12/28/2013 06:25:00","H Q",61844,16.97,-0.22,0.00
"12/28/2013 06:25:00","HUD VL",61758,40.81,2.03,-21.58
"12/28/2013 06:25:00","LONGIL",61762,52.37,1.89,-33.29
"12/28/2013 06:25:00","MHK VL",61756,21.07,0.41,-3.47
"12/28/2013 06:25:00","MILLWD",61759,40.24,1.38,-21.67
"12/28/2013 06:25:00","N.Y.C.",61761,39.95,1.29,-21.47
"12/28/2013 06:25:00","NORTH",61755,16.04,-0.58,0.57
"12/28/2013 06:25:00","NPX",61845,43.47,1.32,-23.77
"12/28/2013 06:25:00","O H",61846,20.25,-0.52,-3.57
"12/28/2013 06:25:00","PJM",61847,21.05,-0.55,-4.41
"12/28/2013 06:25:00","WEST",61752,20.44,-0.22,-3.46
"12/28/2013 06:30:00","CAPITL",61757,85.57,-1.45,-106.66
"12/28/2013 06:30:00","CENTRL",61754,-7.99,-0.12,-11.76
"12/28/2013 06:30:00","DUNWOD",61760,52.35,-1.45,-73.43
"12/28/2013 06:30:00","GENESE",61753,-10.45,-0.04,-9.22
"12/28/2013 06:30:00","H Q",61844,-19.36,0.27,0.00
"12/28/2013 06:30:00","HUD VL",61758,51.96,-2.28,-73.87
"12/28/2013 06:30:00","LONGIL",61762,60.23,-2.02,-81.88
"12/28/2013 06:30:00","MHK VL",61756,-8.26,-0.49,-11.86
"12/28/2013 06:30:00","MILLWD",61759,53.00,-1.53,-74.17
"12/28/2013 06:30:00","N.Y.C.",61761,52.45,-1.39,-73.48
"12/28/2013 06:30:00","NORTH",61755,-20.89,0.71,1.96
"12/28/2013 06:30:00","NPX",61845,43.47,1.32,-23.77
"12/28/2013 06:30:00","O H",61846,-7.01,0.41,-12.21
"12/28/2013 06:30:00","PJM",61847,-4.14,0.41,-15.08
"12/28/2013 06:30:00","WEST",61752,-7.70,0.08,-11.85
"12/28/2013 06:35:00","CAPITL",61757,49.62,1.25,-31.19
"12/28/2013 06:35:00","CENTRL",61754,20.68,0.07,-3.44
"12/28/2013 06:35:00","DUNWOD",61760,39.96,1.30,-21.47
"12/28/2013 06:35:00","GENESE",61753,19.86,-0.02,-2.70
"12/28/2013 06:35:00","H Q",61844,16.94,-0.24,0.00
"12/28/2013 06:35:00","HUD VL",61758,40.82,2.04,-21.60
"12/28/2013 06:35:00","LONGIL",61762,40.48,1.80,-21.50
"12/28/2013 06:35:00","MHK VL",61756,21.08,0.43,-3.47
"12/28/2013 06:35:00","MILLWD",61759,40.24,1.37,-21.69
"12/28/2013 06:35:00","N.Y.C.",61761,39.93,1.27,-21.49
"12/28/2013 06:35:00","NORTH",61755,15.97,-0.64,0.57
"12/28/2013 06:35:00","NPX",61845,59.87,1.14,-42.90
"12/28/2013 06:35:00","O H",61846,20.28,-0.46,-3.57
"12/28/2013 06:35:00","PJM",61847,21.12,-0.46,-4.41
"12/28/2013 06:35:00","WEST",61752,20.47,-0.17,-3.47
"12/28/2013 06:40:00","CAPITL",61757,98.55,-1.02,-113.58
"12/28/2013 06:40:00","CENTRL",61754,-1.55,-0.06,-12.52
"12/28/2013 06:40:00","DUNWOD",61760,63.11,-1.08,-78.20
"12/28/2013 06:40:00","GENESE",61753,-4.17,0.03,-9.82
"12/28/2013 06:40:00","H Q",61844,-13.82,0.20,0.00
"12/28/2013 06:40:00","HUD VL",61758,62.97,-1.68,-78.67
"12/28/2013 06:40:00","LONGIL",61762,62.85,-1.40,-78.27
"12/28/2013 06:40:00","MHK VL",61756,-1.73,-0.35,-12.63
"12/28/2013 06:40:00","MILLWD",61759,63.84,-1.13,-78.98
"12/28/2013 06:40:00","N.Y.C.",61761,63.17,-1.06,-78.25
"12/28/2013 06:40:00","NORTH",61755,-15.58,0.52,2.09
"12/28/2013 06:40:00","NPX",61845,59.87,1.14,-42.90
"12/28/2013 06:40:00","O H",61846,-0.60,0.41,-13.00
"12/28/2013 06:40:00","PJM",61847,2.45,0.41,-16.06
"12/28/2013 06:40:00","WEST",61752,-1.22,0.17,-12.62
"12/28/2013 06:45:00","CAPITL",61757,49.25,1.25,-30.66
"12/28/2013 06:45:00","CENTRL",61754,20.76,0.03,-3.38
"12/28/2013 06:45:00","DUNWOD",61760,39.82,1.37,-21.11
"12/28/2013 06:45:00","GENESE",61753,19.92,-0.07,-2.65
"12/28/2013 06:45:00","H Q",61844,17.12,-0.23,0.00
"12/28/2013 06:45:00","HUD VL",61758,40.67,2.10,-21.23
"12/28/2013 06:45:00","LONGIL",61762,40.27,1.80,-21.13
"12/28/2013 06:45:00","MHK VL",61756,21.19,0.43,-3.41
"12/28/2013 06:45:00","MILLWD",61759,40.08,1.42,-21.32
"12/28/2013 06:45:00","N.Y.C.",61761,39.83,1.37,-21.12
"12/28/2013 06:45:00","NORTH",61755,16.15,-0.62,0.56
"12/28/2013 06:45:00","NPX",61845,59.87,1.14,-42.90
"12/28/2013 06:45:00","O H",61846,20.26,-0.59,-3.51
"12/28/2013 06:45:00","PJM",61847,21.05,-0.62,-4.34
"12/28/2013 06:45:00","WEST",61752,20.45,-0.29,-3.41
"12/28/2013 06:50:00","CAPITL",61757,82.94,-0.95,-97.29
"12/28/2013 06:50:00","CENTRL",61754,-2.73,-0.05,-10.73
"12/28/2013 06:50:00","DUNWOD",61760,52.56,-1.02,-66.98
"12/28/2013 06:50:00","GENESE",61753,-4.99,0.00,-8.41
"12/28/2013 06:50:00","H Q",61844,-13.22,0.17,0.00
"12/28/2013 06:50:00","HUD VL",61758,52.39,-1.59,-67.38
"12/28/2013 06:50:00","LONGIL",61762,52.25,-1.39,-67.04
"12/28/2013 06:50:00","MHK VL",61756,-2.93,-0.35,-10.82
"12/28/2013 06:50:00","MILLWD",61759,53.18,-1.07,-67.65
"12/28/2013 06:50:00","N.Y.C.",61761,52.62,-1.01,-67.02
"12/28/2013 06:50:00","NORTH",61755,-14.73,0.46,1.79
"12/28/2013 06:50:00","NPX",61845,43.37,1.34,-23.38
"12/28/2013 06:50:00","O H",61846,-1.89,0.38,-11.14
"12/28/2013 06:50:00","PJM",61847,0.75,0.39,-13.76
"12/28/2013 06:50:00","WEST",61752,-2.44,0.15,-10.81
"12/28/2013 06:55:00","CAPITL",61757,94.93,0.55,-86.69
"12/28/2013 06:55:00","CENTRL",61754,17.26,0.02,-9.56
"12/28/2013 06:55:00","DUNWOD",61760,67.96,0.59,-59.68
"12/28/2013 06:55:00","GENESE",61753,15.17,-0.02,-7.49
"12/28/2013 06:55:00","H Q",61844,7.59,-0.10,0.00
"12/28/2013 06:55:00","HUD VL",61758,68.65,0.92,-60.04
"12/28/2013 06:55:00","LONGIL",61762,68.25,0.83,-59.74
"12/28/2013 06:55:00","MHK VL",61756,17.54,0.21,-9.64
"12/28/2013 06:55:00","MILLWD",61759,68.59,0.62,-60.28
"12/28/2013 06:55:00","N.Y.C.",61761,68.00,0.59,-59.72
"12/28/2013 06:55:00","NORTH",61755,5.84,-0.25,1.59
"12/28/2013 06:55:00","NPX",61845,43.37,1.34,-23.38
"12/28/2013 06:55:00","O H",61846,17.37,-0.25,-9.93
"12/28/2013 06:55:00","PJM",61847,19.68,-0.27,-12.26
"12/28/2013 06:55:00","WEST",61752,17.21,-0.11,-9.64
"12/28/2013 07:00:00","CAPITL",61757,69.89,-1.73,-97.05
"12/28/2013 07:00:00","CENTRL",61754,-14.80,-0.08,-10.70
"12/28/2013 07:00:00","DUNWOD",61760,39.41,-1.98,-66.82
"12/28/2013 07:00:00","GENESE",61753,-17.04,0.00,-8.39
"12/28/2013 07:00:00","H Q",61844,-25.07,0.36,0.00
"12/28/2013 07:00:00","HUD VL",61758,38.71,-3.08,-67.21
"12/28/2013 07:00:00","LONGIL",61762,38.72,-2.72,-66.87
"12/28/2013 07:00:00","MHK VL",61756,-15.34,-0.71,-10.79
"12/28/2013 07:00:00","MILLWD",61759,40.00,-2.06,-67.49
"12/28/2013 07:00:00","N.Y.C.",61761,39.50,-1.93,-66.86
"12/28/2013 07:00:00","NORTH",61755,-26.27,0.94,1.78
"12/28/2013 07:00:00","NPX",61845,43.37,1.34,-23.38
"12/28/2013 07:00:00","O H",61846,-13.50,0.81,-11.11
"12/28/2013 07:00:00","PJM",61847,-10.76,0.94,-13.72
"12/28/2013 07:00:00","WEST",61752,-14.28,0.36,-10.79
"12/28/2013 07:05:00","CAPITL",61757,135.06,0.43,-127.81
"12/28/2013 07:05:00","CENTRL",61754,20.92,0.01,-14.09
"12/28/2013 07:05:00","DUNWOD",61760,95.36,0.55,-87.99
"12/28/2013 07:05:00","GENESE",61753,17.85,-0.02,-11.05
"12/28/2013 07:05:00","H Q",61844,25.15,-0.53,0.60
"12/28/2013 07:05:00","HUD VL",61758,96.19,0.85,-88.52
"12/28/2013 07:05:00","LONGIL",61762,95.67,0.79,-88.06
"12/28/2013 07:05:00","MHK VL",61756,23.63,0.18,-16.64
"12/28/2013 07:05:00","MILLWD",61759,96.27,0.58,-88.87
"12/28/2013 07:05:00","N.Y.C.",61761,95.41,0.55,-88.05
"12/28/2013 07:05:00","NORTH",61755,-1.66,-0.25,8.22
"12/28/2013 07:05:00","NPX",61845,584.26,0.44,-578.04
"12/28/2013 07:05:00","O H",61846,21.21,-0.25,-14.63
"12/28/2013 07:05:00","PJM",61847,24.83,-2.00,-0.55
"12/28/2013 07:05:00","WEST",61752,20.89,-0.13,-14.21
"12/28/2013 07:10:00","CAPITL",61757,49.20,1.04,-30.84
"12/28/2013 07:10:00","CENTRL",61754,20.77,0.05,-3.40
"12/28/2013 07:10:00","DUNWOD",61760,39.92,1.37,-21.23
"12/28/2013 07:10:00","GENESE",61753,19.94,-0.05,-2.67
"12/28/2013 07:10:00","H Q",61844,25.15,-0.53,0.60
"12/28/2013 07:10:00","HUD VL",61758,40.81,2.13,-21.36
"12/28/2013 07:10:00","LONGIL",61762,40.51,1.94,-21.25
"12/28/2013 07:10:00","MHK VL",61756,21.22,0.47,-3.43
"12/28/2013 07:10:00","MILLWD",61759,40.20,1.44,-21.45
"12/28/2013 07:10:00","N.Y.C.",61761,39.94,1.37,-21.25
"12/28/2013 07:10:00","NORTH",61755,16.22,-0.54,0.57
"12/28/2013 07:10:00","NPX",61845,584.26,0.44,-578.04
"12/28/2013 07:10:00","O H",61846,20.26,-0.59,-3.53
"12/28/2013 07:10:00","PJM",61847,24.83,-2.00,-0.55
"12/28/2013 07:10:00","WEST",61752,20.44,-0.31,-3.43
"12/28/2013 07:15:00","CAPITL",61757,44.81,1.19,-25.80
"12/28/2013 07:15:00","CENTRL",61754,20.75,0.07,-2.86
"12/28/2013 07:15:00","DUNWOD",61760,36.93,1.37,-17.75
"12/28/2013 07:15:00","GENESE",61753,20.03,-0.02,-2.23
"12/28/2013 07:15:00","H Q",61844,25.15,-0.53,0.60
"12/28/2013 07:15:00","HUD VL",61758,37.79,2.12,-17.85
"12/28/2013 07:15:00","LONGIL",61762,37.50,1.92,-17.76
"12/28/2013 07:15:00","MHK VL",61756,21.11,0.48,-2.81
"12/28/2013 07:15:00","MILLWD",61759,37.19,1.44,-17.93
"12/28/2013 07:15:00","N.Y.C.",61761,37.00,1.43,-17.76
"12/28/2013 07:15:00","NORTH",61755,16.77,-0.57,0.47
"12/28/2013 07:15:00","NPX",61845,584.26,0.44,-578.04
"12/28/2013 07:15:00","O H",61846,20.23,-0.53,-2.95
"12/28/2013 07:15:00","PJM",61847,24.83,-2.00,-0.55
"12/28/2013 07:15:00","WEST",61752,20.43,-0.25,-2.87
"12/28/2013 07:20:00","CAPITL",61757,36.81,1.32,-16.62
"12/28/2013 07:20:00","CENTRL",61754,20.78,0.08,-1.84
"12/28/2013 07:20:00","DUNWOD",61760,31.72,1.42,-11.44
"12/28/2013 07:20:00","GENESE",61753,20.24,-0.06,-1.44
"12/28/2013 07:20:00","H Q",61844,18.64,-0.23,0.00
"12/28/2013 07:20:00","HUD VL",61758,32.57,2.21,-11.51
"12/28/2013 07:20:00","LONGIL",61762,32.31,2.00,-11.45
"12/28/2013 07:20:00","MHK VL",61756,21.20,0.53,-1.81
"12/28/2013 07:20:00","MILLWD",61759,31.89,1.47,-11.55
"12/28/2013 07:20:00","N.Y.C.",61761,31.76,1.45,-11.44
"12/28/2013 07:20:00","NORTH",61755,18.01,-0.55,0.30
"12/28/2013 07:20:00","NPX",61845,74.67,1.01,-60.54
"12/28/2013 07:20:00","O H",61846,20.16,-0.60,-1.90
"12/28/2013 07:20:00","PJM",61847,20.68,-0.53,-2.35
"12/28/2013 07:20:00","WEST",61752,20.41,-0.30,-1.85
"12/28/2013 07:25:00","CAPITL",61757,49.59,1.17,-31.27
"12/28/2013 07:25:00","CENTRL",61754,20.69,0.07,-3.47
"12/28/2013 07:25:00","DUNWOD",61760,39.92,1.25,-21.52
"12/28/2013 07:25:00","GENESE",61753,19.87,0.02,-2.70
"12/28/2013 07:25:00","H Q",61844,16.95,-0.21,0.00
"12/28/2013 07:25:00","HUD VL",61758,40.77,1.97,-21.64
"12/28/2013 07:25:00","LONGIL",61762,40.49,1.80,-21.54
"12/28/2013 07:25:00","MHK VL",61756,21.04,0.48,-3.41
"12/28/2013 07:25:00","MILLWD",61759,40.21,1.32,-21.74
"12/28/2013 07:25:00","N.Y.C.",61761,39.93,1.25,-21.53
"12/28/2013 07:25:00","NORTH",61755,16.08,-0.50,0.57
"12/28/2013 07:25:00","NPX",61845,74.67,1.01,-60.54
"12/28/2013 07:25:00","O H",61846,20.27,-0.46,-3.58
"12/28/2013 07:25:00","PJM",61847,21.07,-0.50,-4.42
"12/28/2013 07:25:00","WEST",61752,20.46,-0.17,-3.48
"12/28/2013 07:30:00","CAPITL",61757,126.85,0.50,-118.60
"12/28/2013 07:30:00","CENTRL",61754,20.93,0.04,-13.15
"12/28/2013 07:30:00","DUNWOD",61760,89.91,0.57,-81.60
"12/28/2013 07:30:00","GENESE",61753,18.02,0.02,-10.25
"12/28/2013 07:30:00","H Q",61844,7.65,-0.09,0.00
"12/28/2013 07:30:00","HUD VL",61758,90.73,0.90,-82.09
"12/28/2013 07:30:00","LONGIL",61762,90.21,0.81,-81.66
"12/28/2013 07:30:00","MHK VL",61756,20.88,0.22,-12.92
"12/28/2013 07:30:00","MILLWD",61759,90.79,0.60,-82.44
"12/28/2013 07:30:00","N.Y.C.",61761,89.94,0.55,-81.65
"12/28/2013 07:30:00","NORTH",61755,5.34,-0.23,2.17
"12/28/2013 07:30:00","NPX",61845,74.67,1.01,-60.54
"12/28/2013 07:30:00","O H",61846,21.13,-0.19,-13.57
"12/28/2013 07:30:00","PJM",61847,24.29,-0.21,-16.76
"12/28/2013 07:30:00","WEST",61752,20.88,-0.05,-13.18
"12/28/2013 07:35:00","CAPITL",61757,149.17,0.32,-143.77
"12/28/2013 07:35:00","CENTRL",61754,21.04,0.02,-15.94
"12/28/2013 07:35:00","DUNWOD",61760,104.38,0.39,-98.91
"12/28/2013 07:35:00","GENESE",61753,17.51,0.00,-12.43
"12/28/2013 07:35:00","H Q",61844,16.12,-0.24,0.98
"12/28/2013 07:35:00","HUD VL",61758,105.18,0.60,-99.50
"12/28/2013 07:35:00","LONGIL",61762,104.62,0.55,-98.99
"12/28/2013 07:35:00","MHK VL",61756,20.89,0.15,-15.66
"12/28/2013 07:35:00","MILLWD",61759,105.41,0.41,-99.93
"12/28/2013 07:35:00","N.Y.C.",61761,104.43,0.38,-98.97
"12/28/2013 07:35:00","NORTH",61755,2.29,-0.16,2.63
"12/28/2013 07:35:00","NPX",61845,59.07,1.20,-42.25
"12/28/2013 07:35:00","O H",61846,21.38,-0.15,-16.45
"12/28/2013 07:35:00","PJM",61847,21.18,-0.61,-4.44
"12/28/2013 07:35:00","WEST",61752,21.00,-0.07,-15.98
"12/28/2013 07:40:00","CAPITL",61757,135.43,0.43,-128.24
"12/28/2013 07:40:00","CENTRL",61754,21.02,0.03,-14.22
"12/28/2013 07:40:00","DUNWOD",61760,95.51,0.51,-88.23
"12/28/2013 07:40:00","GENESE",61753,17.85,-0.01,-11.09
"12/28/2013 07:40:00","H Q",61844,16.12,-0.24,0.98
"12/28/2013 07:40:00","HUD VL",61758,96.32,0.80,-88.76
"12/28/2013 07:40:00","LONGIL",61762,95.82,0.75,-88.30
"12/28/2013 07:40:00","MHK VL",61756,20.93,0.20,-13.97
"12/28/2013 07:40:00","MILLWD",61759,96.44,0.54,-89.13
"12/28/2013 07:40:00","N.Y.C.",61761,95.56,0.51,-88.28
"12/28/2013 07:40:00","NORTH",61755,4.21,-0.21,2.34
"12/28/2013 07:40:00","NPX",61845,59.07,1.20,-42.25
"12/28/2013 07:40:00","O H",61846,21.24,-0.20,-14.67
"12/28/2013 07:40:00","PJM",61847,21.18,-0.61,-4.44
"12/28/2013 07:40:00","WEST",61752,20.93,-0.09,-14.26
"12/28/2013 07:45:00","CAPITL",61757,49.36,1.12,-30.96
"12/28/2013 07:45:00","CENTRL",61754,20.79,0.09,-3.43
"12/28/2013 07:45:00","DUNWOD",61760,39.85,1.28,-21.30
"12/28/2013 07:45:00","GENESE",61753,19.93,-0.02,-2.68
"12/28/2013 07:45:00","H Q",61844,16.12,-0.24,0.98
"12/28/2013 07:45:00","HUD VL",61758,40.71,2.00,-21.43
"12/28/2013 07:45:00","LONGIL",61762,40.41,1.81,-21.32
"12/28/2013 07:45:00","MHK VL",61756,21.16,0.52,-3.37
"12/28/2013 07:45:00","MILLWD",61759,40.14,1.35,-21.52
"12/28/2013 07:45:00","N.Y.C.",61761,39.87,1.28,-21.31
"12/28/2013 07:45:00","NORTH",61755,16.17,-0.54,0.57
"12/28/2013 07:45:00","NPX",61845,59.07,1.20,-42.25
"12/28/2013 07:45:00","O H",61846,20.30,-0.52,-3.54
"12/28/2013 07:45:00","PJM",61847,21.18,-0.61,-4.44
"12/28/2013 07:45:00","WEST",61752,20.46,-0.26,-3.44
"12/28/2013 07:50:00","CAPITL",61757,61.76,1.01,-45.03
"12/28/2013 07:50:00","CENTRL",61754,20.78,0.06,-4.99
"12/28/2013 07:50:00","DUNWOD",61760,47.85,1.15,-30.98
"12/28/2013 07:50:00","GENESE",61753,19.60,-0.02,-3.89
"12/28/2013 07:50:00","H Q",61844,15.55,-0.17,0.00
"12/28/2013 07:50:00","HUD VL",61758,48.71,1.82,-31.17
"12/28/2013 07:50:00","LONGIL",61762,48.36,1.64,-31.01
"12/28/2013 07:50:00","MHK VL",61756,21.10,0.47,-4.90
"12/28/2013 07:50:00","MILLWD",61759,48.23,1.21,-31.30
"12/28/2013 07:50:00","N.Y.C.",61761,47.87,1.15,-31.00
"12/28/2013 07:50:00","NORTH",61755,14.48,-0.42,0.82
"12/28/2013 07:50:00","NPX",61845,82.00,0.93,-69.02
"12/28/2013 07:50:00","O H",61846,20.40,-0.47,-5.15
"12/28/2013 07:50:00","PJM",61847,21.61,-0.47,-6.36
"12/28/2013 07:50:00","WEST",61752,20.52,-0.20,-5.01
"12/28/2013 07:55:00","CAPITL",61757,49.55,1.09,-31.11
"12/28/2013 07:55:00","CENTRL",61754,20.83,0.03,-3.45
"12/28/2013 07:55:00","DUNWOD",61760,40.05,1.30,-21.40
"12/28/2013 07:55:00","GENESE",61753,19.97,-0.07,-2.69
"12/28/2013 07:55:00","H Q",61844,17.16,-0.19,0.00
"12/28/2013 07:55:00","HUD VL",61758,40.91,2.03,-21.53
"12/28/2013 07:55:00","LONGIL",61762,40.62,1.86,-21.42
"12/28/2013 07:55:00","MHK VL",61756,21.24,0.50,-3.39
"12/28/2013 07:55:00","MILLWD",61759,40.34,1.37,-21.62
"12/28/2013 07:55:00","N.Y.C.",61761,40.08,1.32,-21.41
"12/28/2013 07:55:00","NORTH",61755,16.31,-0.47,0.57
"12/28/2013 07:55:00","NPX",61845,82.00,0.93,-69.02
"12/28/2013 07:55:00","O H",61846,20.28,-0.62,-3.56
"12/28/2013 07:55:00","PJM",61847,21.08,-0.66,-4.40
"12/28/2013 07:55:00","WEST",61752,20.46,-0.35,-3.46
"12/28/2013 08:00:00","CAPITL",61757,162.89,-1.63,-187.82
"12/28/2013 08:00:00","CENTRL",61754,-2.57,-0.09,-20.82
"12/28/2013 08:00:00","DUNWOD",61760,104.37,-1.56,-129.22
"12/28/2013 08:00:00","GENESE",61753,-7.15,-0.09,-16.24
"12/28/2013 08:00:00","H Q",61844,-23.02,0.28,0.00
"12/28/2013 08:00:00","HUD VL",61758,104.11,-2.59,-129.99
"12/28/2013 08:00:00","LONGIL",61762,103.84,-2.19,-129.32
"12/28/2013 08:00:00","MHK VL",61756,-3.54,-0.70,-20.46
"12/28/2013 08:00:00","MILLWD",61759,105.60,-1.65,-130.55
"12/28/2013 08:00:00","N.Y.C.",61761,104.51,-1.49,-129.30
"12/28/2013 08:00:00","NORTH",61755,-26.05,0.68,3.43
"12/28/2013 08:00:00","NPX",61845,82.00,0.93,-69.02
"12/28/2013 08:00:00","O H",61846,-1.18,0.63,-21.49
"12/28/2013 08:00:00","PJM",61847,4.06,0.82,-26.54
"12/28/2013 08:00:00","WEST",61752,-2.21,0.21,-20.88
"12/28/2013 08:05:00","CAPITL",61757,185.71,-2.63,-225.39
"12/28/2013 08:05:00","CENTRL",61754,-12.36,-0.30,-24.99
"12/28/2013 08:05:00","DUNWOD",61760,115.76,-2.26,-155.07
"12/28/2013 08:05:00","GENESE",61753,-17.89,-0.33,-19.49
"12/28/2013 08:05:00","H Q",61844,-0.01,-0.21,15.12
"12/28/2013 08:05:00","HUD VL",61758,114.98,-3.97,-156.00
"12/28/2013 08:05:00","LONGIL",61762,114.95,-3.19,-155.19
"12/28/2013 08:05:00","MHK VL",61756,-13.69,-1.19,-24.55
"12/28/2013 08:05:00","MILLWD",61759,117.17,-2.44,-156.66
"12/28/2013 08:05:00","N.Y.C.",61761,116.00,-2.11,-155.16
"12/28/2013 08:05:00","NORTH",61755,-40.57,0.59,4.12
"12/28/2013 08:05:00","NPX",61845,1068.23,1.29,-1051.61
"12/28/2013 08:05:00","O H",61846,-10.60,0.67,-25.79
"12/28/2013 08:05:00","PJM",61847,-4.28,0.92,-31.85
"12/28/2013 08:05:00","WEST",61752,-12.03,-0.04,-25.06
"12/28/2013 08:10:00","CAPITL",61757,173.93,-1.74,-201.65
"12/28/2013 08:10:00","CENTRL",61754,-3.89,-0.26,-22.35
"12/28/2013 08:10:00","DUNWOD",61760,111.04,-1.71,-138.74
"12/28/2013 08:10:00","GENESE",61753,-8.78,-0.23,-17.43
"12/28/2013 08:10:00","H Q",61844,-0.01,-0.21,15.12
"12/28/2013 08:10:00","HUD VL",61758,110.65,-2.94,-139.57
"12/28/2013 08:10:00","LONGIL",61762,110.44,-2.42,-138.85
"12/28/2013 08:10:00","MHK VL",61756,-4.85,-0.83,-21.96
"12/28/2013 08:10:00","MILLWD",61759,112.31,-1.87,-140.16
"12/28/2013 08:10:00","N.Y.C.",61761,111.20,-1.64,-138.82
"12/28/2013 08:10:00","NORTH",61755,-28.99,0.68,3.69
"12/28/2013 08:10:00","NPX",61845,1068.23,1.29,-1051.61
"12/28/2013 08:10:00","O H",61846,-2.50,0.42,-23.07
"12/28/2013 08:10:00","PJM",61847,3.00,0.49,-28.49
"12/28/2013 08:10:00","WEST",61752,-3.62,-0.05,-22.42
"12/28/2013 08:15:00","CAPITL",61757,164.21,-1.02,-181.59
"12/28/2013 08:15:00","CENTRL",61754,3.58,-0.20,-20.15
"12/28/2013 08:15:00","DUNWOD",61760,107.53,-1.18,-125.08
"12/28/2013 08:15:00","GENESE",61753,-0.85,-0.21,-15.73
"12/28/2013 08:15:00","H Q",61844,-0.01,-0.21,15.12
"12/28/2013 08:15:00","HUD VL",61758,107.55,-1.93,-125.85
"12/28/2013 08:15:00","LONGIL",61762,107.18,-1.62,-125.17
"12/28/2013 08:15:00","MHK VL",61756,2.57,-0.54,-19.47
"12/28/2013 08:15:00","MILLWD",61759,108.75,-1.28,-126.39
"12/28/2013 08:15:00","N.Y.C.",61761,107.64,-1.15,-125.15
"12/28/2013 08:15:00","NORTH",61755,-19.07,0.61,3.31
"12/28/2013 08:15:00","NPX",61845,1068.23,1.29,-1051.61
"12/28/2013 08:15:00","O H",61846,4.59,0.16,-20.80
"12/28/2013 08:15:00","PJM",61847,9.55,0.23,-25.69
"12/28/2013 08:15:00","WEST",61752,3.70,-0.15,-20.21
"12/28/2013 08:20:00","CAPITL",61757,82.17,4.95,0.00
"12/28/2013 08:20:00","CENTRL",61754,77.77,0.54,0.00
"12/28/2013 08:20:00","DUNWOD",61760,83.02,5.79,0.00
"12/28/2013 08:20:00","GENESE",61753,77.53,0.31,0.00
"12/28/2013 08:20:00","H Q",61844,0.00,-0.07,4.90
"12/28/2013 08:20:00","HUD VL",61758,86.41,9.19,0.00
"12/28/2013 08:20:00","LONGIL",61762,85.18,7.96,0.00
"12/28/2013 08:20:00","MHK VL",61756,79.85,2.63,0.00
"12/28/2013 08:20:00","MILLWD",61759,83.40,6.18,0.00
"12/28/2013 08:20:00","N.Y.C.",61761,83.02,5.79,0.00
"12/28/2013 08:20:00","NORTH",61755,74.37,-2.86,0.00
"12/28/2013 08:20:00","NPX",61845,105.33,0.72,-95.99
"12/28/2013 08:20:00","O H",61846,75.22,-2.01,0.00
"12/28/2013 08:20:00","PJM",61847,75.06,-2.16,0.00
"12/28/2013 08:20:00","WEST",61752,76.60,-0.62,0.00
"12/28/2013 08:25:00","CAPITL",61757,69.13,4.16,0.00
"12/28/2013 08:25:00","CENTRL",61754,65.16,0.20,0.00
"12/28/2013 08:25:00","DUNWOD",61760,70.10,5.13,0.00
"12/28/2013 08:25:00","GENESE",61753,64.71,-0.26,0.00
"12/28/2013 08:25:00","H Q",61844,0.00,-0.07,4.90
"12/28/2013 08:25:00","HUD VL",61758,72.89,7.92,0.00
"12/28/2013 08:25:00","LONGIL",61762,71.92,6.95,0.00
"12/28/2013 08:25:00","MHK VL",61756,67.18,2.21,0.00
"12/28/2013 08:25:00","MILLWD",61759,70.42,5.46,0.00
"12/28/2013 08:25:00","N.Y.C.",61761,70.10,5.13,0.00
"12/28/2013 08:25:00","NORTH",61755,62.76,-2.21,0.00
"12/28/2013 08:25:00","NPX",61845,105.33,0.72,-95.99
"12/28/2013 08:25:00","O H",61846,62.63,-2.34,0.00
"12/28/2013 08:25:00","PJM",61847,62.63,-2.34,0.00
"12/28/2013 08:25:00","WEST",61752,63.67,-1.30,0.00
"12/28/2013 08:30:00","CAPITL",61757,44.24,2.74,0.00
"12/28/2013 08:30:00","CENTRL",61754,41.59,0.08,0.00
"12/28/2013 08:30:00","DUNWOD",61760,44.83,3.32,0.00
"12/28/2013 08:30:00","GENESE",61753,41.30,-0.21,0.00
"12/28/2013 08:30:00","H Q",61844,0.00,-0.07,4.90
"12/28/2013 08:30:00","HUD VL",61758,46.57,5.06,0.00
"12/28/2013 08:30:00","LONGIL",61762,46.03,4.52,0.00
"12/28/2013 08:30:00","MHK VL",61756,42.87,1.37,0.00
"12/28/2013 08:30:00","MILLWD",61759,44.99,3.49,0.00
"12/28/2013 08:30:00","N.Y.C.",61761,44.78,3.28,0.00
"12/28/2013 08:30:00","NORTH",61755,40.09,-1.41,0.00
"12/28/2013 08:30:00","NPX",61845,105.33,0.72,-95.99
"12/28/2013 08:30:00","O H",61846,39.84,-1.66,0.00
"12/28/2013 08:30:00","PJM",61847,39.80,-1.70,0.00
"12/28/2013 08:30:00","WEST",61752,40.51,-1.00,0.00
"12/28/2013 08:35:00","CAPITL",61757,42.98,2.20,0.00
"12/28/2013 08:35:00","CENTRL",61754,40.78,0.00,0.00
"12/28/2013 08:35:00","DUNWOD",61760,44.00,3.22,0.00
"12/28/2013 08:35:00","GENESE",61753,40.33,-0.45,0.00
"12/28/2013 08:35:00","H Q",61844,0.00,-0.06,4.92
"12/28/2013 08:35:00","HUD VL",61758,45.75,4.97,0.00
"12/28/2013 08:35:00","LONGIL",61762,45.26,4.49,0.00
"12/28/2013 08:35:00","MHK VL",61756,42.09,1.30,-0.01
"12/28/2013 08:35:00","MILLWD",61759,44.16,3.38,0.00
"12/28/2013 08:35:00","N.Y.C.",61761,43.96,3.18,0.00
"12/28/2013 08:35:00","NORTH",61755,39.25,-1.51,0.02
"12/28/2013 08:35:00","NPX",61845,118.11,0.57,-110.76
"12/28/2013 08:35:00","O H",61846,38.82,-1.96,0.00
"12/28/2013 08:35:00","PJM",61847,38.82,-1.96,0.00
"12/28/2013 08:35:00","WEST",61752,39.39,-1.39,0.00
"12/28/2013 08:40:00","CAPITL",61757,35.24,1.84,0.00
"12/28/2013 08:40:00","CENTRL",61754,33.40,0.00,0.00
"12/28/2013 08:40:00","DUNWOD",61760,36.04,2.64,0.00
"12/28/2013 08:40:00","GENESE",61753,33.00,-0.40,0.00
"12/28/2013 08:40:00","H Q",61844,0.00,-0.06,4.92
"12/28/2013 08:40:00","HUD VL",61758,37.47,4.07,0.00
"12/28/2013 08:40:00","LONGIL",61762,37.04,3.64,0.00
"12/28/2013 08:40:00","MHK VL",61756,34.47,1.07,0.00
"12/28/2013 08:40:00","MILLWD",61759,36.17,2.77,0.00
"12/28/2013 08:40:00","N.Y.C.",61761,36.04,2.64,0.00
"12/28/2013 08:40:00","NORTH",61755,32.23,-1.17,0.00
"12/28/2013 08:40:00","NPX",61845,118.11,0.57,-110.76
"12/28/2013 08:40:00","O H",61846,31.73,-1.67,0.00
"12/28/2013 08:40:00","PJM",61847,31.80,-1.60,0.00
"12/28/2013 08:40:00","WEST",61752,32.17,-1.24,0.00
"12/28/2013 08:45:00","CAPITL",61757,35.88,1.87,0.00
"12/28/2013 08:45:00","CENTRL",61754,33.91,-0.10,0.00
"12/28/2013 08:45:00","DUNWOD",61760,36.87,2.86,0.00
"12/28/2013 08:45:00","GENESE",61753,33.43,-0.58,0.00
"12/28/2013 08:45:00","H Q",61844,0.00,-0.06,4.92
"12/28/2013 08:45:00","HUD VL",61758,38.29,4.29,0.00
"12/28/2013 08:45:00","LONGIL",61762,37.85,3.84,0.00
"12/28/2013 08:45:00","MHK VL",61756,35.06,1.06,0.00
"12/28/2013 08:45:00","MILLWD",61759,37.00,2.99,0.00
"12/28/2013 08:45:00","N.Y.C.",61761,36.93,2.93,0.00
"12/28/2013 08:45:00","NORTH",61755,32.85,-1.16,0.00
"12/28/2013 08:45:00","NPX",61845,118.11,0.57,-110.76
"12/28/2013 08:45:00","O H",61846,32.04,-1.97,0.00
"12/28/2013 08:45:00","PJM",61847,32.17,-1.84,0.00
"12/28/2013 08:45:00","WEST",61752,32.48,-1.53,0.00
"12/28/2013 08:50:00","CAPITL",61757,35.42,1.88,0.00
"12/28/2013 08:50:00","CENTRL",61754,33.51,-0.03,0.00
"12/28/2013 08:50:00","DUNWOD",61760,36.40,2.85,0.00
"12/28/2013 08:50:00","GENESE",61753,32.88,-0.67,0.00
"12/28/2013 08:50:00","H Q",61844,0.00,-0.02,1.19
"12/28/2013 08:50:00","HUD VL",61758,37.84,4.30,0.00
"12/28/2013 08:50:00","LONGIL",61762,37.40,3.86,0.00
"12/28/2013 08:50:00","MHK VL",61756,34.65,1.11,0.00
"12/28/2013 08:50:00","MILLWD",61759,36.53,2.98,0.00
"12/28/2013 08:50:00","N.Y.C.",61761,36.46,2.92,0.00
"12/28/2013 08:50:00","NORTH",61755,32.41,-1.14,0.00
"12/28/2013 08:50:00","NPX",61845,108.33,0.80,-98.06
"12/28/2013 08:50:00","O H",61846,31.57,-1.98,0.00
"12/28/2013 08:50:00","PJM",61847,31.97,-1.58,0.00
"12/28/2013 08:50:00","WEST",61752,31.97,-1.58,0.00
"12/28/2013 08:55:00","CAPITL",61757,38.86,2.02,0.00
"12/28/2013 08:55:00","CENTRL",61754,36.83,0.00,0.00
"12/28/2013 08:55:00","DUNWOD",61760,39.93,3.09,0.00
"12/28/2013 08:55:00","GENESE",61753,36.17,-0.66,0.00
"12/28/2013 08:55:00","H Q",61844,0.00,-0.02,1.19
"12/28/2013 08:55:00","HUD VL",61758,41.51,4.68,0.00
"12/28/2013 08:55:00","LONGIL",61762,41.03,4.20,0.00
"12/28/2013 08:55:00","MHK VL",61756,38.05,1.21,0.00
"12/28/2013 08:55:00","MILLWD",61759,40.11,3.28,0.00
"12/28/2013 08:55:00","N.Y.C.",61761,39.96,3.13,0.00
"12/28/2013 08:55:00","NORTH",61755,35.65,-1.18,0.00
"12/28/2013 08:55:00","NPX",61845,108.33,0.80,-98.06
"12/28/2013 08:55:00","O H",61846,34.73,-2.10,0.00
"12/28/2013 08:55:00","PJM",61847,35.14,-1.69,0.00
"12/28/2013 08:55:00","WEST",61752,35.21,-1.62,0.00
"12/28/2013 09:00:00","CAPITL",61757,20.27,1.04,0.00
"12/28/2013 09:00:00","CENTRL",61754,19.17,-0.06,0.00
"12/28/2013 09:00:00","DUNWOD",61760,20.77,1.54,0.00
"12/28/2013 09:00:00","GENESE",61753,18.87,-0.37,0.00
"12/28/2013 09:00:00","H Q",61844,0.00,-0.02,1.19
"12/28/2013 09:00:00","HUD VL",61758,21.62,2.38,0.00
"12/28/2013 09:00:00","LONGIL",61762,21.35,2.12,0.00
"12/28/2013 09:00:00","MHK VL",61756,19.83,0.60,0.00
"12/28/2013 09:00:00","MILLWD",61759,20.86,1.63,0.00
"12/28/2013 09:00:00","N.Y.C.",61761,20.81,1.58,0.00
"12/28/2013 09:00:00","NORTH",61755,18.65,-0.58,0.00
"12/28/2013 09:00:00","NPX",61845,108.33,0.80,-98.06
"12/28/2013 09:00:00","O H",61846,18.04,-1.19,0.00
"12/28/2013 09:00:00","PJM",61847,18.15,-1.08,0.00
"12/28/2013 09:00:00","WEST",61752,18.27,-0.96,0.00
"12/28/2013 09:05:00","CAPITL",61757,20.51,1.03,0.00
"12/28/2013 09:05:00","CENTRL",61754,19.32,-0.16,0.00
"12/28/2013 09:05:00","DUNWOD",61760,21.06,1.58,0.00
"12/28/2013 09:05:00","GENESE",61753,18.97,-0.51,0.00
"12/28/2013 09:05:00","H Q",61844,19.25,-0.23,0.00
"12/28/2013 09:05:00","HUD VL",61758,21.90,2.42,0.00
"12/28/2013 09:05:00","LONGIL",61762,21.64,2.16,0.00
"12/28/2013 09:05:00","MHK VL",61756,20.07,0.58,0.00
"12/28/2013 09:05:00","MILLWD",61759,21.14,1.65,0.00
"12/28/2013 09:05:00","N.Y.C.",61761,21.08,1.60,0.00
"12/28/2013 09:05:00","NORTH",61755,18.94,-0.55,0.00
"12/28/2013 09:05:00","NPX",61845,892.02,0.74,-882.07
"12/28/2013 09:05:00","O H",61846,18.02,-1.46,0.00
"12/28/2013 09:05:00","PJM",61847,18.10,-1.38,0.00
"12/28/2013 09:05:00","WEST",61752,18.25,-1.23,0.00
"12/28/2013 09:10:00","CAPITL",61757,27.11,1.36,0.00
"12/28/2013 09:10:00","CENTRL",61754,25.62,-0.13,0.00
"12/28/2013 09:10:00","DUNWOD",61760,27.81,2.06,0.00
"12/28/2013 09:10:00","GENESE",61753,25.08,-0.67,0.00
"12/28/2013 09:10:00","H Q",61844,25.41,-0.34,0.00
"12/28/2013 09:10:00","HUD VL",61758,28.94,3.19,0.00
"12/28/2013 09:10:00","LONGIL",61762,28.58,2.83,0.00
"12/28/2013 09:10:00","MHK VL",61756,26.55,0.80,0.00
"12/28/2013 09:10:00","MILLWD",61759,27.93,2.19,0.00
"12/28/2013 09:10:00","N.Y.C.",61761,27.83,2.08,0.00
"12/28/2013 09:10:00","NORTH",61755,25.03,-0.72,0.00
"12/28/2013 09:10:00","NPX",61845,892.02,0.74,-882.07
"12/28/2013 09:10:00","O H",61846,23.87,-1.88,0.00
"12/28/2013 09:10:00","PJM",61847,24.13,-1.62,0.00
"12/28/2013 09:10:00","WEST",61752,24.15,-1.60,0.00
"12/28/2013 09:15:00","CAPITL",61757,15.29,0.78,0.00
"12/28/2013 09:15:00","CENTRL",61754,14.46,-0.04,0.00
"12/28/2013 09:15:00","DUNWOD",61760,15.64,1.13,0.00
"12/28/2013 09:15:00","GENESE",61753,14.19,-0.32,0.00
"12/28/2013 09:15:00","H Q",61844,14.30,-0.20,0.00
"12/28/2013 09:15:00","HUD VL",61758,16.23,1.73,0.00
"12/28/2013 09:15:00","LONGIL",61762,16.07,1.57,0.00
"12/28/2013 09:15:00","MHK VL",61756,14.97,0.46,0.00
"12/28/2013 09:15:00","MILLWD",61759,15.71,1.20,0.00
"12/28/2013 09:15:00","N.Y.C.",61761,15.65,1.15,0.00
"12/28/2013 09:15:00","NORTH",61755,14.05,-0.45,0.00
"12/28/2013 09:15:00","NPX",61845,892.02,0.74,-882.07
"12/28/2013 09:15:00","O H",61846,13.53,-0.97,0.00
"12/28/2013 09:15:00","PJM",61847,13.66,-0.84,0.00
"12/28/2013 09:15:00","WEST",61752,13.69,-0.81,0.00
"12/28/2013 09:20:00","CAPITL",61757,14.35,0.75,0.00
"12/28/2013 09:20:00","CENTRL",61754,13.56,-0.04,0.00
"12/28/2013 09:20:00","DUNWOD",61760,14.67,1.06,0.00
"12/28/2013 09:20:00","GENESE",61753,13.28,-0.33,0.00
"12/28/2013 09:20:00","H Q",61844,13.41,-0.19,0.00
"12/28/2013 09:20:00","HUD VL",61758,15.22,1.62,0.00
"12/28/2013 09:20:00","LONGIL",61762,15.09,1.48,0.00
"12/28/2013 09:20:00","MHK VL",61756,14.04,0.44,0.00
"12/28/2013 09:20:00","MILLWD",61759,14.73,1.13,0.00
"12/28/2013 09:20:00","N.Y.C.",61761,14.68,1.07,0.00
"12/28/2013 09:20:00","NORTH",61755,13.18,-0.42,0.00
"12/28/2013 09:20:00","NPX",61845,124.41,0.28,-120.64
"12/28/2013 09:20:00","O H",61846,12.67,-0.94,0.00
"12/28/2013 09:20:00","PJM",61847,12.83,-0.77,0.00
"12/28/2013 09:20:00","WEST",61752,12.80,-0.80,0.00
"12/28/2013 09:25:00","CAPITL",61757,6.63,0.35,0.00
"12/28/2013 09:25:00","CENTRL",61754,6.26,-0.02,0.00
"12/28/2013 09:25:00","DUNWOD",61760,6.78,0.50,0.00
"12/28/2013 09:25:00","GENESE",61753,6.12,-0.16,0.00
"12/28/2013 09:25:00","H Q",61844,6.19,-0.09,0.00
"12/28/2013 09:25:00","HUD VL",61758,7.04,0.75,0.00
"12/28/2013 09:25:00","LONGIL",61762,6.97,0.68,0.00
"12/28/2013 09:25:00","MHK VL",61756,6.49,0.21,0.00
"12/28/2013 09:25:00","MILLWD",61759,6.81,0.53,0.00
"12/28/2013 09:25:00","N.Y.C.",61761,6.79,0.50,0.00
"12/28/2013 09:25:00","NORTH",61755,6.09,-0.19,0.00
"12/28/2013 09:25:00","NPX",61845,124.41,0.28,-120.64
"12/28/2013 09:25:00","O H",61846,5.83,-0.45,0.00
"12/28/2013 09:25:00","PJM",61847,5.92,-0.36,0.00
"12/28/2013 09:25:00","WEST",61752,5.89,-0.39,0.00
"12/28/2013 09:30:00","CAPITL",61757,32.39,1.69,0.00
"12/28/2013 09:30:00","CENTRL",61754,30.58,-0.12,0.00
"12/28/2013 09:30:00","DUNWOD",61760,33.19,2.49,0.00
"12/28/2013 09:30:00","GENESE",61753,29.78,-0.92,0.00
"12/28/2013 09:30:00","H Q",61844,30.27,-0.43,0.00
"12/28/2013 09:30:00","HUD VL",61758,34.45,3.74,0.00
"12/28/2013 09:30:00","LONGIL",61762,34.14,3.44,0.00
"12/28/2013 09:30:00","MHK VL",61756,31.71,1.01,0.00
"12/28/2013 09:30:00","MILLWD",61759,33.34,2.64,0.00
"12/28/2013 09:30:00","N.Y.C.",61761,33.22,2.52,0.00
"12/28/2013 09:30:00","NORTH",61755,29.75,-0.95,0.00
"12/28/2013 09:30:00","NPX",61845,124.41,0.28,-120.64
"12/28/2013 09:30:00","O H",61846,28.37,-2.33,0.00
"12/28/2013 09:30:00","PJM",61847,28.92,-1.78,0.00
"12/28/2013 09:30:00","WEST",61752,28.65,-2.06,0.00
"12/28/2013 09:35:00","CAPITL",61757,32.39,1.69,0.00
"12/28/2013 09:35:00","CENTRL",61754,30.58,-0.12,0.00
"12/28/2013 09:35:00","DUNWOD",61760,33.19,2.49,0.00
"12/28/2013 09:35:00","GENESE",61753,29.78,-0.92,0.00
"12/28/2013 09:35:00","H Q",61844,30.27,-0.43,0.00
"12/28/2013 09:35:00","HUD VL",61758,34.48,3.78,0.00
"12/28/2013 09:35:00","LONGIL",61762,34.14,3.44,0.00
"12/28/2013 09:35:00","MHK VL",61756,31.71,1.01,0.00
"12/28/2013 09:35:00","MILLWD",61759,33.34,2.64,0.00
"12/28/2013 09:35:00","N.Y.C.",61761,33.25,2.55,0.00
"12/28/2013 09:35:00","NORTH",61755,29.72,-0.98,0.00
"12/28/2013 09:35:00","NPX",61845,188.05,-0.47,-194.38
"12/28/2013 09:35:00","O H",61846,28.31,-2.39,0.00
"12/28/2013 09:35:00","PJM",61847,28.89,-1.81,0.00
"12/28/2013 09:35:00","WEST",61752,28.61,-2.09,0.00
"12/28/2013 09:40:00","CAPITL",61757,27.21,1.44,0.00
"12/28/2013 09:40:00","CENTRL",61754,25.70,-0.08,0.00
"12/28/2013 09:40:00","DUNWOD",61760,27.86,2.09,0.00
"12/28/2013 09:40:00","GENESE",61753,24.95,-0.83,0.00
"12/28/2013 09:40:00","H Q",61844,25.39,-0.39,0.00
"12/28/2013 09:40:00","HUD VL",61758,28.92,3.14,0.00
"12/28/2013 09:40:00","LONGIL",61762,28.63,2.86,0.00
"12/28/2013 09:40:00","MHK VL",61756,26.65,0.88,0.00
"12/28/2013 09:40:00","MILLWD",61759,27.99,2.22,0.00
"12/28/2013 09:40:00","N.Y.C.",61761,27.89,2.11,0.00
"12/28/2013 09:40:00","NORTH",61755,24.90,-0.88,0.00
"12/28/2013 09:40:00","NPX",61845,188.05,-0.47,-194.38
"12/28/2013 09:40:00","O H",61846,23.71,-2.06,0.00
"12/28/2013 09:40:00","PJM",61847,24.28,-1.50,0.00
"12/28/2013 09:40:00","WEST",61752,23.94,-1.83,0.00
"12/28/2013 09:45:00","CAPITL",61757,30.99,1.64,0.00
"12/28/2013 09:45:00","CENTRL",61754,29.17,-0.18,0.00
"12/28/2013 09:45:00","DUNWOD",61760,31.81,2.47,0.00
"12/28/2013 09:45:00","GENESE",61753,28.26,-1.09,0.00
"12/28/2013 09:45:00","H Q",61844,28.91,-0.44,0.00
"12/28/2013 09:45:00","HUD VL",61758,33.01,3.67,0.00
"12/28/2013 09:45:00","LONGIL",61762,32.72,3.37,0.00
"12/28/2013 09:45:00","MHK VL",61756,30.31,0.97,0.00
"12/28/2013 09:45:00","MILLWD",61759,31.96,2.61,0.00
"12/28/2013 09:45:00","N.Y.C.",61761,31.87,2.52,0.00
"12/28/2013 09:45:00","NORTH",61755,28.29,-1.06,0.00
"12/28/2013 09:45:00","NPX",61845,188.05,-0.47,-194.38
"12/28/2013 09:45:00","O H",61846,26.76,-2.58,0.00
"12/28/2013 09:45:00","PJM",61847,27.41,-1.94,0.00
"12/28/2013 09:45:00","WEST",61752,27.00,-2.35,0.00
"12/28/2013 09:50:00","CAPITL",61757,31.02,1.67,0.00
"12/28/2013 09:50:00","CENTRL",61754,29.17,-0.18,0.00
"12/28/2013 09:50:00","DUNWOD",61760,31.81,2.47,0.00
"12/28/2013 09:50:00","GENESE",61753,28.26,-1.09,0.00
"12/28/2013 09:50:00","H Q",61844,28.91,-0.44,0.00
"12/28/2013 09:50:00","HUD VL",61758,33.01,3.67,0.00
"12/28/2013 09:50:00","LONGIL",61762,32.69,3.34,0.00
"12/28/2013 09:50:00","MHK VL",61756,30.34,1.00,0.00
"12/28/2013 09:50:00","MILLWD",61759,31.96,2.61,0.00
"12/28/2013 09:50:00","N.Y.C.",61761,31.84,2.49,0.00
"12/28/2013 09:50:00","NORTH",61755,28.29,-1.06,0.00
"12/28/2013 09:50:00","NPX",61845,195.32,-0.56,-202.84
"12/28/2013 09:50:00","O H",61846,26.76,-2.58,0.00
"12/28/2013 09:50:00","PJM",61847,27.44,-1.91,0.00
"12/28/2013 09:50:00","WEST",61752,27.00,-2.35,0.00
"12/28/2013 09:55:00","CAPITL",61757,27.66,1.52,0.00
"12/28/2013 09:55:00","CENTRL",61754,25.96,-0.18,0.00
"12/28/2013 09:55:00","DUNWOD",61760,28.34,2.20,0.00
"12/28/2013 09:55:00","GENESE",61753,25.13,-1.02,0.00
"12/28/2013 09:55:00","H Q",61844,26.55,-0.35,2.65
"12/28/2013 09:55:00","HUD VL",61758,29.41,3.27,0.00
"12/28/2013 09:55:00","LONGIL",61762,29.10,2.95,0.00
"12/28/2013 09:55:00","MHK VL",61756,27.04,0.89,0.00
"12/28/2013 09:55:00","MILLWD",61759,28.45,2.30,0.00
"12/28/2013 09:55:00","N.Y.C.",61761,28.37,2.22,0.00
"12/28/2013 09:55:00","NORTH",61755,25.21,-0.94,0.00
"12/28/2013 09:55:00","NPX",61845,195.32,-0.56,-202.84
"12/28/2013 09:55:00","O H",61846,23.79,-2.35,0.00
"12/28/2013 09:55:00","PJM",61847,24.42,-1.73,0.00
"12/28/2013 09:55:00","WEST",61752,24.00,-2.14,0.00
"12/28/2013 10:00:00","CAPITL",61757,31.23,1.87,-0.58
"12/28/2013 10:00:00","CENTRL",61754,28.71,-0.14,-0.07
"12/28/2013 10:00:00","DUNWOD",61760,31.80,2.59,-0.42
"12/28/2013 10:00:00","GENESE",61753,27.80,-1.04,-0.05
"12/28/2013 10:00:00","H Q",61844,28.24,-0.55,0.00
"12/28/2013 10:00:00","HUD VL",61758,32.98,3.77,-0.43
"12/28/2013 10:00:00","LONGIL",61762,32.84,3.63,-0.43
"12/28/2013 10:00:00","MHK VL",61756,29.64,0.78,-0.07
"12/28/2013 10:00:00","MILLWD",61759,31.92,2.71,-0.43
"12/28/2013 10:00:00","N.Y.C.",61761,31.80,2.59,-0.43
"12/28/2013 10:00:00","NORTH",61755,27.49,-1.29,0.00
"12/28/2013 10:00:00","NPX",61845,195.32,-0.56,-202.84
"12/28/2013 10:00:00","O H",61846,26.35,-2.50,-0.07
"12/28/2013 10:00:00","PJM",61847,27.09,-1.78,-0.09
"12/28/2013 10:00:00","WEST",61752,26.61,-2.25,-0.07
"12/28/2013 10:03:24","CAPITL",61757,81.37,-2.07,-113.52
"12/28/2013 10:03:24","CENTRL",61754,-16.66,-0.12,-13.54
"12/28/2013 10:03:24","DUNWOD",61760,50.68,-2.59,-83.34
"12/28/2013 10:03:24","GENESE",61753,-18.95,0.69,-10.43
"12/28/2013 10:03:24","H Q",61844,-0.01,-0.27,11.69
"12/28/2013 10:03:24","HUD VL",61758,49.46,-3.88,-83.41
"12/28/2013 10:03:24","LONGIL",61762,49.60,-3.73,-83.41
"12/28/2013 10:03:24","MHK VL",61756,-16.62,-0.81,-14.27
"12/28/2013 10:03:24","MILLWD",61759,51.30,-2.74,-84.11
"12/28/2013 10:03:24","N.Y.C.",61761,50.79,-2.53,-83.39
"12/28/2013 10:03:24","NORTH",61755,-28.72,1.35,0.00
"12/28/2013 10:03:24","NPX",61845,296.90,0.28,-293.06
"12/28/2013 10:03:24","O H",61846,18.19,-0.26,-14.89
"12/28/2013 10:03:24","PJM",61847,-11.57,1.26,-17.24
"12/28/2013 10:03:24","WEST",61752,-14.93,1.65,-13.49
"12/28/2013 10:05:00","CAPITL",61757,47.36,1.43,-24.96
"12/28/2013 10:05:00","CENTRL",61754,23.97,0.04,-2.96
"12/28/2013 10:05:00","DUNWOD",61760,41.24,1.95,-18.32
"12/28/2013 10:05:00","GENESE",61753,22.72,-0.55,-2.30
"12/28/2013 10:05:00","H Q",61844,0.00,-0.27,11.68
"12/28/2013 10:05:00","HUD VL",61758,42.06,2.75,-18.34
"12/28/2013 10:05:00","LONGIL",61762,42.04,2.73,-18.34
"12/28/2013 10:05:00","MHK VL",61756,24.56,0.48,-3.11
"12/28/2013 10:05:00","MILLWD",61759,41.49,2.03,-18.49
"12/28/2013 10:05:00","N.Y.C.",61761,41.23,1.93,-18.33
"12/28/2013 10:05:00","NORTH",61755,19.84,-1.13,0.00
"12/28/2013 10:05:00","NPX",61845,296.90,0.28,-293.06
"12/28/2013 10:05:00","O H",61846,18.19,-0.26,-14.89
"12/28/2013 10:05:00","PJM",61847,23.80,-0.96,-3.79
"12/28/2013 10:05:00","WEST",61752,22.64,-1.30,-2.96
"12/28/2013 10:05:06","CAPITL",61757,47.36,1.43,-24.96
"12/28/2013 10:05:06","CENTRL",61754,23.97,0.04,-2.96
"12/28/2013 10:05:06","DUNWOD",61760,41.24,1.95,-18.32
"12/28/2013 10:05:06","GENESE",61753,22.72,-0.55,-2.30
"12/28/2013 10:05:06","H Q",61844,0.00,-0.27,11.68
"12/28/2013 10:05:06","HUD VL",61758,42.06,2.75,-18.34
"12/28/2013 10:05:06","LONGIL",61762,42.04,2.73,-18.34
"12/28/2013 10:05:06","MHK VL",61756,24.56,0.48,-3.11
"12/28/2013 10:05:06","MILLWD",61759,41.49,2.03,-18.49
"12/28/2013 10:05:06","N.Y.C.",61761,41.23,1.93,-18.33
"12/28/2013 10:05:06","NORTH",61755,19.84,-1.13,0.00
"12/28/2013 10:05:06","NPX",61845,296.90,0.28,-293.06
"12/28/2013 10:05:06","O H",61846,18.19,-0.26,-14.89
"12/28/2013 10:05:06","PJM",61847,23.80,-0.96,-3.79
"12/28/2013 10:05:06","WEST",61752,22.64,-1.30,-2.96
"12/28/2013 10:10:00","CAPITL",61757,46.67,1.63,-20.28
"12/28/2013 10:10:00","CENTRL",61754,27.16,0.00,-2.40
"12/28/2013 10:10:00","DUNWOD",61760,41.95,2.30,-14.89
"12/28/2013 10:10:00","GENESE",61753,25.85,-0.77,-1.87
"12/28/2013 10:10:00","H Q",61844,0.00,-0.27,11.68
"12/28/2013 10:10:00","HUD VL",61758,42.90,3.24,-14.90
"12/28/2013 10:10:00","LONGIL",61762,42.93,3.27,-14.90
"12/28/2013 10:10:00","MHK VL",61756,27.87,0.59,-2.52
"12/28/2013 10:10:00","MILLWD",61759,42.21,2.43,-15.02
"12/28/2013 10:10:00","N.Y.C.",61761,41.95,2.30,-14.90
"12/28/2013 10:10:00","NORTH",61755,23.67,-1.09,0.00
"12/28/2013 10:10:00","NPX",61845,296.90,0.28,-293.06
"12/28/2013 10:10:00","O H",61846,18.19,-0.26,-14.89
"12/28/2013 10:10:00","PJM",61847,26.55,-1.29,-3.08
"12/28/2013 10:10:00","WEST",61752,25.43,-1.73,-2.41
"12/28/2013 10:15:00","CAPITL",61757,46.67,1.63,-20.28
"12/28/2013 10:15:00","CENTRL",61754,27.16,0.00,-2.40
"12/28/2013 10:15:00","DUNWOD",61760,41.95,2.30,-14.89
"12/28/2013 10:15:00","GENESE",61753,25.85,-0.77,-1.87
"12/28/2013 10:15:00","H Q",61844,0.00,-0.27,11.68
"12/28/2013 10:15:00","HUD VL",61758,42.90,3.24,-14.90
"12/28/2013 10:15:00","LONGIL",61762,42.93,3.27,-14.90
"12/28/2013 10:15:00","MHK VL",61756,27.87,0.59,-2.52
"12/28/2013 10:15:00","MILLWD",61759,42.21,2.43,-15.02
"12/28/2013 10:15:00","N.Y.C.",61761,41.95,2.30,-14.90
"12/28/2013 10:15:00","NORTH",61755,23.67,-1.09,0.00
"12/28/2013 10:15:00","NPX",61845,296.90,0.28,-293.06
"12/28/2013 10:15:00","O H",61846,18.19,-0.26,-14.89
"12/28/2013 10:15:00","PJM",61847,26.55,-1.29,-3.08
"12/28/2013 10:15:00","WEST",61752,25.43,-1.73,-2.41
"12/28/2013 10:20:00","CAPITL",61757,44.79,1.67,-18.24
"12/28/2013 10:20:00","CENTRL",61754,26.99,-0.05,-2.16
"12/28/2013 10:20:00","DUNWOD",61760,40.61,2.34,-13.39
"12/28/2013 10:20:00","GENESE",61753,25.79,-0.77,-1.68
"12/28/2013 10:20:00","H Q",61844,13.48,-0.32,0.00
"12/28/2013 10:20:00","HUD VL",61758,41.57,3.28,-13.40
"12/28/2013 10:20:00","LONGIL",61762,41.57,3.28,-13.40
"12/28/2013 10:20:00","MHK VL",61756,27.72,0.57,-2.27
"12/28/2013 10:20:00","MILLWD",61759,40.85,2.46,-13.51
"12/28/2013 10:20:00","N.Y.C.",61761,40.64,2.36,-13.40
"12/28/2013 10:20:00","NORTH",61755,23.66,-1.22,0.00
"12/28/2013 10:20:00","NPX",61845,90.02,0.67,-80.78
"12/28/2013 10:20:00","O H",61846,18.98,-0.63,-11.04
"12/28/2013 10:20:00","PJM",61847,26.18,-1.47,-2.77
"12/28/2013 10:20:00","WEST",61752,25.25,-1.79,-2.17
"12/28/2013 10:25:00","CAPITL",61757,44.92,1.79,-16.43
"12/28/2013 10:25:00","CENTRL",61754,28.57,-0.08,-1.95
"12/28/2013 10:25:00","DUNWOD",61760,41.27,2.51,-12.06
"12/28/2013 10:25:00","GENESE",61753,27.33,-0.88,-1.51
"12/28/2013 10:25:00","H Q",61844,13.48,-0.32,0.00
"12/28/2013 10:25:00","HUD VL",61758,42.30,3.52,-12.07
"12/28/2013 10:25:00","LONGIL",61762,42.27,3.50,-12.07
"12/28/2013 10:25:00","MHK VL",61756,29.38,0.64,-2.04
"12/28/2013 10:25:00","MILLWD",61759,41.49,2.62,-12.17
"12/28/2013 10:25:00","N.Y.C.",61761,41.28,2.51,-12.07
"12/28/2013 10:25:00","NORTH",61755,25.42,-1.28,0.00
"12/28/2013 10:25:00","NPX",61845,90.02,0.67,-80.78
"12/28/2013 10:25:00","O H",61846,18.98,-0.63,-11.04
"12/28/2013 10:25:00","PJM",61847,27.54,-1.66,-2.49
"12/28/2013 10:25:00","WEST",61752,26.65,-2.00,-1.95
"12/28/2013 10:30:00","CAPITL",61757,41.77,2.15,-7.54
"12/28/2013 10:30:00","CENTRL",61754,32.88,-0.10,-0.89
"12/28/2013 10:30:00","DUNWOD",61760,40.63,3.01,-5.53
"12/28/2013 10:30:00","GENESE",61753,31.69,-1.09,-0.69
"12/28/2013 10:30:00","H Q",61844,13.48,-0.32,0.00
"12/28/2013 10:30:00","HUD VL",61758,41.86,4.23,-5.54
"12/28/2013 10:30:00","LONGIL",61762,41.86,4.23,-5.54
"12/28/2013 10:30:00","MHK VL",61756,33.79,0.77,-0.94
"12/28/2013 10:30:00","MILLWD",61759,40.85,3.18,-5.59
"12/28/2013 10:30:00","N.Y.C.",61761,40.64,3.01,-5.54
"12/28/2013 10:30:00","NORTH",61755,30.54,-1.54,0.00
"12/28/2013 10:30:00","NPX",61845,90.02,0.67,-80.78
"12/28/2013 10:30:00","O H",61846,18.98,-0.63,-11.04
"12/28/2013 10:30:00","PJM",61847,31.27,-1.96,-1.15
"12/28/2013 10:30:00","WEST",61752,30.54,-2.44,-0.90
"12/28/2013 10:35:00","CAPITL",61757,42.78,2.16,-8.45
"12/28/2013 10:35:00","CENTRL",61754,33.08,-0.10,-1.00
"12/28/2013 10:35:00","DUNWOD",61760,41.40,3.02,-6.20
"12/28/2013 10:35:00","GENESE",61753,31.86,-1.09,-0.78
"12/28/2013 10:35:00","H Q",61844,31.47,-0.71,0.00
"12/28/2013 10:35:00","HUD VL",61758,42.63,4.25,-6.21
"12/28/2013 10:35:00","LONGIL",61762,42.67,4.28,-6.21
"12/28/2013 10:35:00","MHK VL",61756,34.03,0.80,-1.05
"12/28/2013 10:35:00","MILLWD",61759,41.62,3.19,-6.26
"12/28/2013 10:35:00","N.Y.C.",61761,41.41,3.02,-6.21
"12/28/2013 10:35:00","NORTH",61755,30.66,-1.51,0.00
"12/28/2013 10:35:00","NPX",61845,90.11,0.67,-80.88
"12/28/2013 10:35:00","O H",61846,19.04,-0.64,-11.12
"12/28/2013 10:35:00","PJM",61847,31.53,-1.93,-1.28
"12/28/2013 10:35:00","WEST",61752,30.77,-2.41,-1.00
"12/28/2013 10:40:00","CAPITL",61757,43.92,2.12,-10.09
"12/28/2013 10:40:00","CENTRL",61754,32.80,-0.09,-1.20
"12/28/2013 10:40:00","DUNWOD",61760,42.09,2.98,-7.41
"12/28/2013 10:40:00","GENESE",61753,31.55,-1.08,-0.93
"12/28/2013 10:40:00","H Q",61844,31.01,-0.70,0.00
"12/28/2013 10:40:00","HUD VL",61758,43.30,4.18,-7.42
"12/28/2013 10:40:00","LONGIL",61762,43.34,4.22,-7.42
"12/28/2013 10:40:00","MHK VL",61756,33.72,0.76,-1.26
"12/28/2013 10:40:00","MILLWD",61759,42.32,3.14,-7.48
"12/28/2013 10:40:00","N.Y.C.",61761,42.10,2.98,-7.41
"12/28/2013 10:40:00","NORTH",61755,30.18,-1.52,0.00
"12/28/2013 10:40:00","NPX",61845,90.11,0.67,-80.88
"12/28/2013 10:40:00","O H",61846,19.04,-0.64,-11.12
"12/28/2013 10:40:00","PJM",61847,31.30,-1.93,-1.53
"12/28/2013 10:40:00","WEST",61752,30.49,-2.41,-1.20
"12/28/2013 10:45:00","CAPITL",61757,44.71,1.94,-13.43
"12/28/2013 10:45:00","CENTRL",61754,30.85,-0.09,-1.59
"12/28/2013 10:45:00","DUNWOD",61760,41.96,2.76,-9.86
"12/28/2013 10:45:00","GENESE",61753,29.58,-1.00,-1.24
"12/28/2013 10:45:00","H Q",61844,28.70,-0.65,0.00
"12/28/2013 10:45:00","HUD VL",61758,43.09,3.87,-9.87
"12/28/2013 10:45:00","LONGIL",61762,43.12,3.90,-9.87
"12/28/2013 10:45:00","MHK VL",61756,31.72,0.70,-1.67
"12/28/2013 10:45:00","MILLWD",61759,42.20,2.91,-9.95
"12/28/2013 10:45:00","N.Y.C.",61761,42.00,2.79,-9.87
"12/28/2013 10:45:00","NORTH",61755,27.99,-1.35,0.00
"12/28/2013 10:45:00","NPX",61845,90.11,0.67,-80.88
"12/28/2013 10:45:00","O H",61846,19.04,-0.64,-11.12
"12/28/2013 10:45:00","PJM",61847,29.54,-1.85,-2.04
"12/28/2013 10:45:00","WEST",61752,28.68,-2.26,-1.60
"12/28/2013 10:50:00","CAPITL",61757,46.83,1.63,-20.42
"12/28/2013 10:50:00","CENTRL",61754,27.07,-0.12,-2.42
"12/28/2013 10:50:00","DUNWOD",61760,42.09,2.33,-14.99
"12/28/2013 10:50:00","GENESE",61753,25.81,-0.84,-1.88
"12/28/2013 10:50:00","H Q",61844,24.25,-0.52,0.00
"12/28/2013 10:50:00","HUD VL",61758,43.05,3.27,-15.01
"12/28/2013 10:50:00","LONGIL",61762,43.08,3.30,-15.01
"12/28/2013 10:50:00","MHK VL",61756,27.91,0.59,-2.54
"12/28/2013 10:50:00","MILLWD",61759,42.36,2.45,-15.13
"12/28/2013 10:50:00","N.Y.C.",61761,42.10,2.33,-15.00
"12/28/2013 10:50:00","NORTH",61755,23.66,-1.11,0.00
"12/28/2013 10:50:00","NPX",61845,105.61,0.47,-99.11
"12/28/2013 10:50:00","O H",61846,19.21,-0.45,-13.63
"12/28/2013 10:50:00","PJM",61847,26.19,-1.69,-3.10
"12/28/2013 10:50:00","WEST",61752,25.27,-1.93,-2.43
"12/28/2013 10:55:00","CAPITL",61757,45.82,1.64,-19.33
"12/28/2013 10:55:00","CENTRL",61754,27.02,-0.12,-2.29
"12/28/2013 10:55:00","DUNWOD",61760,41.38,2.34,-14.19
"12/28/2013 10:55:00","GENESE",61753,25.79,-0.85,-1.78
"12/28/2013 10:55:00","H Q",61844,24.33,-0.52,0.00
"12/28/2013 10:55:00","HUD VL",61758,42.31,3.25,-14.20
"12/28/2013 10:55:00","LONGIL",61762,42.34,3.28,-14.20
"12/28/2013 10:55:00","MHK VL",61756,27.83,0.57,-2.41
"12/28/2013 10:55:00","MILLWD",61759,41.61,2.44,-14.32
"12/28/2013 10:55:00","N.Y.C.",61761,41.38,2.34,-14.20
"12/28/2013 10:55:00","NORTH",61755,23.76,-1.09,0.00
"12/28/2013 10:55:00","NPX",61845,105.61,0.47,-99.11
"12/28/2013 10:55:00","O H",61846,19.21,-0.45,-13.63
"12/28/2013 10:55:00","PJM",61847,26.10,-1.69,-2.94
"12/28/2013 10:55:00","WEST",61752,25.23,-1.91,-2.30
"12/28/2013 11:00:00","CAPITL",61757,45.80,1.64,-19.34
"12/28/2013 11:00:00","CENTRL",61754,27.02,-0.10,-2.29
"12/28/2013 11:00:00","DUNWOD",61760,41.38,2.36,-14.19
"12/28/2013 11:00:00","GENESE",61753,25.79,-0.82,-1.78
"12/28/2013 11:00:00","H Q",61844,24.28,-0.55,0.00
"12/28/2013 11:00:00","HUD VL",61758,42.34,3.30,-14.21
"12/28/2013 11:00:00","LONGIL",61762,59.10,3.33,-30.94
"12/28/2013 11:00:00","MHK VL",61756,27.78,0.55,-2.41
"12/28/2013 11:00:00","MILLWD",61759,41.63,2.48,-14.32
"12/28/2013 11:00:00","N.Y.C.",61761,41.39,2.36,-14.20
"12/28/2013 11:00:00","NORTH",61755,23.71,-1.12,0.00
"12/28/2013 11:00:00","NPX",61845,105.61,0.47,-99.11
"12/28/2013 11:00:00","O H",61846,19.21,-0.45,-13.63
"12/28/2013 11:00:00","PJM",61847,26.17,-1.59,-2.94
"12/28/2013 11:00:00","WEST",61752,25.26,-1.86,-2.30
"12/28/2013 11:05:00","CAPITL",61757,42.48,1.80,-13.77
"12/28/2013 11:05:00","CENTRL",61754,28.51,-0.03,-1.63
"12/28/2013 11:05:00","DUNWOD",61760,39.63,2.61,-10.11
"12/28/2013 11:05:00","GENESE",61753,27.37,-0.81,-1.27
"12/28/2013 11:05:00","H Q",61844,26.29,-0.62,0.00
"12/28/2013 11:05:00","HUD VL",61758,40.63,3.61,-10.12
"12/28/2013 11:05:00","LONGIL",61762,46.38,3.66,-15.81
"12/28/2013 11:05:00","MHK VL",61756,29.24,0.62,-1.71
"12/28/2013 11:05:00","MILLWD",61759,39.82,2.72,-10.20
"12/28/2013 11:05:00","N.Y.C.",61761,39.63,2.61,-10.11
"12/28/2013 11:05:00","NORTH",61755,25.67,-1.24,0.00
"12/28/2013 11:05:00","NPX",61845,115.00,1.41,-96.45
"12/28/2013 11:05:00","O H",61846,26.44,-2.15,-1.68
"12/28/2013 11:05:00","PJM",61847,27.47,-1.53,-2.09
"12/28/2013 11:05:00","WEST",61752,26.66,-1.88,-1.64
"12/28/2013 11:10:00","CAPITL",61757,44.69,1.61,-19.05
"12/28/2013 11:10:00","CENTRL",61754,26.24,-0.05,-2.26
"12/28/2013 11:10:00","DUNWOD",61760,40.30,2.28,-13.98
"12/28/2013 11:10:00","GENESE",61753,25.07,-0.72,-1.75
"12/28/2013 11:10:00","H Q",61844,23.48,-0.55,0.00
"12/28/2013 11:10:00","HUD VL",61758,41.23,3.20,-14.00
"12/28/2013 11:10:00","LONGIL",61762,57.62,3.22,-30.36
"12/28/2013 11:10:00","MHK VL",61756,26.96,0.55,-2.37
"12/28/2013 11:10:00","MILLWD",61759,40.55,2.40,-14.11
"12/28/2013 11:10:00","N.Y.C.",61761,40.33,2.31,-13.99
"12/28/2013 11:10:00","NORTH",61755,22.93,-1.11,0.00
"12/28/2013 11:10:00","NPX",61845,115.00,1.41,-96.45
"12/28/2013 11:10:00","O H",61846,24.42,-1.95,-2.33
"12/28/2013 11:10:00","PJM",61847,25.41,-1.51,-2.89
"12/28/2013 11:10:00","WEST",61752,24.59,-1.71,-2.26
"12/28/2013 11:15:00","CAPITL",61757,43.42,1.67,-16.80
"12/28/2013 11:15:00","CENTRL",61754,26.80,-0.12,-1.97
"12/28/2013 11:15:00","DUNWOD",61760,39.62,2.34,-12.33
"12/28/2013 11:15:00","GENESE",61753,25.75,-0.75,-1.55
"12/28/2013 11:15:00","H Q",61844,24.42,-0.53,0.00
"12/28/2013 11:15:00","HUD VL",61758,40.54,3.27,-12.33
"12/28/2013 11:15:00","LONGIL",61762,40.40,3.12,-12.33
"12/28/2013 11:15:00","MHK VL",61756,27.50,0.52,-2.03
"12/28/2013 11:15:00","MILLWD",61759,39.83,2.45,-12.44
"12/28/2013 11:15:00","N.Y.C.",61761,39.65,2.37,-12.33
"12/28/2013 11:15:00","NORTH",61755,23.90,-1.05,0.00
"12/28/2013 11:15:00","NPX",61845,115.00,1.41,-96.45
"12/28/2013 11:15:00","O H",61846,24.91,-2.10,-2.05
"12/28/2013 11:15:00","PJM",61847,25.78,-1.72,-2.55
"12/28/2013 11:15:00","WEST",61752,25.10,-1.85,-1.99
"12/28/2013 11:20:00","CAPITL",61757,40.37,1.80,-11.29
"12/28/2013 11:20:00","CENTRL",61754,28.49,-0.11,-1.33
"12/28/2013 11:20:00","DUNWOD",61760,38.15,2.59,-8.28
"12/28/2013 11:20:00","GENESE",61753,27.47,-0.85,-1.04
"12/28/2013 11:20:00","H Q",61844,26.70,-0.57,0.00
"12/28/2013 11:20:00","HUD VL",61758,39.16,3.60,-8.29
"12/28/2013 11:20:00","LONGIL",61762,39.09,3.52,-8.29
"12/28/2013 11:20:00","MHK VL",61756,29.21,0.57,-1.36
"12/28/2013 11:20:00","MILLWD",61759,38.36,2.73,-8.36
"12/28/2013 11:20:00","N.Y.C.",61761,38.18,2.62,-8.29
"12/28/2013 11:20:00","NORTH",61755,26.15,-1.12,0.00
"12/28/2013 11:20:00","NPX",61845,138.00,1.18,-122.43
"12/28/2013 11:20:00","O H",61846,26.36,-2.29,-1.38
"12/28/2013 11:20:00","PJM",61847,27.19,-1.80,-1.71
"12/28/2013 11:20:00","WEST",61752,26.60,-2.02,-1.34
"12/28/2013 11:25:00","CAPITL",61757,42.14,1.62,-15.98
"12/28/2013 11:25:00","CENTRL",61754,26.37,-0.05,-1.88
"12/28/2013 11:25:00","DUNWOD",61760,38.63,2.36,-11.72
"12/28/2013 11:25:00","GENESE",61753,25.23,-0.79,-1.47
"12/28/2013 11:25:00","H Q",61844,24.01,-0.54,0.00
"12/28/2013 11:25:00","HUD VL",61758,39.54,3.27,-11.72
"12/28/2013 11:25:00","LONGIL",61762,52.99,3.29,-25.15
"12/28/2013 11:25:00","MHK VL",61756,27.02,0.54,-1.93
"12/28/2013 11:25:00","MILLWD",61759,38.83,2.45,-11.83
"12/28/2013 11:25:00","N.Y.C.",61761,38.63,2.36,-11.73
"12/28/2013 11:25:00","NORTH",61755,23.52,-1.03,0.00
"12/28/2013 11:25:00","NPX",61845,138.00,1.18,-122.43
"12/28/2013 11:25:00","O H",61846,24.46,-2.04,-1.95
"12/28/2013 11:25:00","PJM",61847,25.50,-1.47,-2.42
"12/28/2013 11:25:00","WEST",61752,24.63,-1.82,-1.90
"12/28/2013 11:30:00","CAPITL",61757,51.10,1.48,-27.19
"12/28/2013 11:30:00","CENTRL",61754,25.60,-0.02,-3.19
"12/28/2013 11:30:00","DUNWOD",61760,44.53,2.15,-19.95
"12/28/2013 11:30:00","GENESE",61753,24.26,-0.67,-2.50
"12/28/2013 11:30:00","H Q",61844,21.92,-0.52,0.00
"12/28/2013 11:30:00","HUD VL",61758,45.37,2.98,-19.95
"12/28/2013 11:30:00","LONGIL",61762,54.53,3.01,-29.09
"12/28/2013 11:30:00","MHK VL",61756,26.21,0.49,-3.28
"12/28/2013 11:30:00","MILLWD",61759,44.81,2.24,-20.13
"12/28/2013 11:30:00","N.Y.C.",61761,44.55,2.15,-19.96
"12/28/2013 11:30:00","NORTH",61755,21.49,-0.94,0.00
"12/28/2013 11:30:00","NPX",61845,138.00,1.18,-122.43
"12/28/2013 11:30:00","O H",61846,23.94,-1.82,-3.33
"12/28/2013 11:30:00","PJM",61847,25.30,-1.26,-4.13
"12/28/2013 11:30:00","WEST",61752,24.07,-1.59,-3.23
"12/28/2013 11:35:00","CAPITL",61757,47.03,1.77,-18.89
"12/28/2013 11:35:00","CENTRL",61754,28.56,-0.03,-2.22
"12/28/2013 11:35:00","DUNWOD",61760,42.76,2.53,-13.86
"12/28/2013 11:35:00","GENESE",61753,27.29,-0.82,-1.74
"12/28/2013 11:35:00","H Q",61844,25.76,-0.61,0.00
"12/28/2013 11:35:00","HUD VL",61758,43.74,3.51,-13.86
"12/28/2013 11:35:00","LONGIL",61762,43.65,3.40,-13.87
"12/28/2013 11:35:00","MHK VL",61756,29.23,0.58,-2.28
"12/28/2013 11:35:00","MILLWD",61759,42.99,2.64,-13.99
"12/28/2013 11:35:00","N.Y.C.",61761,42.77,2.53,-13.87
"12/28/2013 11:35:00","NORTH",61755,25.24,-1.13,0.00
"12/28/2013 11:35:00","NPX",61845,73.47,1.18,-57.92
"12/28/2013 11:35:00","O H",61846,26.54,-2.14,-2.31
"12/28/2013 11:35:00","PJM",61847,27.79,-1.45,-2.87
"12/28/2013 11:35:00","WEST",61752,26.71,-1.90,-2.24
"12/28/2013 11:40:00","CAPITL",61757,45.69,1.80,-16.96
"12/28/2013 11:40:00","CENTRL",61754,28.89,-0.03,-1.99
"12/28/2013 11:40:00","DUNWOD",61760,41.95,2.59,-12.44
"12/28/2013 11:40:00","GENESE",61753,27.62,-0.86,-1.56
"12/28/2013 11:40:00","H Q",61844,26.31,-0.62,0.00
"12/28/2013 11:40:00","HUD VL",61758,42.95,3.58,-12.44
"12/28/2013 11:40:00","LONGIL",61762,42.83,3.45,-12.45
"12/28/2013 11:40:00","MHK VL",61756,29.57,0.59,-2.05
"12/28/2013 11:40:00","MILLWD",61759,42.17,2.69,-12.55
"12/28/2013 11:40:00","N.Y.C.",61761,41.99,2.61,-12.45
"12/28/2013 11:40:00","NORTH",61755,25.80,-1.13,0.00
"12/28/2013 11:40:00","NPX",61845,73.47,1.18,-57.92
"12/28/2013 11:40:00","O H",61846,26.79,-2.21,-2.07
"12/28/2013 11:40:00","PJM",61847,28.02,-1.48,-2.57
"12/28/2013 11:40:00","WEST",61752,26.98,-1.96,-2.01
"12/28/2013 11:45:00","CAPITL",61757,52.48,1.41,-29.99
"12/28/2013 11:45:00","CENTRL",61754,24.56,-0.04,-3.52
"12/28/2013 11:45:00","DUNWOD",61760,45.11,2.02,-22.00
"12/28/2013 11:45:00","GENESE",61753,23.19,-0.65,-2.76
"12/28/2013 11:45:00","H Q",61844,20.60,-0.48,0.00
"12/28/2013 11:45:00","HUD VL",61758,45.87,2.78,-22.01
"12/28/2013 11:45:00","LONGIL",61762,45.86,2.76,-22.02
"12/28/2013 11:45:00","MHK VL",61756,25.17,0.46,-3.62
"12/28/2013 11:45:00","MILLWD",61759,45.41,2.13,-22.20
"12/28/2013 11:45:00","N.Y.C.",61761,45.14,2.04,-22.01
"12/28/2013 11:45:00","NORTH",61755,20.20,-0.88,0.00
"12/28/2013 11:45:00","NPX",61845,73.47,1.18,-57.92
"12/28/2013 11:45:00","O H",61846,23.00,-1.75,-3.67
"12/28/2013 11:45:00","PJM",61847,24.35,-1.29,-4.55
"12/28/2013 11:45:00","WEST",61752,23.10,-1.54,-3.56
"12/28/2013 11:50:00","CAPITL",61757,47.42,1.54,-22.82
"12/28/2013 11:50:00","CENTRL",61754,25.67,-0.07,-2.68
"12/28/2013 11:50:00","DUNWOD",61760,42.01,2.21,-16.74
"12/28/2013 11:50:00","GENESE",61753,24.39,-0.76,-2.10
"12/28/2013 11:50:00","H Q",61844,22.55,-0.51,0.00
"12/28/2013 11:50:00","HUD VL",61758,42.82,3.02,-16.74
"12/28/2013 11:50:00","LONGIL",61762,42.76,2.95,-16.76
"12/28/2013 11:50:00","MHK VL",61756,26.30,0.48,-2.76
"12/28/2013 11:50:00","MILLWD",61759,42.25,2.31,-16.89
"12/28/2013 11:50:00","N.Y.C.",61761,42.02,2.21,-16.75
"12/28/2013 11:50:00","NORTH",61755,22.13,-0.92,0.00
"12/28/2013 11:50:00","NPX",61845,73.53,1.18,-58.01
"12/28/2013 11:50:00","O H",61846,23.91,-1.94,-2.79
"12/28/2013 11:50:00","PJM",61847,25.09,-1.43,-3.46
"12/28/2013 11:50:00","WEST",61752,24.03,-1.73,-2.71
"12/28/2013 11:55:00","CAPITL",61757,45.79,1.67,-19.27
"12/28/2013 11:55:00","CENTRL",61754,27.02,-0.10,-2.26
"12/28/2013 11:55:00","DUNWOD",61760,41.38,2.39,-14.14
"12/28/2013 11:55:00","GENESE",61753,25.71,-0.92,-1.77
"12/28/2013 11:55:00","H Q",61844,24.33,-0.52,0.00
"12/28/2013 11:55:00","HUD VL",61758,42.25,3.26,-14.14
"12/28/2013 11:55:00","LONGIL",61762,42.19,3.18,-14.15
"12/28/2013 11:55:00","MHK VL",61756,27.70,0.52,-2.33
"12/28/2013 11:55:00","MILLWD",61759,41.60,2.49,-14.26
"12/28/2013 11:55:00","N.Y.C.",61761,41.41,2.41,-14.14
"12/28/2013 11:55:00","NORTH",61755,23.94,-0.92,0.00
"12/28/2013 11:55:00","NPX",61845,73.53,1.18,-58.01
"12/28/2013 11:55:00","O H",61846,24.97,-2.24,-2.36
"12/28/2013 11:55:00","PJM",61847,26.21,-1.57,-2.92
"12/28/2013 11:55:00","WEST",61752,25.15,-1.99,-2.29
"12/28/2013 12:00:00","CAPITL",61757,38.07,2.02,-5.45
"12/28/2013 12:00:00","CENTRL",61754,31.09,-0.15,-0.64
"12/28/2013 12:00:00","DUNWOD",61760,37.54,2.94,-4.00
"12/28/2013 12:00:00","GENESE",61753,29.91,-1.19,-0.50
"12/28/2013 12:00:00","H Q",61844,29.99,-0.61,0.00
"12/28/2013 12:00:00","HUD VL",61758,38.61,4.01,-4.00
"12/28/2013 12:00:00","LONGIL",61762,38.58,3.98,-4.00
"12/28/2013 12:00:00","MHK VL",61756,31.84,0.58,-0.66
"12/28/2013 12:00:00","MILLWD",61759,37.70,3.06,-4.03
"12/28/2013 12:00:00","N.Y.C.",61761,37.57,2.97,-4.00
"12/28/2013 12:00:00","NORTH",61755,29.50,-1.10,0.00
"12/28/2013 12:00:00","NPX",61845,73.53,1.18,-58.01
"12/28/2013 12:00:00","O H",61846,28.49,-2.78,-0.67
"12/28/2013 12:00:00","PJM",61847,29.47,-1.96,-0.83
"12/28/2013 12:00:00","WEST",61752,28.74,-2.51,-0.65
"12/28/2013 12:05:00","CAPITL",61757,38.15,1.84,-8.36
"12/28/2013 12:05:00","CENTRL",61754,28.79,-0.14,-0.98
"12/28/2013 12:05:00","DUNWOD",61760,36.73,2.66,-6.13
"12/28/2013 12:05:00","GENESE",61753,27.65,-1.06,-0.77
"12/28/2013 12:05:00","H Q",61844,27.38,-0.56,0.00
"12/28/2013 12:05:00","HUD VL",61758,37.74,3.66,-6.14
"12/28/2013 12:05:00","LONGIL",61762,37.69,3.61,-6.14
"12/28/2013 12:05:00","MHK VL",61756,29.51,0.56,-1.01
"12/28/2013 12:05:00","MILLWD",61759,36.93,2.79,-6.19
"12/28/2013 12:05:00","N.Y.C.",61761,36.76,2.68,-6.14
"12/28/2013 12:05:00","NORTH",61755,27.02,-0.92,0.00
"12/28/2013 12:05:00","NPX",61845,90.17,2.01,-63.69
"12/28/2013 12:05:00","O H",61846,26.45,-2.51,-1.02
"12/28/2013 12:05:00","PJM",61847,27.40,-1.82,-1.27
"12/28/2013 12:05:00","WEST",61752,26.67,-2.26,-0.99
"12/28/2013 12:10:00","CAPITL",61757,35.94,2.03,-3.11
"12/28/2013 12:10:00","CENTRL",61754,31.07,-0.09,-0.37
"12/28/2013 12:10:00","DUNWOD",61760,36.00,2.93,-2.28
"12/28/2013 12:10:00","GENESE",61753,29.94,-1.14,-0.29
"12/28/2013 12:10:00","H Q",61844,30.18,-0.62,0.00
"12/28/2013 12:10:00","HUD VL",61758,37.08,4.00,-2.28
"12/28/2013 12:10:00","LONGIL",61762,47.49,4.10,-12.60
"12/28/2013 12:10:00","MHK VL",61756,31.78,0.62,-0.38
"12/28/2013 12:10:00","MILLWD",61759,36.15,3.05,-2.30
"12/28/2013 12:10:00","N.Y.C.",61761,36.04,2.96,-2.29
"12/28/2013 12:10:00","NORTH",61755,29.75,-1.05,0.00
"12/28/2013 12:10:00","NPX",61845,90.17,2.01,-63.69
"12/28/2013 12:10:00","O H",61846,28.46,-2.71,-0.38
"12/28/2013 12:10:00","PJM",61847,29.42,-1.85,-0.47
"12/28/2013 12:10:00","WEST",61752,28.73,-2.43,-0.37
"12/28/2013 12:15:00","CAPITL",61757,38.15,1.87,-8.37
"12/28/2013 12:15:00","CENTRL",61754,28.84,-0.06,-0.98
"12/28/2013 12:15:00","DUNWOD",61760,36.70,2.65,-6.14
"12/28/2013 12:15:00","GENESE",61753,27.65,-1.03,-0.77
"12/28/2013 12:15:00","H Q",61844,27.33,-0.59,0.00
"12/28/2013 12:15:00","HUD VL",61758,37.71,3.66,-6.14
"12/28/2013 12:15:00","LONGIL",61762,37.69,3.63,-6.15
"12/28/2013 12:15:00","MHK VL",61756,29.46,0.56,-0.99
"12/28/2013 12:15:00","MILLWD",61759,36.87,2.76,-6.19
"12/28/2013 12:15:00","N.Y.C.",61761,36.73,2.68,-6.14
"12/28/2013 12:15:00","NORTH",61755,26.96,-0.95,0.00
"12/28/2013 12:15:00","NPX",61845,90.17,2.01,-63.69
"12/28/2013 12:15:00","O H",61846,26.51,-2.43,-1.02
"12/28/2013 12:15:00","PJM",61847,27.59,-1.59,-1.27
"12/28/2013 12:15:00","WEST",61752,26.73,-2.18,-0.99
"12/28/2013 12:20:00","CAPITL",61757,39.36,1.83,-9.87
"12/28/2013 12:20:00","CENTRL",61754,28.74,-0.08,-1.15
"12/28/2013 12:20:00","DUNWOD",61760,37.53,2.63,-7.24
"12/28/2013 12:20:00","GENESE",61753,27.58,-0.99,-0.91
"12/28/2013 12:20:00","H Q",61844,27.11,-0.55,0.00
"12/28/2013 12:20:00","HUD VL",61758,38.55,3.65,-7.24
"12/28/2013 12:20:00","LONGIL",61762,38.48,3.57,-7.25
"12/28/2013 12:20:00","MHK VL",61756,29.41,0.58,-1.17
"12/28/2013 12:20:00","MILLWD",61759,37.71,2.74,-7.30
"12/28/2013 12:20:00","N.Y.C.",61761,37.56,2.66,-7.24
"12/28/2013 12:20:00","NORTH",61755,26.75,-0.91,0.00
"12/28/2013 12:20:00","NPX",61845,49.81,2.01,-23.32
"12/28/2013 12:20:00","O H",61846,26.46,-2.41,-1.21
"12/28/2013 12:20:00","PJM",61847,27.53,-1.63,-1.50
"12/28/2013 12:20:00","WEST",61752,26.70,-2.13,-1.17
"12/28/2013 12:25:00","CAPITL",61757,38.20,1.83,-8.57
"12/28/2013 12:25:00","CENTRL",61754,28.74,-0.06,-1.00
"12/28/2013 12:25:00","DUNWOD",61760,36.69,2.61,-6.28
"12/28/2013 12:25:00","GENESE",61753,27.61,-0.97,-0.79
"12/28/2013 12:25:00","H Q",61844,27.24,-0.56,0.00
"12/28/2013 12:25:00","HUD VL",61758,37.69,3.61,-6.28
"12/28/2013 12:25:00","LONGIL",61762,37.67,3.59,-6.29
"12/28/2013 12:25:00","MHK VL",61756,29.39,0.58,-1.01
"12/28/2013 12:25:00","MILLWD",61759,36.86,2.73,-6.34
"12/28/2013 12:25:00","N.Y.C.",61761,36.72,2.64,-6.29
"12/28/2013 12:25:00","NORTH",61755,26.88,-0.92,0.00
"12/28/2013 12:25:00","NPX",61845,49.81,2.01,-23.32
"12/28/2013 12:25:00","O H",61846,26.45,-2.39,-1.05
"12/28/2013 12:25:00","PJM",61847,27.46,-1.64,-1.30
"12/28/2013 12:25:00","WEST",61752,26.70,-2.11,-1.02
"12/28/2013 12:30:00","CAPITL",61757,40.46,1.68,-13.65
"12/28/2013 12:30:00","CENTRL",61754,26.64,-0.08,-1.60
"12/28/2013 12:30:00","DUNWOD",61760,37.50,2.36,-10.01
"12/28/2013 12:30:00","GENESE",61753,25.47,-0.90,-1.25
"12/28/2013 12:30:00","H Q",61844,24.62,-0.50,0.00
"12/28/2013 12:30:00","HUD VL",61758,38.40,3.26,-10.01
"12/28/2013 12:30:00","LONGIL",61762,38.39,3.24,-10.02
"12/28/2013 12:30:00","MHK VL",61756,27.24,0.50,-1.61
"12/28/2013 12:30:00","MILLWD",61759,37.69,2.46,-10.10
"12/28/2013 12:30:00","N.Y.C.",61761,37.53,2.39,-10.02
"12/28/2013 12:30:00","NORTH",61755,24.27,-0.85,0.00
"12/28/2013 12:30:00","NPX",61845,49.81,2.01,-23.32
"12/28/2013 12:30:00","O H",61846,24.61,-2.19,-1.67
"12/28/2013 12:30:00","PJM",61847,25.66,-1.53,-2.07
"12/28/2013 12:30:00","WEST",61752,24.81,-1.93,-1.62
"12/28/2013 12:35:00","CAPITL",61757,42.57,1.50,-18.71
"12/28/2013 12:35:00","CENTRL",61754,24.51,-0.04,-2.19
"12/28/2013 12:35:00","DUNWOD",61760,38.19,2.10,-13.72
"12/28/2013 12:35:00","GENESE",61753,23.30,-0.78,-1.72
"12/28/2013 12:35:00","H Q",61844,21.90,-0.47,0.00
"12/28/2013 12:35:00","HUD VL",61758,38.99,2.91,-13.72
"12/28/2013 12:35:00","LONGIL",61762,38.96,2.86,-13.73
"12/28/2013 12:35:00","MHK VL",61756,25.03,0.45,-2.21
"12/28/2013 12:35:00","MILLWD",61759,38.40,2.19,-13.84
"12/28/2013 12:35:00","N.Y.C.",61761,38.22,2.13,-13.73
"12/28/2013 12:35:00","NORTH",61755,21.58,-0.78,0.00
"12/28/2013 12:35:00","NPX",61845,49.92,2.09,-22.38
"12/28/2013 12:35:00","O H",61846,22.75,-1.90,-2.29
"12/28/2013 12:35:00","PJM",61847,23.89,-1.32,-2.84
"12/28/2013 12:35:00","WEST",61752,22.88,-1.70,-2.22
"12/28/2013 12:40:00","CAPITL",61757,39.25,1.66,-12.43
"12/28/2013 12:40:00","CENTRL",61754,26.56,-0.05,-1.45
"12/28/2013 12:40:00","DUNWOD",61760,36.64,2.36,-9.12
"12/28/2013 12:40:00","GENESE",61753,25.42,-0.88,-1.14
"12/28/2013 12:40:00","H Q",61844,24.63,-0.53,0.00
"12/28/2013 12:40:00","HUD VL",61758,37.54,3.27,-9.11
"12/28/2013 12:40:00","LONGIL",61762,37.47,3.20,-9.12
"12/28/2013 12:40:00","MHK VL",61756,27.13,0.50,-1.47
"12/28/2013 12:40:00","MILLWD",61759,36.82,2.47,-9.20
"12/28/2013 12:40:00","N.Y.C.",61761,36.67,2.39,-9.12
"12/28/2013 12:40:00","NORTH",61755,24.27,-0.88,0.00
"12/28/2013 12:40:00","NPX",61845,49.92,2.09,-22.38
"12/28/2013 12:40:00","O H",61846,24.54,-2.14,-1.52
"12/28/2013 12:40:00","PJM",61847,25.61,-1.43,-1.89
"12/28/2013 12:40:00","WEST",61752,24.72,-1.91,-1.47
"12/28/2013 12:45:00","CAPITL",61757,37.34,1.88,-7.43
"12/28/2013 12:45:00","CENTRL",61754,28.79,-0.11,-0.87
"12/28/2013 12:45:00","DUNWOD",61760,36.17,2.69,-5.45
"12/28/2013 12:45:00","GENESE",61753,27.68,-1.04,-0.68
"12/28/2013 12:45:00","H Q",61844,27.44,-0.59,0.00
"12/28/2013 12:45:00","HUD VL",61758,37.18,3.70,-5.45
"12/28/2013 12:45:00","LONGIL",61762,37.07,3.59,-5.46
"12/28/2013 12:45:00","MHK VL",61756,29.47,0.56,-0.88
"12/28/2013 12:45:00","MILLWD",61759,36.33,2.80,-5.50
"12/28/2013 12:45:00","N.Y.C.",61761,36.20,2.72,-5.45
"12/28/2013 12:45:00","NORTH",61755,27.05,-0.98,0.00
"12/28/2013 12:45:00","NPX",61845,49.92,2.09,-22.38
"12/28/2013 12:45:00","O H",61846,26.44,-2.49,-0.91
"12/28/2013 12:45:00","PJM",61847,27.42,-1.74,-1.13
"12/28/2013 12:45:00","WEST",61752,26.70,-2.21,-0.88
"12/28/2013 12:50:00","CAPITL",61757,37.01,1.85,-7.09
"12/28/2013 12:50:00","CENTRL",61754,28.82,-0.08,-0.83
"12/28/2013 12:50:00","DUNWOD",61760,35.99,2.72,-5.20
"12/28/2013 12:50:00","GENESE",61753,27.69,-1.04,-0.65
"12/28/2013 12:50:00","H Q",61844,27.48,-0.59,0.00
"12/28/2013 12:50:00","HUD VL",61758,36.97,3.71,-5.20
"12/28/2013 12:50:00","LONGIL",61762,37.07,3.79,-5.21
"12/28/2013 12:50:00","MHK VL",61756,29.50,0.59,-0.84
"12/28/2013 12:50:00","MILLWD",61759,36.15,2.83,-5.24
"12/28/2013 12:50:00","N.Y.C.",61761,36.02,2.75,-5.20
"12/28/2013 12:50:00","NORTH",61755,27.09,-0.98,0.00
"12/28/2013 12:50:00","NPX",61845,129.98,2.14,-101.78
"12/28/2013 12:50:00","O H",61846,26.47,-2.47,-0.87
"12/28/2013 12:50:00","PJM",61847,27.52,-1.63,-1.08
"12/28/2013 12:50:00","WEST",61752,26.72,-2.19,-0.84
"12/28/2013 12:55:00","CAPITL",61757,35.72,1.86,-5.60
"12/28/2013 12:55:00","CENTRL",61754,28.86,-0.06,-0.65
"12/28/2013 12:55:00","DUNWOD",61760,35.10,2.74,-4.10
"12/28/2013 12:55:00","GENESE",61753,27.70,-1.07,-0.51
"12/28/2013 12:55:00","H Q",61844,27.66,-0.59,0.00
"12/28/2013 12:55:00","HUD VL",61758,36.09,3.73,-4.10
"12/28/2013 12:55:00","LONGIL",61762,103.27,3.81,-71.20
"12/28/2013 12:55:00","MHK VL",61756,29.48,0.56,-0.66
"12/28/2013 12:55:00","MILLWD",61759,35.25,2.85,-4.14
"12/28/2013 12:55:00","N.Y.C.",61761,35.14,2.77,-4.11
"12/28/2013 12:55:00","NORTH",61755,27.24,-1.02,0.00
"12/28/2013 12:55:00","NPX",61845,129.98,2.14,-101.78
"12/28/2013 12:55:00","O H",61846,26.48,-2.46,-0.68
"12/28/2013 12:55:00","PJM",61847,27.52,-1.58,-0.85
"12/28/2013 12:55:00","WEST",61752,26.75,-2.18,-0.66
"12/28/2013 13:00:00","CAPITL",61757,35.75,2.04,-2.77
"12/28/2013 13:00:00","CENTRL",61754,31.17,-0.09,-0.32
"12/28/2013 13:00:00","DUNWOD",61760,35.97,3.00,-2.03
"12/28/2013 13:00:00","GENESE",61753,29.99,-1.21,-0.25
"12/28/2013 13:00:00","H Q",61844,30.29,-0.65,0.00
"12/28/2013 13:00:00","HUD VL",61758,37.05,4.08,-2.03
"12/28/2013 13:00:00","LONGIL",61762,64.78,4.18,-29.67
"12/28/2013 13:00:00","MHK VL",61756,31.95,0.68,-0.33
"12/28/2013 13:00:00","MILLWD",61759,36.11,3.12,-2.05
"12/28/2013 13:00:00","N.Y.C.",61761,36.03,3.06,-2.03
"12/28/2013 13:00:00","NORTH",61755,29.92,-1.02,0.00
"12/28/2013 13:00:00","NPX",61845,129.98,2.14,-101.78
"12/28/2013 13:00:00","O H",61846,28.49,-2.78,-0.34
"12/28/2013 13:00:00","PJM",61847,29.47,-1.89,-0.42
"12/28/2013 13:00:00","WEST",61752,28.76,-2.51,-0.33
"12/28/2013 13:05:00","CAPITL",61757,34.58,2.14,0.00
"12/28/2013 13:05:00","CENTRL",61754,32.41,-0.03,0.00
"12/28/2013 13:05:00","DUNWOD",61760,35.56,3.11,0.00
"12/28/2013 13:05:00","GENESE",61753,31.34,-1.10,0.00
"12/28/2013 13:05:00","H Q",61844,31.76,-0.68,0.00
"12/28/2013 13:05:00","HUD VL",61758,36.72,4.28,0.00
"12/28/2013 13:05:00","LONGIL",61762,63.23,4.32,-26.47
"12/28/2013 13:05:00","MHK VL",61756,33.35,0.91,0.00
"12/28/2013 13:05:00","MILLWD",61759,35.69,3.24,0.00
"12/28/2013 13:05:00","N.Y.C.",61761,35.59,3.15,0.00
"12/28/2013 13:05:00","NORTH",61755,31.44,-1.01,0.00
"12/28/2013 13:05:00","NPX",61845,91.08,2.65,-56.15
"12/28/2013 13:05:00","O H",61846,29.82,-2.63,0.00
"12/28/2013 13:05:00","PJM",61847,30.75,-1.69,0.00
"12/28/2013 13:05:00","WEST",61752,30.14,-2.30,0.00
"12/28/2013 13:10:00","CAPITL",61757,34.62,2.14,0.00
"12/28/2013 13:10:00","CENTRL",61754,32.41,-0.06,0.00
"12/28/2013 13:10:00","DUNWOD",61760,35.52,3.05,0.00
"12/28/2013 13:10:00","GENESE",61753,31.27,-1.20,0.00
"12/28/2013 13:10:00","H Q",61844,31.82,-0.65,0.00
"12/28/2013 13:10:00","HUD VL",61758,36.69,4.22,0.00
"12/28/2013 13:10:00","LONGIL",61762,36.76,4.29,0.00
"12/28/2013 13:10:00","MHK VL",61756,33.35,0.88,0.00
"12/28/2013 13:10:00","MILLWD",61759,35.66,3.18,0.00
"12/28/2013 13:10:00","N.Y.C.",61761,35.59,3.12,0.00
"12/28/2013 13:10:00","NORTH",61755,31.56,-0.91,0.00
"12/28/2013 13:10:00","NPX",61845,91.08,2.65,-56.15
"12/28/2013 13:10:00","O H",61846,29.68,-2.79,0.00
"12/28/2013 13:10:00","PJM",61847,30.62,-1.85,0.00
"12/28/2013 13:10:00","WEST",61752,30.00,-2.47,0.00
"12/28/2013 13:15:00","CAPITL",61757,34.65,2.18,0.00
"12/28/2013 13:15:00","CENTRL",61754,32.34,-0.13,0.00
"12/28/2013 13:15:00","DUNWOD",61760,35.56,3.09,0.00
"12/28/2013 13:15:00","GENESE",61753,31.27,-1.20,0.00
"12/28/2013 13:15:00","H Q",61844,31.82,-0.65,0.00
"12/28/2013 13:15:00","HUD VL",61758,36.76,4.29,0.00
"12/28/2013 13:15:00","LONGIL",61762,45.31,4.29,-8.55
"12/28/2013 13:15:00","MHK VL",61756,33.35,0.88,0.00
"12/28/2013 13:15:00","MILLWD",61759,35.66,3.18,0.00
"12/28/2013 13:15:00","N.Y.C.",61761,35.59,3.12,0.00
"12/28/2013 13:15:00","NORTH",61755,31.53,-0.94,0.00
"12/28/2013 13:15:00","NPX",61845,91.08,2.65,-56.15
"12/28/2013 13:15:00","O H",61846,29.62,-2.86,0.00
"12/28/2013 13:15:00","PJM",61847,30.49,-1.98,0.00
"12/28/2013 13:15:00","WEST",61752,29.91,-2.57,0.00
"12/28/2013 13:20:00","CAPITL",61757,35.02,2.20,-0.06
"12/28/2013 13:20:00","CENTRL",61754,32.61,-0.16,-0.01
"12/28/2013 13:20:00","DUNWOD",61760,35.92,3.11,-0.04
"12/28/2013 13:20:00","GENESE",61753,31.46,-1.31,-0.01
"12/28/2013 13:20:00","H Q",61844,32.11,-0.66,0.00
"12/28/2013 13:20:00","HUD VL",61758,37.16,4.36,-0.04
"12/28/2013 13:20:00","LONGIL",61762,37.14,4.32,-0.05
"12/28/2013 13:20:00","MHK VL",61756,33.66,0.88,-0.01
"12/28/2013 13:20:00","MILLWD",61759,36.05,3.24,-0.04
"12/28/2013 13:20:00","N.Y.C.",61761,35.98,3.18,-0.04
"12/28/2013 13:20:00","NORTH",61755,31.85,-0.92,0.00
"12/28/2013 13:20:00","NPX",61845,38.42,2.65,-3.48
"12/28/2013 13:20:00","O H",61846,29.79,-2.98,-0.01
"12/28/2013 13:20:00","PJM",61847,30.71,-2.06,-0.01
"12/28/2013 13:20:00","WEST",61752,30.08,-2.69,-0.01
"12/28/2013 13:25:00","CAPITL",61757,34.74,2.18,-0.06
"12/28/2013 13:25:00","CENTRL",61754,32.32,-0.19,-0.01
"12/28/2013 13:25:00","DUNWOD",61760,35.64,3.09,-0.04
"12/28/2013 13:25:00","GENESE",61753,31.18,-1.33,-0.01
"12/28/2013 13:25:00","H Q",61844,31.89,-0.62,0.00
"12/28/2013 13:25:00","HUD VL",61758,36.84,4.29,-0.04
"12/28/2013 13:25:00","LONGIL",61762,36.81,4.26,-0.05
"12/28/2013 13:25:00","MHK VL",61756,33.36,0.84,-0.01
"12/28/2013 13:25:00","MILLWD",61759,35.77,3.22,-0.04
"12/28/2013 13:25:00","N.Y.C.",61761,35.70,3.15,-0.04
"12/28/2013 13:25:00","NORTH",61755,31.60,-0.91,0.00
"12/28/2013 13:25:00","NPX",61845,38.42,2.65,-3.48
"12/28/2013 13:25:00","O H",61846,29.46,-3.06,-0.01
"12/28/2013 13:25:00","PJM",61847,30.34,-2.18,-0.01
"12/28/2013 13:25:00","WEST",61752,29.75,-2.76,-0.01
"12/28/2013 13:30:00","CAPITL",61757,34.31,2.09,0.00
"12/28/2013 13:30:00","CENTRL",61754,32.12,-0.10,0.00
"12/28/2013 13:30:00","DUNWOD",61760,35.28,3.06,0.00
"12/28/2013 13:30:00","GENESE",61753,30.99,-1.22,0.00
"12/28/2013 13:30:00","H Q",61844,31.57,-0.64,0.00
"12/28/2013 13:30:00","HUD VL",61758,36.47,4.25,0.00
"12/28/2013 13:30:00","LONGIL",61762,36.44,4.22,0.00
"12/28/2013 13:30:00","MHK VL",61756,33.05,0.84,0.00
"12/28/2013 13:30:00","MILLWD",61759,35.41,3.19,0.00
"12/28/2013 13:30:00","N.Y.C.",61761,35.31,3.09,0.00
"12/28/2013 13:30:00","NORTH",61755,31.28,-0.94,0.00
"12/28/2013 13:30:00","NPX",61845,38.42,2.65,-3.48
"12/28/2013 13:30:00","O H",61846,29.41,-2.80,0.00
"12/28/2013 13:30:00","PJM",61847,30.38,-1.83,0.00
"12/28/2013 13:30:00","WEST",61752,29.70,-2.51,0.00
"12/28/2013 13:35:00","CAPITL",61757,34.15,2.08,0.00
"12/28/2013 13:35:00","CENTRL",61754,31.97,-0.10,0.00
"12/28/2013 13:35:00","DUNWOD",61760,35.12,3.05,0.00
"12/28/2013 13:35:00","GENESE",61753,30.85,-1.22,0.00
"12/28/2013 13:35:00","H Q",61844,31.43,-0.64,0.00
"12/28/2013 13:35:00","HUD VL",61758,36.30,4.23,0.00
"12/28/2013 13:35:00","LONGIL",61762,36.21,4.14,0.00
"12/28/2013 13:35:00","MHK VL",61756,32.90,0.83,0.00
"12/28/2013 13:35:00","MILLWD",61759,35.21,3.14,0.00
"12/28/2013 13:35:00","N.Y.C.",61761,35.15,3.08,0.00
"12/28/2013 13:35:00","NORTH",61755,31.17,-0.90,0.00
"12/28/2013 13:35:00","NPX",61845,38.35,2.67,-3.12
"12/28/2013 13:35:00","O H",61846,29.31,-2.76,0.00
"12/28/2013 13:35:00","PJM",61847,30.34,-1.73,0.00
"12/28/2013 13:35:00","WEST",61752,29.60,-2.47,0.00
"12/28/2013 13:40:00","CAPITL",61757,34.18,2.09,0.00
"12/28/2013 13:40:00","CENTRL",61754,32.03,-0.06,0.00
"12/28/2013 13:40:00","DUNWOD",61760,35.12,3.02,0.00
"12/28/2013 13:40:00","GENESE",61753,30.88,-1.22,0.00
"12/28/2013 13:40:00","H Q",61844,31.46,-0.64,0.00
"12/28/2013 13:40:00","HUD VL",61758,36.30,4.20,0.00
"12/28/2013 13:40:00","LONGIL",61762,36.24,4.14,0.00
"12/28/2013 13:40:00","MHK VL",61756,32.93,0.83,0.00
"12/28/2013 13:40:00","MILLWD",61759,35.25,3.15,0.00
"12/28/2013 13:40:00","N.Y.C.",61761,35.15,3.05,0.00
"12/28/2013 13:40:00","NORTH",61755,31.20,-0.90,0.00
"12/28/2013 13:40:00","NPX",61845,38.35,2.67,-3.12
"12/28/2013 13:40:00","O H",61846,29.40,-2.70,0.00
"12/28/2013 13:40:00","PJM",61847,30.43,-1.67,0.00
"12/28/2013 13:40:00","WEST",61752,29.69,-2.41,0.00
"12/28/2013 13:45:00","CAPITL",61757,34.18,2.09,0.00
"12/28/2013 13:45:00","CENTRL",61754,32.03,-0.06,0.00
"12/28/2013 13:45:00","DUNWOD",61760,35.15,3.05,0.00
"12/28/2013 13:45:00","GENESE",61753,30.91,-1.19,0.00
"12/28/2013 13:45:00","H Q",61844,31.46,-0.64,0.00
"12/28/2013 13:45:00","HUD VL",61758,36.34,4.24,0.00
"12/28/2013 13:45:00","LONGIL",61762,36.24,4.14,0.00
"12/28/2013 13:45:00","MHK VL",61756,32.93,0.83,0.00
"12/28/2013 13:45:00","MILLWD",61759,35.25,3.15,0.00
"12/28/2013 13:45:00","N.Y.C.",61761,35.18,3.08,0.00
"12/28/2013 13:45:00","NORTH",61755,31.17,-0.93,0.00
"12/28/2013 13:45:00","NPX",61845,38.35,2.67,-3.12
"12/28/2013 13:45:00","O H",61846,29.40,-2.70,0.00
"12/28/2013 13:45:00","PJM",61847,30.40,-1.70,0.00
"12/28/2013 13:45:00","WEST",61752,29.69,-2.41,0.00
"12/28/2013 13:50:00","CAPITL",61757,34.12,2.08,0.00
"12/28/2013 13:50:00","CENTRL",61754,31.98,-0.06,0.00
"12/28/2013 13:50:00","DUNWOD",61760,35.08,3.05,0.00
"12/28/2013 13:50:00","GENESE",61753,30.82,-1.22,0.00
"12/28/2013 13:50:00","H Q",61844,31.40,-0.64,0.00
"12/28/2013 13:50:00","HUD VL",61758,36.27,4.23,0.00
"12/28/2013 13:50:00","LONGIL",61762,36.18,4.13,0.00
"12/28/2013 13:50:00","MHK VL",61756,32.87,0.83,0.00
"12/28/2013 13:50:00","MILLWD",61759,35.21,3.17,0.00
"12/28/2013 13:50:00","N.Y.C.",61761,35.15,3.11,0.00
"12/28/2013 13:50:00","NORTH",61755,31.11,-0.93,0.00
"12/28/2013 13:50:00","NPX",61845,55.95,2.65,-21.01
"12/28/2013 13:50:00","O H",61846,29.32,-2.72,0.00
"12/28/2013 13:50:00","PJM",61847,30.34,-1.70,0.00
"12/28/2013 13:50:00","WEST",61752,29.64,-2.40,0.00
"12/28/2013 13:55:00","CAPITL",61757,34.15,2.08,0.00
"12/28/2013 13:55:00","CENTRL",61754,32.00,-0.06,0.00
"12/28/2013 13:55:00","DUNWOD",61760,35.12,3.05,0.00
"12/28/2013 13:55:00","GENESE",61753,30.88,-1.19,0.00
"12/28/2013 13:55:00","H Q",61844,31.43,-0.64,0.00
"12/28/2013 13:55:00","HUD VL",61758,36.30,4.23,0.00
"12/28/2013 13:55:00","LONGIL",61762,36.30,4.23,0.00
"12/28/2013 13:55:00","MHK VL",61756,32.90,0.83,0.00
"12/28/2013 13:55:00","MILLWD",61759,35.24,3.18,0.00
"12/28/2013 13:55:00","N.Y.C.",61761,35.18,3.11,0.00
"12/28/2013 13:55:00","NORTH",61755,31.11,-0.96,0.00
"12/28/2013 13:55:00","NPX",61845,55.95,2.65,-21.01
"12/28/2013 13:55:00","O H",61846,29.37,-2.69,0.00
"12/28/2013 13:55:00","PJM",61847,30.40,-1.67,0.00
"12/28/2013 13:55:00","WEST",61752,29.69,-2.37,0.00
"12/28/2013 14:00:00","CAPITL",61757,37.93,1.78,-8.28
"12/28/2013 14:00:00","CENTRL",61754,28.80,-0.03,-0.96
"12/28/2013 14:00:00","DUNWOD",61760,36.67,2.73,-6.07
"12/28/2013 14:00:00","GENESE",61753,27.56,-1.06,-0.76
"12/28/2013 14:00:00","H Q",61844,27.27,-0.59,0.00
"12/28/2013 14:00:00","HUD VL",61758,37.67,3.73,-6.07
"12/28/2013 14:00:00","LONGIL",61762,37.59,3.65,-6.08
"12/28/2013 14:00:00","MHK VL",61756,29.55,0.72,-0.96
"12/28/2013 14:00:00","MILLWD",61759,36.80,2.81,-6.13
"12/28/2013 14:00:00","N.Y.C.",61761,36.75,2.81,-6.08
"12/28/2013 14:00:00","NORTH",61755,27.03,-0.84,0.00
"12/28/2013 14:00:00","NPX",61845,55.95,2.65,-21.01
"12/28/2013 14:00:00","O H",61846,26.56,-2.31,-1.01
"12/28/2013 14:00:00","PJM",61847,27.73,-1.39,-1.26
"12/28/2013 14:00:00","WEST",61752,26.78,-2.06,-0.98
"12/28/2013 14:05:00","CAPITL",61757,38.06,1.62,-11.23
"12/28/2013 14:05:00","CENTRL",61754,26.50,-0.03,-1.31
"12/28/2013 14:05:00","DUNWOD",61760,35.94,2.50,-8.23
"12/28/2013 14:05:00","GENESE",61753,25.34,-0.91,-1.03
"12/28/2013 14:05:00","H Q",61844,24.68,-0.53,0.00
"12/28/2013 14:05:00","HUD VL",61758,36.85,3.40,-8.23
"12/28/2013 14:05:00","LONGIL",61762,36.79,3.33,-8.25
"12/28/2013 14:05:00","MHK VL",61756,27.20,0.68,-1.30
"12/28/2013 14:05:00","MILLWD",61759,36.09,2.57,-8.31
"12/28/2013 14:05:00","N.Y.C.",61761,36.05,2.60,-8.24
"12/28/2013 14:05:00","NORTH",61755,24.43,-0.78,0.00
"12/28/2013 14:05:00","NPX",61845,37.26,2.07,-9.98
"12/28/2013 14:05:00","O H",61846,24.54,-2.04,-1.37
"12/28/2013 14:05:00","PJM",61847,25.66,-1.26,-1.70
"12/28/2013 14:05:00","WEST",61752,24.75,-1.79,-1.33
"12/28/2013 14:10:00","CAPITL",61757,33.96,2.07,0.00
"12/28/2013 14:10:00","CENTRL",61754,31.86,-0.03,0.00
"12/28/2013 14:10:00","DUNWOD",61760,35.08,3.19,0.00
"12/28/2013 14:10:00","GENESE",61753,30.68,-1.21,0.00
"12/28/2013 14:10:00","H Q",61844,31.19,-0.70,0.00
"12/28/2013 14:10:00","HUD VL",61758,36.23,4.34,0.00
"12/28/2013 14:10:00","LONGIL",61762,35.98,4.08,0.00
"12/28/2013 14:10:00","MHK VL",61756,32.75,0.86,0.00
"12/28/2013 14:10:00","MILLWD",61759,35.18,3.29,0.00
"12/28/2013 14:10:00","N.Y.C.",61761,35.18,3.29,0.00
"12/28/2013 14:10:00","NORTH",61755,30.87,-1.02,0.00
"12/28/2013 14:10:00","NPX",61845,34.54,2.65,0.00
"12/28/2013 14:10:00","O H",61846,29.18,-2.71,0.00
"12/28/2013 14:10:00","PJM",61847,30.23,-1.66,0.00
"12/28/2013 14:10:00","WEST",61752,29.50,-2.39,0.00
"12/28/2013 14:15:00","CAPITL",61757,33.13,2.02,0.00
"12/28/2013 14:15:00","CENTRL",61754,31.08,-0.03,0.00
"12/28/2013 14:15:00","DUNWOD",61760,34.16,3.05,0.00
"12/28/2013 14:15:00","GENESE",61753,29.93,-1.18,0.00
"12/28/2013 14:15:00","H Q",61844,30.46,-0.65,0.00
"12/28/2013 14:15:00","HUD VL",61758,35.34,4.23,0.00
"12/28/2013 14:15:00","LONGIL",61762,42.62,4.11,-7.40
"12/28/2013 14:15:00","MHK VL",61756,31.92,0.81,0.00
"12/28/2013 14:15:00","MILLWD",61759,34.25,3.14,0.00
"12/28/2013 14:15:00","N.Y.C.",61761,34.22,3.11,0.00
"12/28/2013 14:15:00","NORTH",61755,30.18,-0.93,0.00
"12/28/2013 14:15:00","NPX",61845,33.69,2.58,0.00
"12/28/2013 14:15:00","O H",61846,28.50,-2.61,0.00
"12/28/2013 14:15:00","PJM",61847,29.53,-1.59,0.00
"12/28/2013 14:15:00","WEST",61752,28.81,-2.30,0.00
"12/28/2013 14:20:00","CAPITL",61757,34.06,2.08,0.00
"12/28/2013 14:20:00","CENTRL",61754,31.92,-0.06,0.00
"12/28/2013 14:20:00","DUNWOD",61760,35.08,3.10,0.00
"12/28/2013 14:20:00","GENESE",61753,30.76,-1.22,0.00
"12/28/2013 14:20:00","H Q",61844,31.31,-0.67,0.00
"12/28/2013 14:20:00","HUD VL",61758,36.30,4.32,0.00
"12/28/2013 14:20:00","LONGIL",61762,41.92,4.19,-5.75
"12/28/2013 14:20:00","MHK VL",61756,32.81,0.83,0.00
"12/28/2013 14:20:00","MILLWD",61759,35.18,3.20,0.00
"12/28/2013 14:20:00","N.Y.C.",61761,35.15,3.17,0.00
"12/28/2013 14:20:00","NORTH",61755,31.02,-0.96,0.00
"12/28/2013 14:20:00","NPX",61845,34.63,2.65,0.00
"12/28/2013 14:20:00","O H",61846,29.29,-2.69,0.00
"12/28/2013 14:20:00","PJM",61847,30.28,-1.70,0.00
"12/28/2013 14:20:00","WEST",61752,29.61,-2.37,0.00
"12/28/2013 14:25:00","CAPITL",61757,34.65,2.18,0.00
"12/28/2013 14:25:00","CENTRL",61754,32.41,-0.06,0.00
"12/28/2013 14:25:00","DUNWOD",61760,35.62,3.15,0.00
"12/28/2013 14:25:00","GENESE",61753,31.24,-1.23,0.00
"12/28/2013 14:25:00","H Q",61844,31.82,-0.65,0.00
"12/28/2013 14:25:00","HUD VL",61758,36.86,4.38,0.00
"12/28/2013 14:25:00","LONGIL",61762,42.20,4.29,-5.44
"12/28/2013 14:25:00","MHK VL",61756,33.32,0.84,0.00
"12/28/2013 14:25:00","MILLWD",61759,35.72,3.25,0.00
"12/28/2013 14:25:00","N.Y.C.",61761,35.69,3.22,0.00
"12/28/2013 14:25:00","NORTH",61755,31.53,-0.94,0.00
"12/28/2013 14:25:00","NPX",61845,35.17,2.69,0.00
"12/28/2013 14:25:00","O H",61846,29.75,-2.73,0.00
"12/28/2013 14:25:00","PJM",61847,30.75,-1.72,0.00
"12/28/2013 14:25:00","WEST",61752,30.04,-2.44,0.00
"12/28/2013 14:30:00","CAPITL",61757,34.99,2.23,0.00
"12/28/2013 14:30:00","CENTRL",61754,32.67,-0.10,0.00
"12/28/2013 14:30:00","DUNWOD",61760,35.94,3.18,0.00
"12/28/2013 14:30:00","GENESE",61753,31.49,-1.28,0.00
"12/28/2013 14:30:00","H Q",61844,32.11,-0.66,0.00
"12/28/2013 14:30:00","HUD VL",61758,37.19,4.42,0.00
"12/28/2013 14:30:00","LONGIL",61762,36.79,4.03,0.00
"12/28/2013 14:30:00","MHK VL",61756,33.61,0.85,0.00
"12/28/2013 14:30:00","MILLWD",61759,36.04,3.28,0.00
"12/28/2013 14:30:00","N.Y.C.",61761,36.04,3.28,0.00
"12/28/2013 14:30:00","NORTH",61755,31.81,-0.95,0.00
"12/28/2013 14:30:00","NPX",61845,35.55,2.78,0.00
"12/28/2013 14:30:00","O H",61846,29.95,-2.82,0.00
"12/28/2013 14:30:00","PJM",61847,30.96,-1.80,0.00
"12/28/2013 14:30:00","WEST",61752,30.27,-2.49,0.00
"12/28/2013 14:35:00","CAPITL",61757,34.78,2.21,-0.06
"12/28/2013 14:35:00","CENTRL",61754,32.38,-0.13,-0.01
"12/28/2013 14:35:00","DUNWOD",61760,35.70,3.15,-0.04
"12/28/2013 14:35:00","GENESE",61753,31.18,-1.33,-0.01
"12/28/2013 14:35:00","H Q",61844,31.86,-0.65,0.00
"12/28/2013 14:35:00","HUD VL",61758,36.91,4.36,-0.04
"12/28/2013 14:35:00","LONGIL",61762,36.58,4.03,-0.04
"12/28/2013 14:35:00","MHK VL",61756,33.32,0.81,-0.01
"12/28/2013 14:35:00","MILLWD",61759,35.80,3.25,-0.04
"12/28/2013 14:35:00","N.Y.C.",61761,35.80,3.25,-0.04
"12/28/2013 14:35:00","NORTH",61755,31.60,-0.91,0.00
"12/28/2013 14:35:00","NPX",61845,35.32,2.76,-0.05
"12/28/2013 14:35:00","O H",61846,29.65,-2.86,-0.01
"12/28/2013 14:35:00","PJM",61847,30.66,-1.85,-0.01
"12/28/2013 14:35:00","WEST",61752,29.98,-2.54,-0.01
"12/28/2013 14:40:00","CAPITL",61757,34.41,2.19,0.00
"12/28/2013 14:40:00","CENTRL",61754,32.12,-0.10,0.00
"12/28/2013 14:40:00","DUNWOD",61760,35.34,3.12,0.00
"12/28/2013 14:40:00","GENESE",61753,30.96,-1.26,0.00
"12/28/2013 14:40:00","H Q",61844,31.57,-0.64,0.00
"12/28/2013 14:40:00","HUD VL",61758,36.53,4.32,0.00
"12/28/2013 14:40:00","LONGIL",61762,36.18,3.96,0.00
"12/28/2013 14:40:00","MHK VL",61756,33.02,0.81,0.00
"12/28/2013 14:40:00","MILLWD",61759,35.44,3.22,0.00
"12/28/2013 14:40:00","N.Y.C.",61761,35.44,3.22,0.00
"12/28/2013 14:40:00","NORTH",61755,31.22,-1.00,0.00
"12/28/2013 14:40:00","NPX",61845,34.92,2.71,0.00
"12/28/2013 14:40:00","O H",61846,29.44,-2.77,0.00
"12/28/2013 14:40:00","PJM",61847,30.41,-1.80,0.00
"12/28/2013 14:40:00","WEST",61752,29.77,-2.45,0.00
"12/28/2013 14:45:00","CAPITL",61757,35.97,2.07,-2.94
"12/28/2013 14:45:00","CENTRL",61754,31.14,-0.15,-0.34
"12/28/2013 14:45:00","DUNWOD",61760,36.11,3.00,-2.15
"12/28/2013 14:45:00","GENESE",61753,29.89,-1.33,-0.27
"12/28/2013 14:45:00","H Q",61844,30.33,-0.62,0.00
"12/28/2013 14:45:00","HUD VL",61758,37.26,4.15,-2.15
"12/28/2013 14:45:00","LONGIL",61762,36.88,3.78,-2.16
"12/28/2013 14:45:00","MHK VL",61756,32.03,0.74,-0.34
"12/28/2013 14:45:00","MILLWD",61759,36.22,3.10,-2.17
"12/28/2013 14:45:00","N.Y.C.",61761,36.20,3.10,-2.16
"12/28/2013 14:45:00","NORTH",61755,30.09,-0.87,0.00
"12/28/2013 14:45:00","NPX",61845,36.17,2.60,-2.61
"12/28/2013 14:45:00","O H",61846,28.50,-2.82,-0.36
"12/28/2013 14:45:00","PJM",61847,29.51,-1.89,-0.45
"12/28/2013 14:45:00","WEST",61752,28.80,-2.51,-0.35
"12/28/2013 14:50:00","CAPITL",61757,36.45,2.07,-3.54
"12/28/2013 14:50:00","CENTRL",61754,31.13,-0.12,-0.41
"12/28/2013 14:50:00","DUNWOD",61760,36.43,2.99,-2.59
"12/28/2013 14:50:00","GENESE",61753,29.87,-1.29,-0.32
"12/28/2013 14:50:00","H Q",61844,30.23,-0.62,0.00
"12/28/2013 14:50:00","HUD VL",61758,37.57,4.13,-2.59
"12/28/2013 14:50:00","LONGIL",61762,37.20,3.76,-2.59
"12/28/2013 14:50:00","MHK VL",61756,32.02,0.77,-0.41
"12/28/2013 14:50:00","MILLWD",61759,36.54,3.08,-2.61
"12/28/2013 14:50:00","N.Y.C.",61761,36.52,3.08,-2.59
"12/28/2013 14:50:00","NORTH",61755,29.98,-0.86,0.00
"12/28/2013 14:50:00","NPX",61845,36.58,2.59,-3.14
"12/28/2013 14:50:00","O H",61846,28.50,-2.78,-0.43
"12/28/2013 14:50:00","PJM",61847,29.56,-1.82,-0.54
"12/28/2013 14:50:00","WEST",61752,28.79,-2.47,-0.42
"12/28/2013 14:55:00","CAPITL",61757,34.08,2.14,-0.06
"12/28/2013 14:55:00","CENTRL",61754,31.73,-0.16,-0.01
"12/28/2013 14:55:00","DUNWOD",61760,35.05,3.13,-0.04
"12/28/2013 14:55:00","GENESE",61753,30.52,-1.37,-0.01
"12/28/2013 14:55:00","H Q",61844,31.24,-0.64,0.00
"12/28/2013 14:55:00","HUD VL",61758,36.23,4.30,-0.04
"12/28/2013 14:55:00","LONGIL",61762,40.47,4.14,-4.45
"12/28/2013 14:55:00","MHK VL",61756,32.68,0.80,-0.01
"12/28/2013 14:55:00","MILLWD",61759,35.14,3.22,-0.04
"12/28/2013 14:55:00","N.Y.C.",61761,35.14,3.22,-0.04
"12/28/2013 14:55:00","NORTH",61755,30.92,-0.96,0.00
"12/28/2013 14:55:00","NPX",61845,34.61,2.68,-0.05
"12/28/2013 14:55:00","O H",61846,28.96,-2.93,-0.01
"12/28/2013 14:55:00","PJM",61847,29.88,-2.01,-0.01
"12/28/2013 14:55:00","WEST",61752,29.27,-2.61,-0.01
"12/28/2013 15:00:00","CAPITL",61757,36.70,1.91,-6.28
"12/28/2013 15:00:00","CENTRL",61754,29.16,-0.09,-0.73
"12/28/2013 15:00:00","DUNWOD",61760,35.93,2.82,-4.60
"12/28/2013 15:00:00","GENESE",61753,27.95,-1.14,-0.58
"12/28/2013 15:00:00","H Q",61844,27.91,-0.60,0.00
"12/28/2013 15:00:00","HUD VL",61758,36.96,3.85,-4.60
"12/28/2013 15:00:00","LONGIL",61762,36.82,3.70,-4.61
"12/28/2013 15:00:00","MHK VL",61756,29.95,0.71,-0.72
"12/28/2013 15:00:00","MILLWD",61759,36.03,2.88,-4.64
"12/28/2013 15:00:00","N.Y.C.",61761,35.99,2.88,-4.60
"12/28/2013 15:00:00","NORTH",61755,27.60,-0.91,0.00
"12/28/2013 15:00:00","NPX",61845,36.48,2.40,-5.58
"12/28/2013 15:00:00","O H",61846,26.80,-2.48,-0.77
"12/28/2013 15:00:00","PJM",61847,27.90,-1.57,-0.95
"12/28/2013 15:00:00","WEST",61752,27.06,-2.19,-0.74
"12/28/2013 15:05:00","CAPITL",61757,36.88,2.06,-4.13
"12/28/2013 15:05:00","CENTRL",61754,31.12,-0.06,-0.48
"12/28/2013 15:05:00","DUNWOD",61760,36.77,3.04,-3.02
"12/28/2013 15:05:00","GENESE",61753,29.82,-1.26,-0.38
"12/28/2013 15:05:00","H Q",61844,30.05,-0.65,0.00
"12/28/2013 15:05:00","HUD VL",61758,37.90,4.17,-3.02
"12/28/2013 15:05:00","LONGIL",61762,48.73,4.21,-13.82
"12/28/2013 15:05:00","MHK VL",61756,31.94,0.77,-0.47
"12/28/2013 15:05:00","MILLWD",61759,36.88,3.13,-3.05
"12/28/2013 15:05:00","N.Y.C.",61761,36.86,3.13,-3.03
"12/28/2013 15:05:00","NORTH",61755,29.69,-1.01,0.00
"12/28/2013 15:05:00","NPX",61845,36.95,2.58,-3.67
"12/28/2013 15:05:00","O H",61846,28.56,-2.64,-0.50
"12/28/2013 15:05:00","PJM",61847,29.76,-1.56,-0.63
"12/28/2013 15:05:00","WEST",61752,28.86,-2.33,-0.49
"12/28/2013 15:10:00","CAPITL",61757,39.10,1.69,-12.13
"12/28/2013 15:10:00","CENTRL",61754,26.61,-0.08,-1.41
"12/28/2013 15:10:00","DUNWOD",61760,36.67,2.50,-8.89
"12/28/2013 15:10:00","GENESE",61753,25.35,-1.04,-1.11
"12/28/2013 15:10:00","H Q",61844,24.74,-0.53,0.00
"12/28/2013 15:10:00","HUD VL",61758,37.60,3.44,-8.89
"12/28/2013 15:10:00","LONGIL",61762,37.39,3.21,-8.90
"12/28/2013 15:10:00","MHK VL",61756,27.33,0.66,-1.39
"12/28/2013 15:10:00","MILLWD",61759,36.82,2.58,-8.97
"12/28/2013 15:10:00","N.Y.C.",61761,36.75,2.58,-8.90
"12/28/2013 15:10:00","NORTH",61755,24.44,-0.83,0.00
"12/28/2013 15:10:00","NPX",61845,38.20,2.15,-10.78
"12/28/2013 15:10:00","O H",61846,24.53,-2.22,-1.48
"12/28/2013 15:10:00","PJM",61847,25.72,-1.39,-1.84
"12/28/2013 15:10:00","WEST",61752,24.74,-1.97,-1.44
"12/28/2013 15:15:00","CAPITL",61757,38.06,1.85,-8.55
"12/28/2013 15:15:00","CENTRL",61754,28.59,-0.06,-1.00
"12/28/2013 15:15:00","DUNWOD",61760,36.66,2.74,-6.27
"12/28/2013 15:15:00","GENESE",61753,27.28,-1.16,-0.78
"12/28/2013 15:15:00","H Q",61844,27.07,-0.58,0.00
"12/28/2013 15:15:00","HUD VL",61758,37.74,3.82,-6.27
"12/28/2013 15:15:00","LONGIL",61762,37.44,3.51,-6.28
"12/28/2013 15:15:00","MHK VL",61756,29.35,0.72,-0.97
"12/28/2013 15:15:00","MILLWD",61759,36.80,2.82,-6.32
"12/28/2013 15:15:00","N.Y.C.",61761,36.75,2.82,-6.27
"12/28/2013 15:15:00","NORTH",61755,26.74,-0.91,0.00
"12/28/2013 15:15:00","NPX",61845,37.60,2.35,-7.60
"12/28/2013 15:15:00","O H",61846,26.29,-2.41,-1.05
"12/28/2013 15:15:00","PJM",61847,27.51,-1.44,-1.30
"12/28/2013 15:15:00","WEST",61752,26.54,-2.13,-1.01
"12/28/2013 15:20:00","CAPITL",61757,36.70,2.06,-3.87
"12/28/2013 15:20:00","CENTRL",61754,31.16,-0.06,-0.45
"12/28/2013 15:20:00","DUNWOD",61760,36.66,3.05,-2.84
"12/28/2013 15:20:00","GENESE",61753,29.83,-1.29,-0.36
"12/28/2013 15:20:00","H Q",61844,30.12,-0.65,0.00
"12/28/2013 15:20:00","HUD VL",61758,37.85,4.25,-2.84
"12/28/2013 15:20:00","LONGIL",61762,37.49,3.88,-2.84
"12/28/2013 15:20:00","MHK VL",61756,32.01,0.80,-0.44
"12/28/2013 15:20:00","MILLWD",61759,36.77,3.14,-2.86
"12/28/2013 15:20:00","N.Y.C.",61761,36.75,3.14,-2.84
"12/28/2013 15:20:00","NORTH",61755,29.75,-1.01,0.00
"12/28/2013 15:20:00","NPX",61845,36.80,2.58,-3.44
"12/28/2013 15:20:00","O H",61846,28.53,-2.71,-0.47
"12/28/2013 15:20:00","PJM",61847,29.69,-1.66,-0.59
"12/28/2013 15:20:00","WEST",61752,28.83,-2.40,-0.46
"12/28/2013 15:25:00","CAPITL",61757,34.43,2.16,-0.06
"12/28/2013 15:25:00","CENTRL",61754,32.19,-0.03,-0.01
"12/28/2013 15:25:00","DUNWOD",61760,35.51,3.25,-0.04
"12/28/2013 15:25:00","GENESE",61753,30.90,-1.32,-0.01
"12/28/2013 15:25:00","H Q",61844,31.50,-0.71,0.00
"12/28/2013 15:25:00","HUD VL",61758,36.73,4.48,-0.04
"12/28/2013 15:25:00","LONGIL",61762,36.42,4.16,-0.05
"12/28/2013 15:25:00","MHK VL",61756,33.09,0.87,-0.01
"12/28/2013 15:25:00","MILLWD",61759,35.58,3.32,-0.04
"12/28/2013 15:25:00","N.Y.C.",61761,35.61,3.35,-0.04
"12/28/2013 15:25:00","NORTH",61755,31.12,-1.10,0.00
"12/28/2013 15:25:00","NPX",61845,34.97,2.71,-0.05
"12/28/2013 15:25:00","O H",61846,29.42,-2.80,-0.01
"12/28/2013 15:25:00","PJM",61847,30.55,-1.68,-0.01
"12/28/2013 15:25:00","WEST",61752,29.74,-2.48,-0.01
"12/28/2013 15:30:00","CAPITL",61757,33.90,2.10,0.00
"12/28/2013 15:30:00","CENTRL",61754,31.77,-0.03,0.00
"12/28/2013 15:30:00","DUNWOD",61760,35.05,3.25,0.00
"12/28/2013 15:30:00","GENESE",61753,30.53,-1.27,0.00
"12/28/2013 15:30:00","H Q",61844,31.10,-0.70,0.00
"12/28/2013 15:30:00","HUD VL",61758,36.29,4.49,0.00
"12/28/2013 15:30:00","LONGIL",61762,36.10,4.29,0.00
"12/28/2013 15:30:00","MHK VL",61756,32.66,0.86,0.00
"12/28/2013 15:30:00","MILLWD",61759,35.14,3.34,0.00
"12/28/2013 15:30:00","N.Y.C.",61761,35.14,3.34,0.00
"12/28/2013 15:30:00","NORTH",61755,30.69,-1.11,0.00
"12/28/2013 15:30:00","NPX",61845,34.48,2.67,0.00
"12/28/2013 15:30:00","O H",61846,29.10,-2.70,0.00
"12/28/2013 15:30:00","PJM",61847,30.22,-1.59,0.00
"12/28/2013 15:30:00","WEST",61752,29.42,-2.39,0.00
"12/28/2013 15:35:00","CAPITL",61757,33.99,2.13,-0.06
"12/28/2013 15:35:00","CENTRL",61754,31.77,-0.03,-0.01
"12/28/2013 15:35:00","DUNWOD",61760,35.08,3.24,-0.04
"12/28/2013 15:35:00","GENESE",61753,30.53,-1.27,-0.01
"12/28/2013 15:35:00","H Q",61844,31.10,-0.70,0.00
"12/28/2013 15:35:00","HUD VL",61758,36.29,4.45,-0.04
"12/28/2013 15:35:00","LONGIL",61762,40.55,4.36,-4.40
"12/28/2013 15:35:00","MHK VL",61756,32.66,0.86,-0.01
"12/28/2013 15:35:00","MILLWD",61759,35.15,3.31,-0.04
"12/28/2013 15:35:00","N.Y.C.",61761,35.18,3.34,-0.04
"12/28/2013 15:35:00","NORTH",61755,30.72,-1.08,0.00
"12/28/2013 15:35:00","NPX",61845,34.52,2.67,-0.05
"12/28/2013 15:35:00","O H",61846,29.10,-2.70,-0.01
"12/28/2013 15:35:00","PJM",61847,30.22,-1.59,-0.01
"12/28/2013 15:35:00","WEST",61752,29.42,-2.39,-0.01
"12/28/2013 15:40:00","CAPITL",61757,34.37,2.16,0.00
"12/28/2013 15:40:00","CENTRL",61754,32.22,0.00,0.00
"12/28/2013 15:40:00","DUNWOD",61760,35.47,3.25,0.00
"12/28/2013 15:40:00","GENESE",61753,30.96,-1.26,0.00
"12/28/2013 15:40:00","H Q",61844,31.51,-0.71,0.00
"12/28/2013 15:40:00","HUD VL",61758,36.73,4.51,0.00
"12/28/2013 15:40:00","LONGIL",61762,40.90,4.35,-4.33
"12/28/2013 15:40:00","MHK VL",61756,33.09,0.87,0.00
"12/28/2013 15:40:00","MILLWD",61759,35.57,3.35,0.00
"12/28/2013 15:40:00","N.Y.C.",61761,35.57,3.35,0.00
"12/28/2013 15:40:00","NORTH",61755,31.09,-1.13,0.00
"12/28/2013 15:40:00","NPX",61845,34.92,2.71,0.00
"12/28/2013 15:40:00","O H",61846,29.54,-2.67,0.00
"12/28/2013 15:40:00","PJM",61847,30.67,-1.55,0.00
"12/28/2013 15:40:00","WEST",61752,29.87,-2.35,0.00
"12/28/2013 15:45:00","CAPITL",61757,34.58,2.14,0.00
"12/28/2013 15:45:00","CENTRL",61754,32.47,0.03,0.00
"12/28/2013 15:45:00","DUNWOD",61760,35.72,3.28,0.00
"12/28/2013 15:45:00","GENESE",61753,31.31,-1.14,0.00
"12/28/2013 15:45:00","H Q",61844,31.70,-0.74,0.00
"12/28/2013 15:45:00","HUD VL",61758,37.02,4.58,0.00
"12/28/2013 15:45:00","LONGIL",61762,124.36,4.41,-87.51
"12/28/2013 15:45:00","MHK VL",61756,33.35,0.91,0.00
"12/28/2013 15:45:00","MILLWD",61759,35.82,3.37,0.00
"12/28/2013 15:45:00","N.Y.C.",61761,35.85,3.41,0.00
"12/28/2013 15:45:00","NORTH",61755,31.31,-1.14,0.00
"12/28/2013 15:45:00","NPX",61845,35.17,2.73,0.00
"12/28/2013 15:45:00","O H",61846,29.94,-2.50,0.00
"12/28/2013 15:45:00","PJM",61847,31.05,-1.39,0.00
"12/28/2013 15:45:00","WEST",61752,30.30,-2.14,0.00
"12/28/2013 15:50:00","CAPITL",61757,36.32,2.25,0.00
"12/28/2013 15:50:00","CENTRL",61754,34.14,0.07,0.00
"12/28/2013 15:50:00","DUNWOD",61760,37.48,3.41,0.00
"12/28/2013 15:50:00","GENESE",61753,32.98,-1.09,0.00
"12/28/2013 15:50:00","H Q",61844,33.29,-0.78,0.00
"12/28/2013 15:50:00","HUD VL",61758,38.85,4.77,0.00
"12/28/2013 15:50:00","LONGIL",61762,38.40,4.33,0.00
"12/28/2013 15:50:00","MHK VL",61756,35.03,0.95,0.00
"12/28/2013 15:50:00","MILLWD",61759,37.59,3.51,0.00
"12/28/2013 15:50:00","N.Y.C.",61761,37.62,3.54,0.00
"12/28/2013 15:50:00","NORTH",61755,32.85,-1.23,0.00
"12/28/2013 15:50:00","NPX",61845,36.94,2.86,0.00
"12/28/2013 15:50:00","O H",61846,31.59,-2.49,0.00
"12/28/2013 15:50:00","PJM",61847,32.65,-1.43,0.00
"12/28/2013 15:50:00","WEST",61752,31.96,-2.11,0.00
"12/28/2013 15:55:00","CAPITL",61757,37.06,2.26,0.00
"12/28/2013 15:55:00","CENTRL",61754,35.01,0.21,0.00
"12/28/2013 15:55:00","DUNWOD",61760,38.11,3.31,0.00
"12/28/2013 15:55:00","GENESE",61753,33.96,-0.84,0.00
"12/28/2013 15:55:00","H Q",61844,34.00,-0.80,0.00
"12/28/2013 15:55:00","HUD VL",61758,39.53,4.73,0.00
"12/28/2013 15:55:00","LONGIL",61762,129.13,4.52,-89.81
"12/28/2013 15:55:00","MHK VL",61756,35.81,1.01,0.00
"12/28/2013 15:55:00","MILLWD",61759,38.21,3.41,0.00
"12/28/2013 15:55:00","N.Y.C.",61761,38.14,3.34,0.00
"12/28/2013 15:55:00","NORTH",61755,33.55,-1.25,0.00
"12/28/2013 15:55:00","NPX",61845,37.59,2.79,0.00
"12/28/2013 15:55:00","O H",61846,32.68,-2.12,0.00
"12/28/2013 15:55:00","PJM",61847,33.69,-1.11,0.00
"12/28/2013 15:55:00","WEST",61752,33.10,-1.70,0.00
"12/28/2013 16:00:00","CAPITL",61757,-27.11,-1.68,0.00
"12/28/2013 16:00:00","CENTRL",61754,-25.76,-0.33,0.00
"12/28/2013 16:00:00","DUNWOD",61760,-27.72,-2.29,0.00
"12/28/2013 16:00:00","GENESE",61753,-25.10,0.33,0.00
"12/28/2013 16:00:00","H Q",61844,-24.80,0.63,0.00
"12/28/2013 16:00:00","HUD VL",61758,-28.82,-3.38,0.00
"12/28/2013 16:00:00","LONGIL",61762,75.95,-2.80,-104.18
"12/28/2013 16:00:00","MHK VL",61756,-26.07,-0.64,0.00
"12/28/2013 16:00:00","MILLWD",61759,-27.82,-2.39,0.00
"12/28/2013 16:00:00","N.Y.C.",61761,-27.72,-2.29,0.00
"12/28/2013 16:00:00","NORTH",61755,-24.26,1.17,0.00
"12/28/2013 16:00:00","NPX",61845,-27.44,-2.01,0.00
"12/28/2013 16:00:00","O H",61846,-24.26,1.17,0.00
"12/28/2013 16:00:00","PJM",61847,-25.00,0.43,0.00
"12/28/2013 16:00:00","WEST",61752,-24.59,0.84,0.00
"12/28/2013 16:05:00","CAPITL",61757,20.65,1.28,0.00
"12/28/2013 16:05:00","CENTRL",61754,19.58,0.21,0.00
"12/28/2013 16:05:00","DUNWOD",61760,21.15,1.78,0.00
"12/28/2013 16:05:00","GENESE",61753,19.04,-0.33,0.00
"12/28/2013 16:05:00","H Q",61844,18.90,-0.47,0.00
"12/28/2013 16:05:00","HUD VL",61758,21.98,2.61,0.00
"12/28/2013 16:05:00","LONGIL",61762,21.35,1.98,0.00
"12/28/2013 16:05:00","MHK VL",61756,19.74,0.37,0.00
"12/28/2013 16:05:00","MILLWD",61759,21.21,1.84,0.00
"12/28/2013 16:05:00","N.Y.C.",61761,21.17,1.80,0.00
"12/28/2013 16:05:00","NORTH",61755,18.44,-0.93,0.00
"12/28/2013 16:05:00","NPX",61845,70.46,1.68,-47.57
"12/28/2013 16:05:00","O H",61846,18.36,-1.01,0.00
"12/28/2013 16:05:00","PJM",61847,18.96,-0.41,0.00
"12/28/2013 16:05:00","WEST",61752,18.61,-0.76,0.00
"12/28/2013 16:10:00","CAPITL",61757,23.17,1.46,0.00
"12/28/2013 16:10:00","CENTRL",61754,21.85,0.13,0.00
"12/28/2013 16:10:00","DUNWOD",61760,23.78,2.06,0.00
"12/28/2013 16:10:00","GENESE",61753,21.19,-0.52,0.00
"12/28/2013 16:10:00","H Q",61844,21.22,-0.50,0.00
"12/28/2013 16:10:00","HUD VL",61758,24.69,2.98,0.00
"12/28/2013 16:10:00","LONGIL",61762,24.06,2.35,0.00
"12/28/2013 16:10:00","MHK VL",61756,22.11,0.39,0.00
"12/28/2013 16:10:00","MILLWD",61759,23.85,2.13,0.00
"12/28/2013 16:10:00","N.Y.C.",61761,23.82,2.11,0.00
"12/28/2013 16:10:00","NORTH",61755,20.70,-1.02,0.00
"12/28/2013 16:10:00","NPX",61845,70.46,1.68,-47.57
"12/28/2013 16:10:00","O H",61846,20.28,-1.43,0.00
"12/28/2013 16:10:00","PJM",61847,20.89,-0.83,0.00
"12/28/2013 16:10:00","WEST",61752,20.54,-1.17,0.00
"12/28/2013 16:15:00","CAPITL",61757,22.16,1.39,0.00
"12/28/2013 16:15:00","CENTRL",61754,20.81,0.04,0.00
"12/28/2013 16:15:00","DUNWOD",61760,22.74,1.97,0.00
"12/28/2013 16:15:00","GENESE",61753,20.18,-0.58,0.00
"12/28/2013 16:15:00","H Q",61844,20.31,-0.46,0.00
"12/28/2013 16:15:00","HUD VL",61758,23.61,2.85,0.00
"12/28/2013 16:15:00","LONGIL",61762,23.07,2.30,0.00
"12/28/2013 16:15:00","MHK VL",61756,21.12,0.35,0.00
"12/28/2013 16:15:00","MILLWD",61759,22.80,2.04,0.00
"12/28/2013 16:15:00","N.Y.C.",61761,22.80,2.04,0.00
"12/28/2013 16:15:00","NORTH",61755,19.87,-0.89,0.00
"12/28/2013 16:15:00","NPX",61845,70.46,1.68,-47.57
"12/28/2013 16:15:00","O H",61846,19.23,-1.54,0.00
"12/28/2013 16:15:00","PJM",61847,19.66,-1.10,0.00
"12/28/2013 16:15:00","WEST",61752,19.48,-1.29,0.00
"12/28/2013 16:20:00","CAPITL",61757,20.72,1.26,0.00
"12/28/2013 16:20:00","CENTRL",61754,19.56,0.10,0.00
"12/28/2013 16:20:00","DUNWOD",61760,21.29,1.83,0.00
"12/28/2013 16:20:00","GENESE",61753,19.03,-0.43,0.00
"12/28/2013 16:20:00","H Q",61844,19.03,-0.43,0.00
"12/28/2013 16:20:00","HUD VL",61758,22.13,2.67,0.00
"12/28/2013 16:20:00","LONGIL",61762,21.62,2.16,0.00
"12/28/2013 16:20:00","MHK VL",61756,19.81,0.35,0.00
"12/28/2013 16:20:00","MILLWD",61759,21.37,1.91,0.00
"12/28/2013 16:20:00","N.Y.C.",61761,21.33,1.87,0.00
"12/28/2013 16:20:00","NORTH",61755,18.62,-0.84,0.00
"12/28/2013 16:20:00","NPX",61845,23.17,1.70,0.00
"12/28/2013 16:20:00","O H",61846,18.20,-1.26,0.00
"12/28/2013 16:20:00","PJM",61847,18.62,-0.84,0.00
"12/28/2013 16:20:00","WEST",61752,18.47,-0.99,0.00
"12/28/2013 16:25:00","CAPITL",61757,21.99,1.36,0.00
"12/28/2013 16:25:00","CENTRL",61754,20.69,0.06,0.00
"12/28/2013 16:25:00","DUNWOD",61760,22.59,1.96,0.00
"12/28/2013 16:25:00","GENESE",61753,20.13,-0.50,0.00
"12/28/2013 16:25:00","H Q",61844,20.18,-0.45,0.00
"12/28/2013 16:25:00","HUD VL",61758,23.48,2.85,0.00
"12/28/2013 16:25:00","LONGIL",61762,22.96,2.33,0.00
"12/28/2013 16:25:00","MHK VL",61756,21.04,0.41,0.00
"12/28/2013 16:25:00","MILLWD",61759,22.65,2.02,0.00
"12/28/2013 16:25:00","N.Y.C.",61761,22.63,2.00,0.00
"12/28/2013 16:25:00","NORTH",61755,19.76,-0.87,0.00
"12/28/2013 16:25:00","NPX",61845,23.17,1.70,0.00
"12/28/2013 16:25:00","O H",61846,19.21,-1.42,0.00
"12/28/2013 16:25:00","PJM",61847,19.62,-1.01,0.00
"12/28/2013 16:25:00","WEST",61752,19.48,-1.15,0.00
"12/28/2013 16:30:00","CAPITL",61757,21.92,1.34,0.00
"12/28/2013 16:30:00","CENTRL",61754,20.67,0.08,0.00
"12/28/2013 16:30:00","DUNWOD",61760,22.50,1.91,0.00
"12/28/2013 16:30:00","GENESE",61753,20.11,-0.47,0.00
"12/28/2013 16:30:00","H Q",61844,20.13,-0.45,0.00
"12/28/2013 16:30:00","HUD VL",61758,23.40,2.82,0.00
"12/28/2013 16:30:00","LONGIL",61762,22.89,2.30,0.00
"12/28/2013 16:30:00","MHK VL",61756,21.02,0.43,0.00
"12/28/2013 16:30:00","MILLWD",61759,22.58,2.00,0.00
"12/28/2013 16:30:00","N.Y.C.",61761,22.54,1.96,0.00
"12/28/2013 16:30:00","NORTH",61755,19.74,-0.84,0.00
"12/28/2013 16:30:00","NPX",61845,23.17,1.70,0.00
"12/28/2013 16:30:00","O H",61846,19.21,-1.38,0.00
"12/28/2013 16:30:00","PJM",61847,19.66,-0.93,0.00
"12/28/2013 16:30:00","WEST",61752,19.47,-1.11,0.00
"12/28/2013 16:35:00","CAPITL",61757,25.71,1.59,0.00
"12/28/2013 16:35:00","CENTRL",61754,24.20,0.07,0.00
"12/28/2013 16:35:00","DUNWOD",61760,26.44,2.32,0.00
"12/28/2013 16:35:00","GENESE",61753,23.45,-0.68,0.00
"12/28/2013 16:35:00","H Q",61844,23.57,-0.55,0.00
"12/28/2013 16:35:00","HUD VL",61758,27.53,3.40,0.00
"12/28/2013 16:35:00","LONGIL",61762,26.94,2.82,0.00
"12/28/2013 16:35:00","MHK VL",61756,24.63,0.51,0.00
"12/28/2013 16:35:00","MILLWD",61759,26.54,2.41,0.00
"12/28/2013 16:35:00","N.Y.C.",61761,26.51,2.39,0.00
"12/28/2013 16:35:00","NORTH",61755,23.11,-1.01,0.00
"12/28/2013 16:35:00","NPX",61845,27.77,2.08,0.00
"12/28/2013 16:35:00","O H",61846,22.29,-1.83,0.00
"12/28/2013 16:35:00","PJM",61847,22.89,-1.23,0.00
"12/28/2013 16:35:00","WEST",61752,22.58,-1.54,0.00
"12/28/2013 16:40:00","CAPITL",61757,33.05,2.08,0.00
"12/28/2013 16:40:00","CENTRL",61754,31.00,0.03,0.00
"12/28/2013 16:40:00","DUNWOD",61760,34.01,3.04,0.00
"12/28/2013 16:40:00","GENESE",61753,29.98,-0.99,0.00
"12/28/2013 16:40:00","H Q",61844,30.29,-0.68,0.00
"12/28/2013 16:40:00","HUD VL",61758,35.40,4.43,0.00
"12/28/2013 16:40:00","LONGIL",61762,34.72,3.75,0.00
"12/28/2013 16:40:00","MHK VL",61756,31.65,0.68,0.00
"12/28/2013 16:40:00","MILLWD",61759,34.13,3.16,0.00
"12/28/2013 16:40:00","N.Y.C.",61761,34.07,3.10,0.00
"12/28/2013 16:40:00","NORTH",61755,29.73,-1.24,0.00
"12/28/2013 16:40:00","NPX",61845,27.77,2.08,0.00
"12/28/2013 16:40:00","O H",61846,28.43,-2.54,0.00
"12/28/2013 16:40:00","PJM",61847,29.30,-1.67,0.00
"12/28/2013 16:40:00","WEST",61752,28.78,-2.20,0.00
"12/28/2013 16:45:00","CAPITL",61757,34.27,2.12,0.00
"12/28/2013 16:45:00","CENTRL",61754,32.21,0.06,0.00
"12/28/2013 16:45:00","DUNWOD",61760,35.24,3.09,0.00
"12/28/2013 16:45:00","GENESE",61753,31.19,-0.96,0.00
"12/28/2013 16:45:00","H Q",61844,31.44,-0.71,0.00
"12/28/2013 16:45:00","HUD VL",61758,36.71,4.56,0.00
"12/28/2013 16:45:00","LONGIL",61762,36.04,3.89,0.00
"12/28/2013 16:45:00","MHK VL",61756,32.92,0.77,0.00
"12/28/2013 16:45:00","MILLWD",61759,35.36,3.21,0.00
"12/28/2013 16:45:00","N.Y.C.",61761,35.30,3.15,0.00
"12/28/2013 16:45:00","NORTH",61755,30.90,-1.25,0.00
"12/28/2013 16:45:00","NPX",61845,27.77,2.08,0.00
"12/28/2013 16:45:00","O H",61846,29.58,-2.57,0.00
"12/28/2013 16:45:00","PJM",61847,30.41,-1.74,0.00
"12/28/2013 16:45:00","WEST",61752,29.96,-2.19,0.00
"12/28/2013 16:50:00","CAPITL",61757,34.24,2.09,0.00
"12/28/2013 16:50:00","CENTRL",61754,32.28,0.13,0.00
"12/28/2013 16:50:00","DUNWOD",61760,35.24,3.09,0.00
"12/28/2013 16:50:00","GENESE",61753,31.25,-0.90,0.00
"12/28/2013 16:50:00","H Q",61844,31.41,-0.74,0.00
"12/28/2013 16:50:00","HUD VL",61758,36.75,4.60,0.00
"12/28/2013 16:50:00","LONGIL",61762,36.14,3.99,0.00
"12/28/2013 16:50:00","MHK VL",61756,32.92,0.77,0.00
"12/28/2013 16:50:00","MILLWD",61759,35.36,3.21,0.00
"12/28/2013 16:50:00","N.Y.C.",61761,35.27,3.12,0.00
"12/28/2013 16:50:00","NORTH",61755,30.86,-1.29,0.00
"12/28/2013 16:50:00","NPX",61845,58.60,2.61,-24.21
"12/28/2013 16:50:00","O H",61846,29.68,-2.47,0.00
"12/28/2013 16:50:00","PJM",61847,30.54,-1.61,0.00
"12/28/2013 16:50:00","WEST",61752,30.06,-2.09,0.00
"12/28/2013 16:55:00","CAPITL",61757,37.10,2.36,0.00
"12/28/2013 16:55:00","CENTRL",61754,34.84,0.10,0.00
"12/28/2013 16:55:00","DUNWOD",61760,38.14,3.41,0.00
"12/28/2013 16:55:00","GENESE",61753,33.73,-1.01,0.00
"12/28/2013 16:55:00","H Q",61844,33.90,-0.83,0.00
"12/28/2013 16:55:00","HUD VL",61758,39.77,5.03,0.00
"12/28/2013 16:55:00","LONGIL",61762,39.11,4.38,0.00
"12/28/2013 16:55:00","MHK VL",61756,35.60,0.87,0.00
"12/28/2013 16:55:00","MILLWD",61759,38.28,3.54,0.00
"12/28/2013 16:55:00","N.Y.C.",61761,38.18,3.44,0.00
"12/28/2013 16:55:00","NORTH",61755,33.17,-1.56,0.00
"12/28/2013 16:55:00","NPX",61845,58.60,2.61,-24.21
"12/28/2013 16:55:00","O H",61846,31.92,-2.81,0.00
"12/28/2013 16:55:00","PJM",61847,32.89,-1.84,0.00
"12/28/2013 16:55:00","WEST",61752,32.34,-2.40,0.00
"12/28/2013 17:00:00","CAPITL",61757,36.34,2.38,0.00
"12/28/2013 17:00:00","CENTRL",61754,33.93,-0.03,0.00
"12/28/2013 17:00:00","DUNWOD",61760,37.25,3.29,0.00
"12/28/2013 17:00:00","GENESE",61753,32.80,-1.15,0.00
"12/28/2013 17:00:00","H Q",61844,33.18,-0.78,0.00
"12/28/2013 17:00:00","HUD VL",61758,38.82,4.86,0.00
"12/28/2013 17:00:00","LONGIL",61762,38.20,4.24,0.00
"12/28/2013 17:00:00","MHK VL",61756,34.77,0.81,0.00
"12/28/2013 17:00:00","MILLWD",61759,37.43,3.47,0.00
"12/28/2013 17:00:00","N.Y.C.",61761,37.29,3.33,0.00
"12/28/2013 17:00:00","NORTH",61755,32.36,-1.60,0.00
"12/28/2013 17:00:00","NPX",61845,58.60,2.61,-24.21
"12/28/2013 17:00:00","O H",61846,30.90,-3.06,0.00
"12/28/2013 17:00:00","PJM",61847,31.75,-2.21,0.00
"12/28/2013 17:00:00","WEST",61752,31.31,-2.65,0.00
"12/28/2013 17:05:00","CAPITL",61757,38.29,2.57,0.00
"12/28/2013 17:05:00","CENTRL",61754,35.68,-0.04,0.00
"12/28/2013 17:05:00","DUNWOD",61760,39.18,3.46,0.00
"12/28/2013 17:05:00","GENESE",61753,34.50,-1.21,0.00
"12/28/2013 17:05:00","H Q",61844,34.86,-0.86,0.00
"12/28/2013 17:05:00","HUD VL",61758,40.78,5.07,0.00
"12/28/2013 17:05:00","LONGIL",61762,40.18,4.46,0.00
"12/28/2013 17:05:00","MHK VL",61756,36.57,0.86,0.00
"12/28/2013 17:05:00","MILLWD",61759,39.36,3.64,0.00
"12/28/2013 17:05:00","N.Y.C.",61761,39.22,3.50,0.00
"12/28/2013 17:05:00","NORTH",61755,34.04,-1.68,0.00
"12/28/2013 17:05:00","NPX",61845,80.04,2.77,-43.92
"12/28/2013 17:05:00","O H",61846,32.47,-3.25,0.00
"12/28/2013 17:05:00","PJM",61847,33.36,-2.36,0.00
"12/28/2013 17:05:00","WEST",61752,32.89,-2.82,0.00
"12/28/2013 17:10:00","CAPITL",61757,98.70,6.46,0.00
"12/28/2013 17:10:00","CENTRL",61754,92.34,0.09,0.00
"12/28/2013 17:10:00","DUNWOD",61760,101.19,8.95,0.00
"12/28/2013 17:10:00","GENESE",61753,89.39,-2.86,0.00
"12/28/2013 17:10:00","H Q",61844,90.03,-2.21,0.00
"12/28/2013 17:10:00","HUD VL",61758,105.44,13.19,0.00
"12/28/2013 17:10:00","LONGIL",61762,103.87,11.62,0.00
"12/28/2013 17:10:00","MHK VL",61756,94.56,2.31,0.00
"12/28/2013 17:10:00","MILLWD",61759,101.66,9.41,0.00
"12/28/2013 17:10:00","N.Y.C.",61761,101.19,8.95,0.00
"12/28/2013 17:10:00","NORTH",61755,88.01,-4.24,0.00
"12/28/2013 17:10:00","NPX",61845,80.04,2.77,-43.92
"12/28/2013 17:10:00","O H",61846,84.31,-7.93,0.00
"12/28/2013 17:10:00","PJM",61847,86.81,-5.44,0.00
"12/28/2013 17:10:00","WEST",61752,85.52,-6.73,0.00
"12/28/2013 17:15:00","CAPITL",61757,229.37,15.20,-0.06
"12/28/2013 17:15:00","CENTRL",61754,214.12,0.00,-0.01
"12/28/2013 17:15:00","DUNWOD",61760,236.00,21.85,-0.04
"12/28/2013 17:15:00","GENESE",61753,207.05,-7.06,-0.01
"12/28/2013 17:15:00","H Q",61844,208.77,-5.34,0.00
"12/28/2013 17:15:00","HUD VL",61758,244.54,30.39,-0.04
"12/28/2013 17:15:00","LONGIL",61762,242.85,28.70,-0.04
"12/28/2013 17:15:00","MHK VL",61756,219.47,5.35,-0.01
"12/28/2013 17:15:00","MILLWD",61759,237.07,22.92,-0.04
"12/28/2013 17:15:00","N.Y.C.",61761,236.00,21.85,-0.04
"12/28/2013 17:15:00","NORTH",61755,203.62,-10.49,0.00
"12/28/2013 17:15:00","NPX",61845,80.04,2.77,-43.92
"12/28/2013 17:15:00","O H",61846,195.49,-18.63,-0.01
"12/28/2013 17:15:00","PJM",61847,201.05,-13.07,-0.01
"12/28/2013 17:15:00","WEST",61752,198.50,-15.62,-0.01
"12/28/2013 17:20:00","CAPITL",61757,229.72,15.23,0.00
"12/28/2013 17:20:00","CENTRL",61754,214.06,-0.43,0.00
"12/28/2013 17:20:00","DUNWOD",61760,236.15,21.65,0.00
"12/28/2013 17:20:00","GENESE",61753,207.20,-7.29,0.00
"12/28/2013 17:20:00","H Q",61844,209.34,-5.15,0.00
"12/28/2013 17:20:00","HUD VL",61758,244.74,30.25,0.00
"12/28/2013 17:20:00","LONGIL",61762,243.02,28.53,0.00
"12/28/2013 17:20:00","MHK VL",61756,220.06,5.57,0.00
"12/28/2013 17:20:00","MILLWD",61759,237.22,22.73,0.00
"12/28/2013 17:20:00","N.Y.C.",61761,236.38,21.89,0.00
"12/28/2013 17:20:00","NORTH",61755,204.41,-10.08,0.00
"12/28/2013 17:20:00","NPX",61845,43.93,2.72,-8.37
"12/28/2013 17:20:00","O H",61846,195.40,-19.09,0.00
"12/28/2013 17:20:00","PJM",61847,200.55,-13.94,0.00
"12/28/2013 17:20:00","WEST",61752,198.18,-16.31,0.00
"12/28/2013 17:25:00","CAPITL",61757,229.14,14.99,0.00
"12/28/2013 17:25:00","CENTRL",61754,213.94,-0.21,0.00
"12/28/2013 17:25:00","DUNWOD",61760,236.21,22.06,0.00
"12/28/2013 17:25:00","GENESE",61753,207.29,-6.86,0.00
"12/28/2013 17:25:00","H Q",61844,208.81,-5.35,0.00
"12/28/2013 17:25:00","HUD VL",61758,244.77,30.62,0.00
"12/28/2013 17:25:00","LONGIL",61762,243.27,29.12,0.00
"12/28/2013 17:25:00","MHK VL",61756,219.71,5.56,0.00
"12/28/2013 17:25:00","MILLWD",61759,237.08,22.93,0.00
"12/28/2013 17:25:00","N.Y.C.",61761,236.21,22.06,0.00
"12/28/2013 17:25:00","NORTH",61755,203.88,-10.28,0.00
"12/28/2013 17:25:00","NPX",61845,43.93,2.72,-8.37
"12/28/2013 17:25:00","O H",61846,195.52,-18.63,0.00
"12/28/2013 17:25:00","PJM",61847,201.08,-13.07,0.00
"12/28/2013 17:25:00","WEST",61752,198.53,-15.62,0.00
"12/28/2013 17:30:00","CAPITL",61757,242.22,15.84,0.00
"12/28/2013 17:30:00","CENTRL",61754,225.92,-0.45,0.00
"12/28/2013 17:30:00","DUNWOD",61760,249.70,23.32,0.00
"12/28/2013 17:30:00","GENESE",61753,218.91,-7.46,0.00
"12/28/2013 17:30:00","H Q",61844,220.73,-5.65,0.00
"12/28/2013 17:30:00","HUD VL",61758,258.98,32.61,0.00
"12/28/2013 17:30:00","LONGIL",61762,257.63,31.25,0.00
"12/28/2013 17:30:00","MHK VL",61756,232.25,5.88,0.00
"12/28/2013 17:30:00","MILLWD",61759,250.83,24.46,0.00
"12/28/2013 17:30:00","N.Y.C.",61761,249.92,23.54,0.00
"12/28/2013 17:30:00","NORTH",61755,215.74,-10.64,0.00
"12/28/2013 17:30:00","NPX",61845,43.93,2.72,-8.37
"12/28/2013 17:30:00","O H",61846,206.23,-20.15,0.00
"12/28/2013 17:30:00","PJM",61847,211.67,-14.71,0.00
"12/28/2013 17:30:00","WEST",61752,209.39,-16.98,0.00
"12/28/2013 17:35:00","CAPITL",61757,228.89,14.97,0.00
"12/28/2013 17:35:00","CENTRL",61754,213.50,-0.43,0.00
"12/28/2013 17:35:00","DUNWOD",61760,235.96,22.04,0.00
"12/28/2013 17:35:00","GENESE",61753,207.07,-6.85,0.00
"12/28/2013 17:35:00","H Q",61844,208.58,-5.34,0.00
"12/28/2013 17:35:00","HUD VL",61758,244.74,30.81,0.00
"12/28/2013 17:35:00","LONGIL",61762,243.23,29.31,0.00
"12/28/2013 17:35:00","MHK VL",61756,219.48,5.55,0.00
"12/28/2013 17:35:00","MILLWD",61759,237.03,23.11,0.00
"12/28/2013 17:35:00","N.Y.C.",61761,235.96,22.04,0.00
"12/28/2013 17:35:00","NORTH",61755,203.45,-10.48,0.00
"12/28/2013 17:35:00","NPX",61845,48.03,2.68,-13.01
"12/28/2013 17:35:00","O H",61846,195.10,-18.83,0.00
"12/28/2013 17:35:00","PJM",61847,200.66,-13.26,0.00
"12/28/2013 17:35:00","WEST",61752,198.10,-15.83,0.00
"12/28/2013 17:40:00","CAPITL",61757,228.89,14.97,0.00
"12/28/2013 17:40:00","CENTRL",61754,213.71,-0.21,0.00
"12/28/2013 17:40:00","DUNWOD",61760,235.75,21.83,0.00
"12/28/2013 17:40:00","GENESE",61753,207.07,-6.85,0.00
"12/28/2013 17:40:00","H Q",61844,208.58,-5.34,0.00
"12/28/2013 17:40:00","HUD VL",61758,244.51,30.59,0.00
"12/28/2013 17:40:00","LONGIL",61762,243.01,29.09,0.00
"12/28/2013 17:40:00","MHK VL",61756,219.70,5.78,0.00
"12/28/2013 17:40:00","MILLWD",61759,236.82,22.90,0.00
"12/28/2013 17:40:00","N.Y.C.",61761,235.75,21.83,0.00
"12/28/2013 17:40:00","NORTH",61755,203.45,-10.48,0.00
"12/28/2013 17:40:00","NPX",61845,48.03,2.68,-13.01
"12/28/2013 17:40:00","O H",61846,195.52,-18.40,0.00
"12/28/2013 17:40:00","PJM",61847,201.30,-12.62,0.00
"12/28/2013 17:40:00","WEST",61752,198.52,-15.41,0.00
"12/28/2013 17:45:00","CAPITL",61757,38.84,2.54,0.00
"12/28/2013 17:45:00","CENTRL",61754,36.23,-0.07,0.00
"12/28/2013 17:45:00","DUNWOD",61760,40.04,3.74,0.00
"12/28/2013 17:45:00","GENESE",61753,35.03,-1.27,0.00
"12/28/2013 17:45:00","H Q",61844,35.40,-0.91,0.00
"12/28/2013 17:45:00","HUD VL",61758,41.53,5.23,0.00
"12/28/2013 17:45:00","LONGIL",61762,41.28,4.97,0.00
"12/28/2013 17:45:00","MHK VL",61756,37.25,0.94,0.00
"12/28/2013 17:45:00","MILLWD",61759,40.23,3.92,0.00
"12/28/2013 17:45:00","N.Y.C.",61761,40.08,3.78,0.00
"12/28/2013 17:45:00","NORTH",61755,34.49,-1.81,0.00
"12/28/2013 17:45:00","NPX",61845,48.03,2.68,-13.01
"12/28/2013 17:45:00","O H",61846,32.96,-3.34,0.00
"12/28/2013 17:45:00","PJM",61847,33.94,-2.36,0.00
"12/28/2013 17:45:00","WEST",61752,33.47,-2.83,0.00
"12/28/2013 17:50:00","CAPITL",61757,38.85,2.51,0.00
"12/28/2013 17:50:00","CENTRL",61754,36.31,-0.04,0.00
"12/28/2013 17:50:00","DUNWOD",61760,40.09,3.74,0.00
"12/28/2013 17:50:00","GENESE",61753,35.07,-1.27,0.00
"12/28/2013 17:50:00","H Q",61844,35.44,-0.91,0.00
"12/28/2013 17:50:00","HUD VL",61758,41.54,5.20,0.00
"12/28/2013 17:50:00","LONGIL",61762,41.32,4.98,0.00
"12/28/2013 17:50:00","MHK VL",61756,37.32,0.98,0.00
"12/28/2013 17:50:00","MILLWD",61759,40.23,3.89,0.00
"12/28/2013 17:50:00","N.Y.C.",61761,40.12,3.78,0.00
"12/28/2013 17:50:00","NORTH",61755,34.53,-1.82,0.00
"12/28/2013 17:50:00","NPX",61845,48.00,2.68,-13.02
"12/28/2013 17:50:00","O H",61846,33.04,-3.31,0.00
"12/28/2013 17:50:00","PJM",61847,34.05,-2.29,0.00
"12/28/2013 17:50:00","WEST",61752,33.51,-2.83,0.00
"12/28/2013 17:55:00","CAPITL",61757,44.40,2.42,-6.84
"12/28/2013 17:55:00","CENTRL",61754,35.80,-0.14,-0.80
"12/28/2013 17:55:00","DUNWOD",61760,43.79,3.65,-5.00
"12/28/2013 17:55:00","GENESE",61753,34.43,-1.34,-0.63
"12/28/2013 17:55:00","H Q",61844,34.26,-0.88,0.00
"12/28/2013 17:55:00","HUD VL",61758,45.18,5.06,-4.98
"12/28/2013 17:55:00","LONGIL",61762,45.03,4.88,-5.00
"12/28/2013 17:55:00","MHK VL",61756,36.84,0.91,-0.79
"12/28/2013 17:55:00","MILLWD",61759,44.01,3.83,-5.04
"12/28/2013 17:55:00","N.Y.C.",61761,43.83,3.69,-5.00
"12/28/2013 17:55:00","NORTH",61755,33.38,-1.76,0.00
"12/28/2013 17:55:00","NPX",61845,48.00,2.68,-13.02
"12/28/2013 17:55:00","O H",61846,32.53,-3.44,-0.83
"12/28/2013 17:55:00","PJM",61847,33.68,-2.49,-1.04
"12/28/2013 17:55:00","WEST",61752,32.96,-2.99,-0.81
"12/28/2013 18:00:00","CAPITL",61757,48.23,2.44,-10.43
"12/28/2013 18:00:00","CENTRL",61754,36.41,-0.18,-1.22
"12/28/2013 18:00:00","DUNWOD",61760,46.67,3.68,-7.63
"12/28/2013 18:00:00","GENESE",61753,34.94,-1.38,-0.96
"12/28/2013 18:00:00","H Q",61844,34.51,-0.85,0.00
"12/28/2013 18:00:00","HUD VL",61758,48.06,5.09,-7.60
"12/28/2013 18:00:00","LONGIL",61762,47.88,4.88,-7.64
"12/28/2013 18:00:00","MHK VL",61756,37.48,0.92,-1.20
"12/28/2013 18:00:00","MILLWD",61759,46.92,3.86,-7.70
"12/28/2013 18:00:00","N.Y.C.",61761,46.75,3.75,-7.64
"12/28/2013 18:00:00","NORTH",61755,33.63,-1.73,0.00
"12/28/2013 18:00:00","NPX",61845,48.00,2.68,-13.02
"12/28/2013 18:00:00","O H",61846,33.13,-3.50,-1.27
"12/28/2013 18:00:00","PJM",61847,34.33,-2.62,-1.58
"12/28/2013 18:00:00","WEST",61752,33.52,-3.08,-1.24
"12/28/2013 18:05:00","CAPITL",61757,44.44,2.62,-3.87
"12/28/2013 18:05:00","CENTRL",61754,38.26,-0.15,-0.45
"12/28/2013 18:05:00","DUNWOD",61760,44.77,3.98,-2.83
"12/28/2013 18:05:00","GENESE",61753,36.79,-1.52,-0.35
"12/28/2013 18:05:00","H Q",61844,37.05,-0.91,0.00
"12/28/2013 18:05:00","HUD VL",61758,46.24,5.47,-2.82
"12/28/2013 18:05:00","LONGIL",61762,45.99,5.20,-2.83
"12/28/2013 18:05:00","MHK VL",61756,39.39,0.99,-0.44
"12/28/2013 18:05:00","MILLWD",61759,44.95,4.14,-2.85
"12/28/2013 18:05:00","N.Y.C.",61761,44.81,4.02,-2.83
"12/28/2013 18:05:00","NORTH",61755,36.14,-1.82,0.00
"12/28/2013 18:05:00","NPX",61845,45.00,2.93,-6.34
"12/28/2013 18:05:00","O H",61846,34.71,-3.72,-0.47
"12/28/2013 18:05:00","PJM",61847,35.96,-2.58,-0.59
"12/28/2013 18:05:00","WEST",61752,35.15,-3.26,-0.46
"12/28/2013 18:10:00","CAPITL",61757,44.50,2.54,-5.09
"12/28/2013 18:10:00","CENTRL",61754,37.32,-0.15,-0.60
"12/28/2013 18:10:00","DUNWOD",61760,44.50,3.91,-3.72
"12/28/2013 18:10:00","GENESE",61753,35.82,-1.51,-0.47
"12/28/2013 18:10:00","H Q",61844,35.98,-0.89,0.00
"12/28/2013 18:10:00","HUD VL",61758,45.92,5.34,-3.71
"12/28/2013 18:10:00","LONGIL",61762,45.79,5.20,-3.73
"12/28/2013 18:10:00","MHK VL",61756,38.41,0.96,-0.59
"12/28/2013 18:10:00","MILLWD",61759,44.68,4.06,-3.76
"12/28/2013 18:10:00","N.Y.C.",61761,44.54,3.95,-3.73
"12/28/2013 18:10:00","NORTH",61755,35.10,-1.77,0.00
"12/28/2013 18:10:00","NPX",61845,45.00,2.93,-6.34
"12/28/2013 18:10:00","O H",61846,33.80,-3.69,-0.62
"12/28/2013 18:10:00","PJM",61847,35.09,-2.54,-0.77
"12/28/2013 18:10:00","WEST",61752,34.22,-3.24,-0.60
"12/28/2013 18:15:00","CAPITL",61757,44.52,2.52,-6.03
"12/28/2013 18:15:00","CENTRL",61754,36.53,-0.14,-0.71
"12/28/2013 18:15:00","DUNWOD",61760,44.15,3.78,-4.41
"12/28/2013 18:15:00","GENESE",61753,35.04,-1.48,-0.55
"12/28/2013 18:15:00","H Q",61844,35.10,-0.86,0.00
"12/28/2013 18:15:00","HUD VL",61758,45.18,4.82,-4.40
"12/28/2013 18:15:00","LONGIL",61762,45.31,4.93,-4.42
"12/28/2013 18:15:00","MHK VL",61756,37.64,0.97,-0.71
"12/28/2013 18:15:00","MILLWD",61759,44.34,3.92,-4.45
"12/28/2013 18:15:00","N.Y.C.",61761,44.19,3.81,-4.42
"12/28/2013 18:15:00","NORTH",61755,34.24,-1.73,0.00
"12/28/2013 18:15:00","NPX",61845,45.00,2.93,-6.34
"12/28/2013 18:15:00","O H",61846,33.18,-3.52,-0.74
"12/28/2013 18:15:00","PJM",61847,34.40,-2.48,-0.91
"12/28/2013 18:15:00","WEST",61752,33.62,-3.06,-0.72
"12/28/2013 18:20:00","CAPITL",61757,47.67,2.43,-10.53
"12/28/2013 18:20:00","CENTRL",61754,35.81,-0.14,-1.24
"12/28/2013 18:20:00","DUNWOD",61760,46.06,3.64,-7.70
"12/28/2013 18:20:00","GENESE",61753,34.29,-1.39,-0.96
"12/28/2013 18:20:00","H Q",61844,33.88,-0.83,0.00
"12/28/2013 18:20:00","HUD VL",61758,47.07,4.68,-7.67
"12/28/2013 18:20:00","LONGIL",61762,47.18,4.76,-7.71
"12/28/2013 18:20:00","MHK VL",61756,36.85,0.90,-1.23
"12/28/2013 18:20:00","MILLWD",61759,46.30,3.82,-7.77
"12/28/2013 18:20:00","N.Y.C.",61761,46.14,3.72,-7.71
"12/28/2013 18:20:00","NORTH",61755,33.05,-1.67,0.00
"12/28/2013 18:20:00","NPX",61845,152.52,2.96,-113.88
"12/28/2013 18:20:00","O H",61846,32.60,-3.40,-1.29
"12/28/2013 18:20:00","PJM",61847,33.91,-2.39,-1.59
"12/28/2013 18:20:00","WEST",61752,33.01,-2.95,-1.25
"12/28/2013 18:25:00","CAPITL",61757,47.98,2.45,-9.95
"12/28/2013 18:25:00","CENTRL",61754,36.53,-0.21,-1.17
"12/28/2013 18:25:00","DUNWOD",61760,46.55,3.70,-7.28
"12/28/2013 18:25:00","GENESE",61753,34.99,-1.49,-0.91
"12/28/2013 18:25:00","H Q",61844,34.76,-0.82,0.00
"12/28/2013 18:25:00","HUD VL",61758,47.59,4.77,-7.25
"12/28/2013 18:25:00","LONGIL",61762,47.69,4.84,-7.28
"12/28/2013 18:25:00","MHK VL",61756,37.63,0.89,-1.17
"12/28/2013 18:25:00","MILLWD",61759,46.79,3.88,-7.34
"12/28/2013 18:25:00","N.Y.C.",61761,46.63,3.77,-7.28
"12/28/2013 18:25:00","NORTH",61755,33.94,-1.64,0.00
"12/28/2013 18:25:00","NPX",61845,152.52,2.96,-113.88
"12/28/2013 18:25:00","O H",61846,33.16,-3.63,-1.21
"12/28/2013 18:25:00","PJM",61847,34.48,-2.60,-1.51
"12/28/2013 18:25:00","WEST",61752,33.59,-3.17,-1.18
"12/28/2013 18:30:00","CAPITL",61757,48.96,2.49,-10.37
"12/28/2013 18:30:00","CENTRL",61754,37.11,-0.22,-1.22
"12/28/2013 18:30:00","DUNWOD",61760,47.44,3.75,-7.58
"12/28/2013 18:30:00","GENESE",61753,35.47,-1.59,-0.95
"12/28/2013 18:30:00","H Q",61844,35.28,-0.83,0.00
"12/28/2013 18:30:00","HUD VL",61758,48.50,4.84,-7.55
"12/28/2013 18:30:00","LONGIL",61762,48.60,4.91,-7.59
"12/28/2013 18:30:00","MHK VL",61756,38.22,0.90,-1.22
"12/28/2013 18:30:00","MILLWD",61759,47.69,3.94,-7.65
"12/28/2013 18:30:00","N.Y.C.",61761,47.52,3.83,-7.59
"12/28/2013 18:30:00","NORTH",61755,34.48,-1.62,0.00
"12/28/2013 18:30:00","NPX",61845,152.52,2.96,-113.88
"12/28/2013 18:30:00","O H",61846,33.61,-3.76,-1.26
"12/28/2013 18:30:00","PJM",61847,35.04,-2.63,-1.57
"12/28/2013 18:30:00","WEST",61752,34.08,-3.25,-1.23
"12/28/2013 18:35:00","CAPITL",61757,48.18,2.49,-10.05
"12/28/2013 18:35:00","CENTRL",61754,36.61,-0.21,-1.18
"12/28/2013 18:35:00","DUNWOD",61760,46.70,3.71,-7.35
"12/28/2013 18:35:00","GENESE",61753,35.00,-1.57,-0.92
"12/28/2013 18:35:00","H Q",61844,34.82,-0.82,0.00
"12/28/2013 18:35:00","HUD VL",61758,47.71,4.74,-7.32
"12/28/2013 18:35:00","LONGIL",61762,47.81,4.81,-7.35
"12/28/2013 18:35:00","MHK VL",61756,37.71,0.89,-1.18
"12/28/2013 18:35:00","MILLWD",61759,46.91,3.85,-7.41
"12/28/2013 18:35:00","N.Y.C.",61761,46.77,3.78,-7.35
"12/28/2013 18:35:00","NORTH",61755,34.04,-1.60,0.00
"12/28/2013 18:35:00","NPX",61845,42.88,2.97,-4.04
"12/28/2013 18:35:00","O H",61846,33.20,-3.67,-1.23
"12/28/2013 18:35:00","PJM",61847,34.53,-2.64,-1.52
"12/28/2013 18:35:00","WEST",61752,33.63,-3.21,-1.19
"12/28/2013 18:40:00","CAPITL",61757,47.93,2.46,-9.80
"12/28/2013 18:40:00","CENTRL",61754,36.57,-0.25,-1.15
"12/28/2013 18:40:00","DUNWOD",61760,46.55,3.71,-7.17
"12/28/2013 18:40:00","GENESE",61753,35.00,-1.57,-0.90
"12/28/2013 18:40:00","H Q",61844,34.85,-0.82,0.00
"12/28/2013 18:40:00","HUD VL",61758,47.59,4.78,-7.14
"12/28/2013 18:40:00","LONGIL",61762,47.66,4.81,-7.17
"12/28/2013 18:40:00","MHK VL",61756,37.67,0.85,-1.15
"12/28/2013 18:40:00","MILLWD",61759,46.79,3.89,-7.23
"12/28/2013 18:40:00","N.Y.C.",61761,46.62,3.78,-7.17
"12/28/2013 18:40:00","NORTH",61755,34.10,-1.57,0.00
"12/28/2013 18:40:00","NPX",61845,42.88,2.97,-4.04
"12/28/2013 18:40:00","O H",61846,33.16,-3.71,-1.20
"12/28/2013 18:40:00","PJM",61847,34.51,-2.64,-1.48
"12/28/2013 18:40:00","WEST",61752,33.59,-3.25,-1.16
"12/28/2013 18:45:00","CAPITL",61757,62.05,3.81,-3.05
"12/28/2013 18:45:00","CENTRL",61754,55.17,-0.38,-0.36
"12/28/2013 18:45:00","DUNWOD",61760,63.17,5.74,-2.23
"12/28/2013 18:45:00","GENESE",61753,52.99,-2.48,-0.28
"12/28/2013 18:45:00","H Q",61844,53.93,-1.27,0.00
"12/28/2013 18:45:00","HUD VL",61758,64.82,7.40,-2.22
"12/28/2013 18:45:00","LONGIL",61762,64.88,7.45,-2.23
"12/28/2013 18:45:00","MHK VL",61756,56.88,1.32,-0.36
"12/28/2013 18:45:00","MILLWD",61759,63.47,6.02,-2.25
"12/28/2013 18:45:00","N.Y.C.",61761,63.28,5.85,-2.23
"12/28/2013 18:45:00","NORTH",61755,52.83,-2.37,0.00
"12/28/2013 18:45:00","NPX",61845,42.88,2.97,-4.04
"12/28/2013 18:45:00","O H",61846,49.83,-5.74,-0.37
"12/28/2013 18:45:00","PJM",61847,51.52,-4.14,-0.46
"12/28/2013 18:45:00","WEST",61752,50.54,-5.02,-0.36
"12/28/2013 18:50:00","CAPITL",61757,51.05,2.43,-13.34
"12/28/2013 18:50:00","CENTRL",61754,36.60,-0.25,-1.57
"12/28/2013 18:50:00","DUNWOD",61760,48.71,3.67,-9.76
"12/28/2013 18:50:00","GENESE",61753,34.95,-1.55,-1.22
"12/28/2013 18:50:00","H Q",61844,34.47,-0.81,0.00
"12/28/2013 18:50:00","HUD VL",61758,49.73,4.73,-9.72
"12/28/2013 18:50:00","LONGIL",61762,49.80,4.76,-9.76
"12/28/2013 18:50:00","MHK VL",61756,37.69,0.85,-1.56
"12/28/2013 18:50:00","MILLWD",61759,48.97,3.85,-9.84
"12/28/2013 18:50:00","N.Y.C.",61761,48.82,3.78,-9.76
"12/28/2013 18:50:00","NORTH",61755,33.76,-1.52,0.00
"12/28/2013 18:50:00","NPX",61845,95.00,2.93,-56.71
"12/28/2013 18:50:00","O H",61846,33.27,-3.63,-1.63
"12/28/2013 18:50:00","PJM",61847,34.69,-2.61,-2.02
"12/28/2013 18:50:00","WEST",61752,33.69,-3.18,-1.58
"12/28/2013 18:55:00","CAPITL",61757,44.50,2.56,-4.80
"12/28/2013 18:55:00","CENTRL",61754,37.48,-0.22,-0.56
"12/28/2013 18:55:00","DUNWOD",61760,44.51,3.86,-3.51
"12/28/2013 18:55:00","GENESE",61753,35.94,-1.63,-0.44
"12/28/2013 18:55:00","H Q",61844,36.28,-0.85,0.00
"12/28/2013 18:55:00","HUD VL",61758,45.57,4.94,-3.50
"12/28/2013 18:55:00","LONGIL",61762,45.63,4.98,-3.51
"12/28/2013 18:55:00","MHK VL",61756,38.59,0.89,-0.56
"12/28/2013 18:55:00","MILLWD",61759,44.69,4.01,-3.54
"12/28/2013 18:55:00","N.Y.C.",61761,44.58,3.93,-3.51
"12/28/2013 18:55:00","NORTH",61755,35.58,-1.56,0.00
"12/28/2013 18:55:00","NPX",61845,95.00,2.93,-56.71
"12/28/2013 18:55:00","O H",61846,33.90,-3.82,-0.59
"12/28/2013 18:55:00","PJM",61847,35.11,-2.75,-0.73
"12/28/2013 18:55:00","WEST",61752,34.36,-3.34,-0.57
"12/28/2013 19:00:00","CAPITL",61757,46.22,2.48,-7.82
"12/28/2013 19:00:00","CENTRL",61754,36.59,-0.25,-0.92
"12/28/2013 19:00:00","DUNWOD",61760,45.38,3.74,-5.72
"12/28/2013 19:00:00","GENESE",61753,34.99,-1.65,-0.72
"12/28/2013 19:00:00","H Q",61844,35.14,-0.79,0.00
"12/28/2013 19:00:00","HUD VL",61758,46.44,4.82,-5.70
"12/28/2013 19:00:00","LONGIL",61762,46.53,4.89,-5.72
"12/28/2013 19:00:00","MHK VL",61756,37.74,0.90,-0.92
"12/28/2013 19:00:00","MILLWD",61759,45.61,3.92,-5.77
"12/28/2013 19:00:00","N.Y.C.",61761,45.45,3.81,-5.72
"12/28/2013 19:00:00","NORTH",61755,34.45,-1.47,0.00
"12/28/2013 19:00:00","NPX",61845,95.00,2.93,-56.71
"12/28/2013 19:00:00","O H",61846,33.07,-3.81,-0.95
"12/28/2013 19:00:00","PJM",61847,34.38,-2.73,-1.18
"12/28/2013 19:00:00","WEST",61752,33.51,-3.34,-0.93
"12/28/2013 19:05:00","CAPITL",61757,44.62,2.26,-9.55
"12/28/2013 19:05:00","CENTRL",61754,33.66,-0.26,-1.12
"12/28/2013 19:05:00","DUNWOD",61760,43.17,3.38,-6.99
"12/28/2013 19:05:00","GENESE",61753,32.24,-1.44,-0.87
"12/28/2013 19:05:00","H Q",61844,32.09,-0.72,0.00
"12/28/2013 19:05:00","HUD VL",61758,44.10,4.33,-6.96
"12/28/2013 19:05:00","LONGIL",61762,44.22,4.43,-6.99
"12/28/2013 19:05:00","MHK VL",61756,34.71,0.79,-1.12
"12/28/2013 19:05:00","MILLWD",61759,43.36,3.51,-7.05
"12/28/2013 19:05:00","N.Y.C.",61761,43.24,3.44,-6.99
"12/28/2013 19:05:00","NORTH",61755,31.49,-1.31,0.00
"12/28/2013 19:05:00","NPX",61845,52.73,2.72,-17.59
"12/28/2013 19:05:00","O H",61846,30.56,-3.41,-1.17
"12/28/2013 19:05:00","PJM",61847,31.73,-2.53,-1.45
"12/28/2013 19:05:00","WEST",61752,30.95,-2.99,-1.13
"12/28/2013 19:10:00","CAPITL",61757,44.70,2.10,-12.53
"12/28/2013 19:10:00","CENTRL",61754,31.29,-0.24,-1.47
"12/28/2013 19:10:00","DUNWOD",61760,42.32,3.10,-9.17
"12/28/2013 19:10:00","GENESE",61753,29.92,-1.29,-1.15
"12/28/2013 19:10:00","H Q",61844,29.40,-0.66,0.00
"12/28/2013 19:10:00","HUD VL",61758,43.16,3.97,-9.13
"12/28/2013 19:10:00","LONGIL",61762,43.26,4.03,-9.17
"12/28/2013 19:10:00","MHK VL",61756,32.25,0.72,-1.47
"12/28/2013 19:10:00","MILLWD",61759,42.52,3.22,-9.25
"12/28/2013 19:10:00","N.Y.C.",61761,42.39,3.16,-9.17
"12/28/2013 19:10:00","NORTH",61755,28.82,-1.23,0.00
"12/28/2013 19:10:00","NPX",61845,52.73,2.72,-17.59
"12/28/2013 19:10:00","O H",61846,28.49,-3.10,-1.53
"12/28/2013 19:10:00","PJM",61847,29.64,-2.31,-1.90
"12/28/2013 19:10:00","WEST",61752,28.87,-2.68,-1.49
"12/28/2013 19:15:00","CAPITL",61757,46.69,2.06,-14.79
"12/28/2013 19:15:00","CENTRL",61754,31.37,-0.21,-1.74
"12/28/2013 19:15:00","DUNWOD",61760,43.74,3.07,-10.82
"12/28/2013 19:15:00","GENESE",61753,29.89,-1.31,-1.36
"12/28/2013 19:15:00","H Q",61844,29.19,-0.66,0.00
"12/28/2013 19:15:00","HUD VL",61758,44.56,3.94,-10.78
"12/28/2013 19:15:00","LONGIL",61762,44.67,4.00,-10.83
"12/28/2013 19:15:00","MHK VL",61756,32.31,0.72,-1.75
"12/28/2013 19:15:00","MILLWD",61759,43.98,3.22,-10.91
"12/28/2013 19:15:00","N.Y.C.",61761,43.80,3.13,-10.82
"12/28/2013 19:15:00","NORTH",61755,28.62,-1.22,0.00
"12/28/2013 19:15:00","NPX",61845,52.73,2.72,-17.59
"12/28/2013 19:15:00","O H",61846,28.54,-3.10,-1.80
"12/28/2013 19:15:00","PJM",61847,29.79,-2.30,-2.24
"12/28/2013 19:15:00","WEST",61752,28.91,-2.69,-1.75
"12/28/2013 19:20:00","CAPITL",61757,38.23,2.50,0.00
"12/28/2013 19:20:00","CENTRL",61754,35.52,-0.21,0.00
"12/28/2013 19:20:00","DUNWOD",61760,39.41,3.68,0.00
"12/28/2013 19:20:00","GENESE",61753,34.16,-1.57,0.00
"12/28/2013 19:20:00","H Q",61844,34.91,-0.82,0.00
"12/28/2013 19:20:00","HUD VL",61758,40.45,4.72,0.00
"12/28/2013 19:20:00","LONGIL",61762,40.52,4.79,0.00
"12/28/2013 19:20:00","MHK VL",61756,36.62,0.89,0.00
"12/28/2013 19:20:00","MILLWD",61759,39.59,3.86,0.00
"12/28/2013 19:20:00","N.Y.C.",61761,39.48,3.75,0.00
"12/28/2013 19:20:00","NORTH",61755,34.26,-1.47,0.00
"12/28/2013 19:20:00","NPX",61845,59.95,2.83,-23.42
"12/28/2013 19:20:00","O H",61846,32.05,-3.68,0.00
"12/28/2013 19:20:00","PJM",61847,33.12,-2.61,0.00
"12/28/2013 19:20:00","WEST",61752,32.51,-3.22,0.00
"12/28/2013 19:25:00","CAPITL",61757,44.58,2.27,-9.37
"12/28/2013 19:25:00","CENTRL",61754,33.81,-0.23,-1.10
"12/28/2013 19:25:00","DUNWOD",61760,43.19,3.39,-6.85
"12/28/2013 19:25:00","GENESE",61753,32.29,-1.51,-0.86
"12/28/2013 19:25:00","H Q",61844,32.22,-0.72,0.00
"12/28/2013 19:25:00","HUD VL",61758,44.08,4.31,-6.83
"12/28/2013 19:25:00","LONGIL",61762,44.22,4.42,-6.86
"12/28/2013 19:25:00","MHK VL",61756,34.84,0.79,-1.11
"12/28/2013 19:25:00","MILLWD",61759,43.41,3.56,-6.91
"12/28/2013 19:25:00","N.Y.C.",61761,43.26,3.46,-6.86
"12/28/2013 19:25:00","NORTH",61755,31.62,-1.32,0.00
"12/28/2013 19:25:00","NPX",61845,59.95,2.83,-23.42
"12/28/2013 19:25:00","O H",61846,30.56,-3.52,-1.14
"12/28/2013 19:25:00","PJM",61847,31.76,-2.60,-1.42
"12/28/2013 19:25:00","WEST",61752,30.96,-3.10,-1.11
"12/28/2013 19:30:00","CAPITL",61757,38.22,2.36,-1.57
"12/28/2013 19:30:00","CENTRL",61754,34.23,-0.24,-0.18
"12/28/2013 19:30:00","DUNWOD",61760,38.97,3.53,-1.15
"12/28/2013 19:30:00","GENESE",61753,32.85,-1.58,-0.14
"12/28/2013 19:30:00","H Q",61844,33.53,-0.75,0.00
"12/28/2013 19:30:00","HUD VL",61758,39.92,4.49,-1.14
"12/28/2013 19:30:00","LONGIL",61762,39.99,4.56,-1.15
"12/28/2013 19:30:00","MHK VL",61756,35.29,0.82,-0.19
"12/28/2013 19:30:00","MILLWD",61759,39.11,3.67,-1.16
"12/28/2013 19:30:00","N.Y.C.",61761,39.03,3.60,-1.15
"12/28/2013 19:30:00","NORTH",61755,32.91,-1.37,0.00
"12/28/2013 19:30:00","NPX",61845,59.95,2.83,-23.42
"12/28/2013 19:30:00","O H",61846,30.81,-3.67,-0.19
"12/28/2013 19:30:00","PJM",61847,31.81,-2.71,-0.24
"12/28/2013 19:30:00","WEST",61752,31.25,-3.22,-0.19
"12/28/2013 19:35:00","CAPITL",61757,36.31,2.37,0.00
"12/28/2013 19:35:00","CENTRL",61754,33.73,-0.20,0.00
"12/28/2013 19:35:00","DUNWOD",61760,37.43,3.50,0.00
"12/28/2013 19:35:00","GENESE",61753,32.48,-1.46,0.00
"12/28/2013 19:35:00","H Q",61844,33.16,-0.78,0.00
"12/28/2013 19:35:00","HUD VL",61758,38.42,4.48,0.00
"12/28/2013 19:35:00","LONGIL",61762,38.45,4.51,0.00
"12/28/2013 19:35:00","MHK VL",61756,34.75,0.81,0.00
"12/28/2013 19:35:00","MILLWD",61759,37.57,3.63,0.00
"12/28/2013 19:35:00","N.Y.C.",61761,37.50,3.56,0.00
"12/28/2013 19:35:00","NORTH",61755,32.51,-1.42,0.00
"12/28/2013 19:35:00","NPX",61845,36.10,2.77,0.00
"12/28/2013 19:35:00","O H",61846,30.44,-3.49,0.00
"12/28/2013 19:35:00","PJM",61847,31.39,-2.55,0.00
"12/28/2013 19:35:00","WEST",61752,30.88,-3.05,0.00
"12/28/2013 19:40:00","CAPITL",61757,36.27,2.37,0.00
"12/28/2013 19:40:00","CENTRL",61754,33.73,-0.17,0.00
"12/28/2013 19:40:00","DUNWOD",61760,37.39,3.49,0.00
"12/28/2013 19:40:00","GENESE",61753,32.47,-1.42,0.00
"12/28/2013 19:40:00","H Q",61844,33.12,-0.78,0.00
"12/28/2013 19:40:00","HUD VL",61758,38.37,4.47,0.00
"12/28/2013 19:40:00","LONGIL",61762,38.41,4.51,0.00
"12/28/2013 19:40:00","MHK VL",61756,34.71,0.81,0.00
"12/28/2013 19:40:00","MILLWD",61759,37.56,3.66,0.00
"12/28/2013 19:40:00","N.Y.C.",61761,37.46,3.56,0.00
"12/28/2013 19:40:00","NORTH",61755,32.44,-1.46,0.00
"12/28/2013 19:40:00","NPX",61845,36.10,2.77,0.00
"12/28/2013 19:40:00","O H",61846,30.47,-3.42,0.00
"12/28/2013 19:40:00","PJM",61847,31.46,-2.44,0.00
"12/28/2013 19:40:00","WEST",61752,30.91,-2.98,0.00
"12/28/2013 19:45:00","CAPITL",61757,34.84,2.25,0.00
"12/28/2013 19:45:00","CENTRL",61754,32.43,-0.16,0.00
"12/28/2013 19:45:00","DUNWOD",61760,35.95,3.36,0.00
"12/28/2013 19:45:00","GENESE",61753,31.29,-1.30,0.00
"12/28/2013 19:45:00","H Q",61844,31.85,-0.75,0.00
"12/28/2013 19:45:00","HUD VL",61758,36.90,4.30,0.00
"12/28/2013 19:45:00","LONGIL",61762,36.93,4.34,0.00
"12/28/2013 19:45:00","MHK VL",61756,33.37,0.78,0.00
"12/28/2013 19:45:00","MILLWD",61759,36.11,3.52,0.00
"12/28/2013 19:45:00","N.Y.C.",61761,36.02,3.42,0.00
"12/28/2013 19:45:00","NORTH",61755,31.13,-1.47,0.00
"12/28/2013 19:45:00","NPX",61845,36.10,2.77,0.00
"12/28/2013 19:45:00","O H",61846,29.37,-3.23,0.00
"12/28/2013 19:45:00","PJM",61847,30.22,-2.38,0.00
"12/28/2013 19:45:00","WEST",61752,29.79,-2.80,0.00
"12/28/2013 19:50:00","CAPITL",61757,34.88,2.28,-0.06
"12/28/2013 19:50:00","CENTRL",61754,32.39,-0.16,-0.01
"12/28/2013 19:50:00","DUNWOD",61760,35.94,3.35,-0.04
"12/28/2013 19:50:00","GENESE",61753,31.24,-1.30,-0.01
"12/28/2013 19:50:00","H Q",61844,31.76,-0.78,0.00
"12/28/2013 19:50:00","HUD VL",61758,36.88,4.30,-0.04
"12/28/2013 19:50:00","LONGIL",61762,36.91,4.33,-0.04
"12/28/2013 19:50:00","MHK VL",61756,33.33,0.78,-0.01
"12/28/2013 19:50:00","MILLWD",61759,36.10,3.52,-0.04
"12/28/2013 19:50:00","N.Y.C.",61761,36.00,3.42,-0.04
"12/28/2013 19:50:00","NORTH",61755,31.01,-1.53,0.00
"12/28/2013 19:50:00","NPX",61845,31.22,2.39,0.00
"12/28/2013 19:50:00","O H",61846,29.29,-3.25,-0.01
"12/28/2013 19:50:00","PJM",61847,30.14,-2.41,-0.01
"12/28/2013 19:50:00","WEST",61752,29.72,-2.83,-0.01
"12/28/2013 19:55:00","CAPITL",61757,38.25,2.11,-5.15
"12/28/2013 19:55:00","CENTRL",61754,31.44,-0.15,-0.61
"12/28/2013 19:55:00","DUNWOD",61760,37.98,3.22,-3.77
"12/28/2013 19:55:00","GENESE",61753,30.19,-1.27,-0.47
"12/28/2013 19:55:00","H Q",61844,30.28,-0.71,0.00
"12/28/2013 19:55:00","HUD VL",61758,38.86,4.12,-3.75
"12/28/2013 19:55:00","LONGIL",61762,39.04,4.28,-3.77
"12/28/2013 19:55:00","MHK VL",61756,32.31,0.71,-0.61
"12/28/2013 19:55:00","MILLWD",61759,38.17,3.38,-3.80
"12/28/2013 19:55:00","N.Y.C.",61761,38.04,3.28,-3.77
"12/28/2013 19:55:00","NORTH",61755,29.53,-1.46,0.00
"12/28/2013 19:55:00","NPX",61845,31.22,2.39,0.00
"12/28/2013 19:55:00","O H",61846,28.46,-3.16,-0.63
"12/28/2013 19:55:00","PJM",61847,29.44,-2.32,-0.78
"12/28/2013 19:55:00","WEST",61752,28.84,-2.76,-0.61
"12/28/2013 20:00:00","CAPITL",61757,32.64,2.05,0.00
"12/28/2013 20:00:00","CENTRL",61754,30.47,-0.12,0.00
"12/28/2013 20:00:00","DUNWOD",61760,33.83,3.24,0.00
"12/28/2013 20:00:00","GENESE",61753,29.37,-1.22,0.00
"12/28/2013 20:00:00","H Q",61844,29.86,-0.73,0.00
"12/28/2013 20:00:00","HUD VL",61758,34.72,4.13,0.00
"12/28/2013 20:00:00","LONGIL",61762,34.72,4.13,0.00
"12/28/2013 20:00:00","MHK VL",61756,31.45,0.86,0.00
"12/28/2013 20:00:00","MILLWD",61759,33.99,3.40,0.00
"12/28/2013 20:00:00","N.Y.C.",61761,33.93,3.34,0.00
"12/28/2013 20:00:00","NORTH",61755,29.06,-1.53,0.00
"12/28/2013 20:00:00","NPX",61845,31.22,2.39,0.00
"12/28/2013 20:00:00","O H",61846,27.53,-3.06,0.00
"12/28/2013 20:00:00","PJM",61847,28.42,-2.17,0.00
"12/28/2013 20:00:00","WEST",61752,27.93,-2.66,0.00
"12/28/2013 20:05:00","CAPITL",61757,28.84,1.77,-1.36
"12/28/2013 20:05:00","CENTRL",61754,25.66,-0.21,-0.16
"12/28/2013 20:05:00","DUNWOD",61760,29.32,2.62,-0.99
"12/28/2013 20:05:00","GENESE",61753,24.73,-1.10,-0.12
"12/28/2013 20:05:00","H Q",61844,25.14,-0.57,0.00
"12/28/2013 20:05:00","HUD VL",61758,30.04,3.34,-0.99
"12/28/2013 20:05:00","LONGIL",61762,29.94,3.24,-0.99
"12/28/2013 20:05:00","MHK VL",61756,26.64,0.77,-0.16
"12/28/2013 20:05:00","MILLWD",61759,29.46,2.75,-1.00
"12/28/2013 20:05:00","N.Y.C.",61761,29.40,2.70,-0.99
"12/28/2013 20:05:00","NORTH",61755,24.60,-1.10,0.00
"12/28/2013 20:05:00","NPX",61845,60.00,2.53,-27.34
"12/28/2013 20:05:00","O H",61846,23.12,-2.75,-0.17
"12/28/2013 20:05:00","PJM",61847,23.73,-2.19,-0.21
"12/28/2013 20:05:00","WEST",61752,23.45,-2.42,-0.16
"12/28/2013 20:10:00","CAPITL",61757,26.45,1.73,0.00
"12/28/2013 20:10:00","CENTRL",61754,24.60,-0.12,0.00
"12/28/2013 20:10:00","DUNWOD",61760,27.19,2.47,0.00
"12/28/2013 20:10:00","GENESE",61753,23.78,-0.94,0.00
"12/28/2013 20:10:00","H Q",61844,24.13,-0.59,0.00
"12/28/2013 20:10:00","HUD VL",61758,27.88,3.16,0.00
"12/28/2013 20:10:00","LONGIL",61762,27.68,2.96,0.00
"12/28/2013 20:10:00","MHK VL",61756,25.49,0.77,0.00
"12/28/2013 20:10:00","MILLWD",61759,27.29,2.57,0.00
"12/28/2013 20:10:00","N.Y.C.",61761,27.27,2.55,0.00
"12/28/2013 20:10:00","NORTH",61755,23.56,-1.16,0.00
"12/28/2013 20:10:00","NPX",61845,60.00,2.53,-27.34
"12/28/2013 20:10:00","O H",61846,22.30,-2.42,0.00
"12/28/2013 20:10:00","PJM",61847,22.86,-1.85,0.00
"12/28/2013 20:10:00","WEST",61752,22.62,-2.10,0.00
"12/28/2013 20:15:00","CAPITL",61757,26.56,1.78,0.00
"12/28/2013 20:15:00","CENTRL",61754,24.68,-0.10,0.00
"12/28/2013 20:15:00","DUNWOD",61760,27.23,2.45,0.00
"12/28/2013 20:15:00","GENESE",61753,23.78,-0.99,0.00
"12/28/2013 20:15:00","H Q",61844,24.18,-0.59,0.00
"12/28/2013 20:15:00","HUD VL",61758,27.97,3.20,0.00
"12/28/2013 20:15:00","LONGIL",61762,27.72,2.95,0.00
"12/28/2013 20:15:00","MHK VL",61756,25.54,0.77,0.00
"12/28/2013 20:15:00","MILLWD",61759,27.33,2.55,0.00
"12/28/2013 20:15:00","N.Y.C.",61761,27.28,2.50,0.00
"12/28/2013 20:15:00","NORTH",61755,23.54,-1.24,0.00
"12/28/2013 20:15:00","NPX",61845,60.00,2.53,-27.34
"12/28/2013 20:15:00","O H",61846,22.32,-2.45,0.00
"12/28/2013 20:15:00","PJM",61847,22.99,-1.78,0.00
"12/28/2013 20:15:00","WEST",61752,22.67,-2.11,0.00
"12/28/2013 20:20:00","CAPITL",61757,30.76,1.73,-4.71
"12/28/2013 20:20:00","CENTRL",61754,24.73,-0.15,-0.55
"12/28/2013 20:20:00","DUNWOD",61760,30.17,2.41,-3.45
"12/28/2013 20:20:00","GENESE",61753,23.71,-1.05,-0.43
"12/28/2013 20:20:00","H Q",61844,23.76,-0.56,0.00
"12/28/2013 20:20:00","HUD VL",61758,30.89,3.14,-3.43
"12/28/2013 20:20:00","LONGIL",61762,30.81,3.04,-3.45
"12/28/2013 20:20:00","MHK VL",61756,25.61,0.73,-0.56
"12/28/2013 20:20:00","MILLWD",61759,30.30,2.51,-3.48
"12/28/2013 20:20:00","N.Y.C.",61761,30.25,2.48,-3.45
"12/28/2013 20:20:00","NORTH",61755,23.15,-1.17,0.00
"12/28/2013 20:20:00","NPX",61845,73.77,2.48,-41.77
"12/28/2013 20:20:00","O H",61846,22.37,-2.53,-0.57
"12/28/2013 20:20:00","PJM",61847,23.18,-1.85,-0.71
"12/28/2013 20:20:00","WEST",61752,22.69,-2.19,-0.56
"12/28/2013 20:25:00","CAPITL",61757,26.45,1.73,0.00
"12/28/2013 20:25:00","CENTRL",61754,24.67,-0.05,0.00
"12/28/2013 20:25:00","DUNWOD",61760,27.17,2.45,0.00
"12/28/2013 20:25:00","GENESE",61753,23.78,-0.94,0.00
"12/28/2013 20:25:00","H Q",61844,24.10,-0.62,0.00
"12/28/2013 20:25:00","HUD VL",61758,27.91,3.19,0.00
"12/28/2013 20:25:00","LONGIL",61762,27.73,3.01,0.00
"12/28/2013 20:25:00","MHK VL",61756,25.49,0.77,0.00
"12/28/2013 20:25:00","MILLWD",61759,27.29,2.57,0.00
"12/28/2013 20:25:00","N.Y.C.",61761,27.24,2.52,0.00
"12/28/2013 20:25:00","NORTH",61755,23.46,-1.26,0.00
"12/28/2013 20:25:00","NPX",61845,73.77,2.48,-41.77
"12/28/2013 20:25:00","O H",61846,22.35,-2.37,0.00
"12/28/2013 20:25:00","PJM",61847,23.06,-1.66,0.00
"12/28/2013 20:25:00","WEST",61752,22.69,-2.03,0.00
"12/28/2013 20:30:00","CAPITL",61757,27.55,1.80,0.00
"12/28/2013 20:30:00","CENTRL",61754,25.67,-0.08,0.00
"12/28/2013 20:30:00","DUNWOD",61760,28.32,2.57,0.00
"12/28/2013 20:30:00","GENESE",61753,24.72,-1.03,0.00
"12/28/2013 20:30:00","H Q",61844,25.13,-0.62,0.00
"12/28/2013 20:30:00","HUD VL",61758,29.09,3.35,0.00
"12/28/2013 20:30:00","LONGIL",61762,28.94,3.19,0.00
"12/28/2013 20:30:00","MHK VL",61756,26.55,0.80,0.00
"12/28/2013 20:30:00","MILLWD",61759,28.45,2.70,0.00
"12/28/2013 20:30:00","N.Y.C.",61761,28.40,2.65,0.00
"12/28/2013 20:30:00","NORTH",61755,24.51,-1.24,0.00
"12/28/2013 20:30:00","NPX",61845,73.77,2.48,-41.77
"12/28/2013 20:30:00","O H",61846,23.23,-2.52,0.00
"12/28/2013 20:30:00","PJM",61847,23.97,-1.78,0.00
"12/28/2013 20:30:00","WEST",61752,23.56,-2.19,0.00
"12/28/2013 20:35:00","CAPITL",61757,27.55,1.80,0.00
"12/28/2013 20:35:00","CENTRL",61754,25.64,-0.10,0.00
"12/28/2013 20:35:00","DUNWOD",61760,28.35,2.60,0.00
"12/28/2013 20:35:00","GENESE",61753,24.69,-1.06,0.00
"12/28/2013 20:35:00","H Q",61844,25.13,-0.62,0.00
"12/28/2013 20:35:00","HUD VL",61758,29.12,3.37,0.00
"12/28/2013 20:35:00","LONGIL",61762,28.94,3.19,0.00
"12/28/2013 20:35:00","MHK VL",61756,26.55,0.80,0.00
"12/28/2013 20:35:00","MILLWD",61759,28.48,2.73,0.00
"12/28/2013 20:35:00","N.Y.C.",61761,28.43,2.68,0.00
"12/28/2013 20:35:00","NORTH",61755,24.54,-1.21,0.00
"12/28/2013 20:35:00","NPX",61845,33.33,2.55,-0.41
"12/28/2013 20:35:00","O H",61846,23.20,-2.55,0.00
"12/28/2013 20:35:00","PJM",61847,23.97,-1.78,0.00
"12/28/2013 20:35:00","WEST",61752,23.53,-2.21,0.00
"12/28/2013 20:40:00","CAPITL",61757,26.51,1.73,0.00
"12/28/2013 20:40:00","CENTRL",61754,24.68,-0.10,0.00
"12/28/2013 20:40:00","DUNWOD",61760,27.25,2.48,0.00
"12/28/2013 20:40:00","GENESE",61753,23.78,-0.99,0.00
"12/28/2013 20:40:00","H Q",61844,24.18,-0.59,0.00
"12/28/2013 20:40:00","HUD VL",61758,27.99,3.22,0.00
"12/28/2013 20:40:00","LONGIL",61762,27.82,3.05,0.00
"12/28/2013 20:40:00","MHK VL",61756,25.54,0.77,0.00
"12/28/2013 20:40:00","MILLWD",61759,27.37,2.60,0.00
"12/28/2013 20:40:00","N.Y.C.",61761,27.33,2.55,0.00
"12/28/2013 20:40:00","NORTH",61755,23.61,-1.16,0.00
"12/28/2013 20:40:00","NPX",61845,33.33,2.55,-0.41
"12/28/2013 20:40:00","O H",61846,22.35,-2.43,0.00
"12/28/2013 20:40:00","PJM",61847,23.04,-1.73,0.00
"12/28/2013 20:40:00","WEST",61752,22.67,-2.11,0.00
"12/28/2013 20:45:00","CAPITL",61757,30.30,1.79,-2.87
"12/28/2013 20:45:00","CENTRL",61754,25.82,-0.15,-0.34
"12/28/2013 20:45:00","DUNWOD",61760,30.32,2.59,-2.10
"12/28/2013 20:45:00","GENESE",61753,24.77,-1.13,-0.26
"12/28/2013 20:45:00","H Q",61844,25.05,-0.59,0.00
"12/28/2013 20:45:00","HUD VL",61758,31.06,3.33,-2.09
"12/28/2013 20:45:00","LONGIL",61762,31.02,3.28,-2.10
"12/28/2013 20:45:00","MHK VL",61756,26.75,0.77,-0.34
"12/28/2013 20:45:00","MILLWD",61759,30.44,2.69,-2.12
"12/28/2013 20:45:00","N.Y.C.",61761,30.40,2.67,-2.10
"12/28/2013 20:45:00","NORTH",61755,24.51,-1.13,0.00
"12/28/2013 20:45:00","NPX",61845,33.33,2.55,-0.41
"12/28/2013 20:45:00","O H",61846,23.32,-2.67,-0.35
"12/28/2013 20:45:00","PJM",61847,24.10,-1.97,-0.43
"12/28/2013 20:45:00","WEST",61752,23.64,-2.33,-0.34
"12/28/2013 20:50:00","CAPITL",61757,35.96,1.80,-8.02
"12/28/2013 20:50:00","CENTRL",61754,26.92,-0.16,-0.94
"12/28/2013 20:50:00","DUNWOD",61760,34.67,2.67,-5.86
"12/28/2013 20:50:00","GENESE",61753,25.75,-1.12,-0.73
"12/28/2013 20:50:00","H Q",61844,25.54,-0.60,0.00
"12/28/2013 20:50:00","HUD VL",61758,35.40,3.42,-5.84
"12/28/2013 20:50:00","LONGIL",61762,35.33,3.32,-5.87
"12/28/2013 20:50:00","MHK VL",61756,27.87,0.78,-0.95
"12/28/2013 20:50:00","MILLWD",61759,34.82,2.77,-5.91
"12/28/2013 20:50:00","N.Y.C.",61761,34.75,2.74,-5.87
"12/28/2013 20:50:00","NORTH",61755,24.96,-1.18,0.00
"12/28/2013 20:50:00","NPX",61845,32.71,2.53,0.00
"12/28/2013 20:50:00","O H",61846,24.42,-2.69,-0.98
"12/28/2013 20:50:00","PJM",61847,25.36,-1.99,-1.21
"12/28/2013 20:50:00","WEST",61752,24.74,-2.35,-0.95
"12/28/2013 20:55:00","CAPITL",61757,28.92,1.87,0.00
"12/28/2013 20:55:00","CENTRL",61754,26.92,-0.13,0.00
"12/28/2013 20:55:00","DUNWOD",61760,29.85,2.79,0.00
"12/28/2013 20:55:00","GENESE",61753,25.92,-1.14,0.00
"12/28/2013 20:55:00","H Q",61844,26.41,-0.65,0.00
"12/28/2013 20:55:00","HUD VL",61758,30.60,3.54,0.00
"12/28/2013 20:55:00","LONGIL",61762,30.57,3.52,0.00
"12/28/2013 20:55:00","MHK VL",61756,27.87,0.81,0.00
"12/28/2013 20:55:00","MILLWD",61759,29.95,2.90,0.00
"12/28/2013 20:55:00","N.Y.C.",61761,29.90,2.84,0.00
"12/28/2013 20:55:00","NORTH",61755,25.84,-1.22,0.00
"12/28/2013 20:55:00","NPX",61845,32.71,2.53,0.00
"12/28/2013 20:55:00","O H",61846,24.38,-2.68,0.00
"12/28/2013 20:55:00","PJM",61847,25.16,-1.89,0.00
"12/28/2013 20:55:00","WEST",61752,24.73,-2.33,0.00
"12/28/2013 21:00:00","CAPITL",61757,27.45,1.70,0.00
"12/28/2013 21:00:00","CENTRL",61754,25.64,-0.10,0.00
"12/28/2013 21:00:00","DUNWOD",61760,28.40,2.65,0.00
"12/28/2013 21:00:00","GENESE",61753,24.72,-1.03,0.00
"12/28/2013 21:00:00","H Q",61844,25.16,-0.59,0.00
"12/28/2013 21:00:00","HUD VL",61758,29.15,3.40,0.00
"12/28/2013 21:00:00","LONGIL",61762,29.20,3.45,0.00
"12/28/2013 21:00:00","MHK VL",61756,26.44,0.70,0.00
"12/28/2013 21:00:00","MILLWD",61759,28.50,2.76,0.00
"12/28/2013 21:00:00","N.Y.C.",61761,28.50,2.76,0.00
"12/28/2013 21:00:00","NORTH",61755,24.62,-1.13,0.00
"12/28/2013 21:00:00","NPX",61845,32.71,2.53,0.00
"12/28/2013 21:00:00","O H",61846,23.30,-2.45,0.00
"12/28/2013 21:00:00","PJM",61847,24.05,-1.70,0.00
"12/28/2013 21:00:00","WEST",61752,23.64,-2.11,0.00
"12/28/2013 21:05:00","CAPITL",61757,0.00,0.00,0.00
"12/28/2013 21:05:00","CENTRL",61754,0.00,0.00,0.00
"12/28/2013 21:05:00","DUNWOD",61760,0.00,0.00,0.00
"12/28/2013 21:05:00","GENESE",61753,0.00,0.00,0.00
"12/28/2013 21:05:00","H Q",61844,0.00,0.00,0.00
"12/28/2013 21:05:00","HUD VL",61758,0.00,0.00,0.00
"12/28/2013 21:05:00","LONGIL",61762,0.00,0.00,0.00
"12/28/2013 21:05:00","MHK VL",61756,0.00,0.00,0.00
"12/28/2013 21:05:00","MILLWD",61759,0.00,0.00,0.00
"12/28/2013 21:05:00","N.Y.C.",61761,0.00,0.00,0.00
"12/28/2013 21:05:00","NORTH",61755,0.00,0.00,0.00
"12/28/2013 21:05:00","NPX",61845,0.00,0.00,0.00
"12/28/2013 21:05:00","O H",61846,0.00,0.00,0.00
"12/28/2013 21:05:00","PJM",61847,0.00,0.00,0.00
"12/28/2013 21:05:00","WEST",61752,0.00,0.00,0.00
"12/28/2013 21:10:00","CAPITL",61757,14.45,0.84,0.00
"12/28/2013 21:10:00","CENTRL",61754,13.62,0.01,0.00
"12/28/2013 21:10:00","DUNWOD",61760,14.96,1.36,0.00
"12/28/2013 21:10:00","GENESE",61753,13.21,-0.39,0.00
"12/28/2013 21:10:00","H Q",61844,13.29,-0.31,0.00
"12/28/2013 21:10:00","HUD VL",61758,15.36,1.76,0.00
"12/28/2013 21:10:00","LONGIL",61762,15.36,1.76,0.00
"12/28/2013 21:10:00","MHK VL",61756,13.96,0.35,0.00
"12/28/2013 21:10:00","MILLWD",61759,15.02,1.41,0.00
"12/28/2013 21:10:00","N.Y.C.",61761,15.00,1.40,0.00
"12/28/2013 21:10:00","NORTH",61755,13.03,-0.57,0.00
"12/28/2013 21:10:00","NPX",61845,14.59,0.99,0.00
"12/28/2013 21:10:00","O H",61846,12.53,-1.07,0.00
"12/28/2013 21:10:00","PJM",61847,12.88,-0.72,0.00
"12/28/2013 21:10:00","WEST",61752,12.73,-0.87,0.00
"12/28/2013 21:15:00","CAPITL",61757,22.52,1.34,0.00
"12/28/2013 21:15:00","CENTRL",61754,21.16,-0.02,0.00
"12/28/2013 21:15:00","DUNWOD",61760,23.32,2.14,0.00
"12/28/2013 21:15:00","GENESE",61753,20.44,-0.74,0.00
"12/28/2013 21:15:00","H Q",61844,20.72,-0.47,0.00
"12/28/2013 21:15:00","HUD VL",61758,23.93,2.75,0.00
"12/28/2013 21:15:00","LONGIL",61762,23.93,2.75,0.00
"12/28/2013 21:15:00","MHK VL",61756,21.71,0.53,0.00
"12/28/2013 21:15:00","MILLWD",61759,23.40,2.22,0.00
"12/28/2013 21:15:00","N.Y.C.",61761,23.40,2.22,0.00
"12/28/2013 21:15:00","NORTH",61755,20.29,-0.89,0.00
"12/28/2013 21:15:00","NPX",61845,22.79,1.61,0.00
"12/28/2013 21:15:00","O H",61846,19.30,-1.89,0.00
"12/28/2013 21:15:00","PJM",61847,19.93,-1.25,0.00
"12/28/2013 21:15:00","WEST",61752,19.59,-1.59,0.00
"12/28/2013 21:20:00","CAPITL",61757,23.96,1.46,0.00
"12/28/2013 21:20:00","CENTRL",61754,22.43,-0.07,0.00
"12/28/2013 21:20:00","DUNWOD",61760,24.79,2.30,0.00
"12/28/2013 21:20:00","GENESE",61753,21.60,-0.90,0.00
"12/28/2013 21:20:00","H Q",61844,22.00,-0.50,0.00
"12/28/2013 21:20:00","HUD VL",61758,25.44,2.95,0.00
"12/28/2013 21:20:00","LONGIL",61762,25.44,2.95,0.00
"12/28/2013 21:20:00","MHK VL",61756,23.06,0.56,0.00
"12/28/2013 21:20:00","MILLWD",61759,24.88,2.38,0.00
"12/28/2013 21:20:00","N.Y.C.",61761,24.88,2.38,0.00
"12/28/2013 21:20:00","NORTH",61755,21.55,-0.94,0.00
"12/28/2013 21:20:00","NPX",61845,24.25,1.76,0.00
"12/28/2013 21:20:00","O H",61846,20.34,-2.16,0.00
"12/28/2013 21:20:00","PJM",61847,21.08,-1.42,0.00
"12/28/2013 21:20:00","WEST",61752,20.63,-1.87,0.00
"12/28/2013 21:25:00","CAPITL",61757,23.96,1.46,0.00
"12/28/2013 21:25:00","CENTRL",61754,22.36,-0.13,0.00
"12/28/2013 21:25:00","DUNWOD",61760,24.79,2.30,0.00
"12/28/2013 21:25:00","GENESE",61753,21.57,-0.92,0.00
"12/28/2013 21:25:00","H Q",61844,22.02,-0.47,0.00
"12/28/2013 21:25:00","HUD VL",61758,25.42,2.92,0.00
"12/28/2013 21:25:00","LONGIL",61762,25.40,2.90,0.00
"12/28/2013 21:25:00","MHK VL",61756,23.02,0.52,0.00
"12/28/2013 21:25:00","MILLWD",61759,24.88,2.38,0.00
"12/28/2013 21:25:00","N.Y.C.",61761,24.88,2.38,0.00
"12/28/2013 21:25:00","NORTH",61755,21.60,-0.90,0.00
"12/28/2013 21:25:00","NPX",61845,24.25,1.76,0.00
"12/28/2013 21:25:00","O H",61846,20.29,-2.20,0.00
"12/28/2013 21:25:00","PJM",61847,20.92,-1.58,0.00
"12/28/2013 21:25:00","WEST",61752,20.59,-1.91,0.00
"12/28/2013 21:30:00","CAPITL",61757,26.50,1.66,0.00
"12/28/2013 21:30:00","CENTRL",61754,24.68,-0.15,0.00
"12/28/2013 21:30:00","DUNWOD",61760,27.29,2.46,0.00
"12/28/2013 21:30:00","GENESE",61753,23.76,-1.07,0.00
"12/28/2013 21:30:00","H Q",61844,24.31,-0.52,0.00
"12/28/2013 21:30:00","HUD VL",61758,27.99,3.15,0.00
"12/28/2013 21:30:00","LONGIL",61762,28.01,3.18,0.00
"12/28/2013 21:30:00","MHK VL",61756,25.38,0.55,0.00
"12/28/2013 21:30:00","MILLWD",61759,27.39,2.56,0.00
"12/28/2013 21:30:00","N.Y.C.",61761,27.41,2.58,0.00
"12/28/2013 21:30:00","NORTH",61755,23.84,-0.99,0.00
"12/28/2013 21:30:00","NPX",61845,26.77,1.94,0.00
"12/28/2013 21:30:00","O H",61846,22.37,-2.46,0.00
"12/28/2013 21:30:00","PJM",61847,23.12,-1.71,0.00
"12/28/2013 21:30:00","WEST",61752,22.67,-2.16,0.00
"12/28/2013 21:35:00","CAPITL",61757,26.33,1.61,0.00
"12/28/2013 21:35:00","CENTRL",61754,24.65,-0.07,0.00
"12/28/2013 21:35:00","DUNWOD",61760,27.14,2.42,0.00
"12/28/2013 21:35:00","GENESE",61753,23.70,-1.01,0.00
"12/28/2013 21:35:00","H Q",61844,24.13,-0.55,-0.59
"12/28/2013 21:35:00","HUD VL",61758,27.83,3.11,0.00
"12/28/2013 21:35:00","LONGIL",61762,27.83,3.11,0.00
"12/28/2013 21:35:00","MHK VL",61756,25.26,0.54,0.00
"12/28/2013 21:35:00","MILLWD",61759,27.24,2.52,0.00
"12/28/2013 21:35:00","N.Y.C.",61761,27.24,2.52,0.00
"12/28/2013 21:35:00","NORTH",61755,23.73,-0.99,0.00
"12/28/2013 21:35:00","NPX",61845,26.62,1.90,0.00
"12/28/2013 21:35:00","O H",61846,22.42,-2.30,0.00
"12/28/2013 21:35:00","PJM",61847,23.83,-1.37,-1.10
"12/28/2013 21:35:00","WEST",61752,22.74,-1.98,0.00
"12/28/2013 21:40:00","CAPITL",61757,23.64,1.44,0.00
"12/28/2013 21:40:00","CENTRL",61754,22.18,-0.02,0.00
"12/28/2013 21:40:00","DUNWOD",61760,24.40,2.20,0.00
"12/28/2013 21:40:00","GENESE",61753,21.42,-0.78,0.00
"12/28/2013 21:40:00","H Q",61844,24.13,-0.55,-0.59
"12/28/2013 21:40:00","HUD VL",61758,25.02,2.82,0.00
"12/28/2013 21:40:00","LONGIL",61762,24.99,2.80,0.00
"12/28/2013 21:40:00","MHK VL",61756,22.69,0.49,0.00
"12/28/2013 21:40:00","MILLWD",61759,24.46,2.27,0.00
"12/28/2013 21:40:00","N.Y.C.",61761,24.48,2.29,0.00
"12/28/2013 21:40:00","NORTH",61755,21.27,-0.93,0.00
"12/28/2013 21:40:00","NPX",61845,23.91,1.71,0.00
"12/28/2013 21:40:00","O H",61846,20.33,-1.86,0.00
"12/28/2013 21:40:00","PJM",61847,23.83,-1.37,-1.10
"12/28/2013 21:40:00","WEST",61752,20.62,-1.58,0.00
"12/28/2013 21:45:00","CAPITL",61757,26.18,1.60,0.00
"12/28/2013 21:45:00","CENTRL",61754,24.51,-0.07,0.00
"12/28/2013 21:45:00","DUNWOD",61760,27.06,2.48,0.00
"12/28/2013 21:45:00","GENESE",61753,23.62,-0.96,0.00
"12/28/2013 21:45:00","H Q",61844,24.13,-0.55,-0.59
"12/28/2013 21:45:00","HUD VL",61758,27.73,3.15,0.00
"12/28/2013 21:45:00","LONGIL",61762,27.75,3.17,0.00
"12/28/2013 21:45:00","MHK VL",61756,25.12,0.54,0.00
"12/28/2013 21:45:00","MILLWD",61759,27.16,2.58,0.00
"12/28/2013 21:45:00","N.Y.C.",61761,27.18,2.60,0.00
"12/28/2013 21:45:00","NORTH",61755,23.57,-1.01,0.00
"12/28/2013 21:45:00","NPX",61845,26.50,1.92,0.00
"12/28/2013 21:45:00","O H",61846,22.37,-2.21,0.00
"12/28/2013 21:45:00","PJM",61847,23.83,-1.37,-1.10
"12/28/2013 21:45:00","WEST",61752,22.69,-1.89,0.00
"12/28/2013 21:50:00","CAPITL",61757,38.85,1.51,-14.46
"12/28/2013 21:50:00","CENTRL",61754,24.47,-0.14,-1.74
"12/28/2013 21:50:00","DUNWOD",61760,36.20,2.31,-11.01
"12/28/2013 21:50:00","GENESE",61753,23.27,-0.96,-1.36
"12/28/2013 21:50:00","H Q",61844,22.37,-0.50,0.00
"12/28/2013 21:50:00","HUD VL",61758,36.70,2.91,-10.92
"12/28/2013 21:50:00","LONGIL",61762,36.87,2.97,-11.02
"12/28/2013 21:50:00","MHK VL",61756,25.13,0.48,-1.78
"12/28/2013 21:50:00","MILLWD",61759,36.35,2.38,-11.10
"12/28/2013 21:50:00","N.Y.C.",61761,36.29,2.40,-11.02
"12/28/2013 21:50:00","NORTH",61755,21.98,-0.89,0.00
"12/28/2013 21:50:00","NPX",61845,37.67,1.81,-12.99
"12/28/2013 21:50:00","O H",61846,22.49,-2.20,-1.81
"12/28/2013 21:50:00","PJM",61847,23.63,-1.49,-2.24
"12/28/2013 21:50:00","WEST",61752,22.71,-1.92,-1.76
"12/28/2013 21:55:00","CAPITL",61757,38.57,1.51,-14.18
"12/28/2013 21:55:00","CENTRL",61754,24.45,-0.14,-1.70
"12/28/2013 21:55:00","DUNWOD",61760,35.98,2.31,-10.79
"12/28/2013 21:55:00","GENESE",61753,23.25,-0.96,-1.33
"12/28/2013 21:55:00","H Q",61844,22.38,-0.50,0.00
"12/28/2013 21:55:00","HUD VL",61758,36.49,2.91,-10.70
"12/28/2013 21:55:00","LONGIL",61762,36.68,3.00,-10.80
"12/28/2013 21:55:00","MHK VL",61756,25.08,0.46,-1.74
"12/28/2013 21:55:00","MILLWD",61759,36.14,2.38,-10.88
"12/28/2013 21:55:00","N.Y.C.",61761,36.08,2.40,-10.80
"12/28/2013 21:55:00","NORTH",61755,22.03,-0.85,0.00
"12/28/2013 21:55:00","NPX",61845,37.42,1.81,-12.73
"12/28/2013 21:55:00","O H",61846,22.50,-2.15,-1.77
"12/28/2013 21:55:00","PJM",61847,23.61,-1.46,-2.20
"12/28/2013 21:55:00","WEST",61752,22.73,-1.88,-1.72
"12/28/2013 22:00:00","CAPITL",61757,41.85,1.42,-19.19
"12/28/2013 22:00:00","CENTRL",61754,23.40,-0.15,-2.30
"12/28/2013 22:00:00","DUNWOD",61760,37.93,2.08,-14.61
"12/28/2013 22:00:00","GENESE",61753,22.08,-0.96,-1.80
"12/28/2013 22:00:00","H Q",61844,20.81,-0.42,0.00
"12/28/2013 22:00:00","HUD VL",61758,38.35,2.63,-14.48
"12/28/2013 22:00:00","LONGIL",61762,38.66,2.80,-14.62
"12/28/2013 22:00:00","MHK VL",61756,24.06,0.47,-2.36
"12/28/2013 22:00:00","MILLWD",61759,38.13,2.17,-14.72
"12/28/2013 22:00:00","N.Y.C.",61761,38.04,2.19,-14.62
"12/28/2013 22:00:00","NORTH",61755,20.52,-0.72,0.00
"12/28/2013 22:00:00","NPX",61845,40.13,1.66,-17.23
"12/28/2013 22:00:00","O H",61846,21.58,-2.06,-2.40
"12/28/2013 22:00:00","PJM",61847,22.79,-1.42,-2.98
"12/28/2013 22:00:00","WEST",61752,21.74,-1.83,-2.33
"12/28/2013 22:05:00","CAPITL",61757,55.58,-0.98,-71.42
"12/28/2013 22:05:00","CENTRL",61754,-6.13,0.15,-8.58
"12/28/2013 22:05:00","DUNWOD",61760,38.07,-1.44,-54.38
"12/28/2013 22:05:00","GENESE",61753,-7.49,0.67,-6.70
"12/28/2013 22:05:00","H Q",61844,-14.57,0.30,0.00
"12/28/2013 22:05:00","HUD VL",61758,37.21,-1.83,-53.90
"12/28/2013 22:05:00","LONGIL",61762,37.62,-1.93,-54.42
"12/28/2013 22:05:00","MHK VL",61756,-6.40,-0.31,-8.78
"12/28/2013 22:05:00","MILLWD",61759,38.45,-1.49,-54.80
"12/28/2013 22:05:00","N.Y.C.",61761,38.01,-1.53,-54.41
"12/28/2013 22:05:00","NORTH",61755,-14.39,0.48,0.00
"12/28/2013 22:05:00","NPX",61845,48.12,-1.16,-64.14
"12/28/2013 22:05:00","O H",61846,-4.45,1.49,-8.93
"12/28/2013 22:05:00","PJM",61847,-2.63,1.16,-11.08
"12/28/2013 22:05:00","WEST",61752,-4.88,1.31,-8.67
"12/28/2013 22:10:00","CAPITL",61757,40.30,1.23,-20.42
"12/28/2013 22:10:00","CENTRL",61754,20.97,-0.13,-2.45
"12/28/2013 22:10:00","DUNWOD",61760,36.02,1.83,-15.55
"12/28/2013 22:10:00","GENESE",61753,19.78,-0.78,-1.92
"12/28/2013 22:10:00","H Q",61844,18.25,-0.39,0.00
"12/28/2013 22:10:00","HUD VL",61758,36.35,2.29,-15.41
"12/28/2013 22:10:00","LONGIL",61762,36.54,2.33,-15.56
"12/28/2013 22:10:00","MHK VL",61756,21.55,0.39,-2.51
"12/28/2013 22:10:00","MILLWD",61759,36.20,1.88,-15.67
"12/28/2013 22:10:00","N.Y.C.",61761,36.14,1.94,-15.56
"12/28/2013 22:10:00","NORTH",61755,18.03,-0.61,0.00
"12/28/2013 22:10:00","NPX",61845,38.46,1.47,-18.34
"12/28/2013 22:10:00","O H",61846,19.46,-1.73,-2.55
"12/28/2013 22:10:00","PJM",61847,20.56,-1.25,-3.17
"12/28/2013 22:10:00","WEST",61752,19.61,-1.51,-2.48
"12/28/2013 22:15:00","CAPITL",61757,42.37,1.22,-22.73
"12/28/2013 22:15:00","CENTRL",61754,21.04,-0.13,-2.74
"12/28/2013 22:15:00","DUNWOD",61760,37.58,1.81,-17.35
"12/28/2013 22:15:00","GENESE",61753,19.75,-0.81,-2.14
"12/28/2013 22:15:00","H Q",61844,18.04,-0.39,0.00
"12/28/2013 22:15:00","HUD VL",61758,38.05,2.38,-17.25
"12/28/2013 22:15:00","LONGIL",61762,38.11,2.32,-17.36
"12/28/2013 22:15:00","MHK VL",61756,21.64,0.39,-2.82
"12/28/2013 22:15:00","MILLWD",61759,37.79,1.88,-17.48
"12/28/2013 22:15:00","N.Y.C.",61761,37.70,1.92,-17.36
"12/28/2013 22:15:00","NORTH",61755,17.82,-0.61,0.00
"12/28/2013 22:15:00","NPX",61845,40.32,1.46,-20.44
"12/28/2013 22:15:00","O H",61846,19.52,-1.75,-2.85
"12/28/2013 22:15:00","PJM",61847,20.82,-1.14,-3.53
"12/28/2013 22:15:00","WEST",61752,19.64,-1.55,-2.76
"12/28/2013 22:20:00","CAPITL",61757,41.83,1.42,-19.17
"12/28/2013 22:20:00","CENTRL",61754,23.42,-0.13,-2.31
"12/28/2013 22:20:00","DUNWOD",61760,37.95,2.08,-14.63
"12/28/2013 22:20:00","GENESE",61753,22.08,-0.96,-1.80
"12/28/2013 22:20:00","H Q",61844,20.70,-0.42,-1.29
"12/28/2013 22:20:00","HUD VL",61758,38.50,2.72,-14.55
"12/28/2013 22:20:00","LONGIL",61762,38.53,2.65,-14.64
"12/28/2013 22:20:00","MHK VL",61756,24.07,0.45,-2.38
"12/28/2013 22:20:00","MILLWD",61759,38.13,2.14,-14.75
"12/28/2013 22:20:00","N.Y.C.",61761,38.04,2.17,-14.64
"12/28/2013 22:20:00","NORTH",61755,20.54,-0.70,0.00
"12/28/2013 22:20:00","NPX",61845,40.18,1.70,-17.24
"12/28/2013 22:20:00","O H",61846,21.64,-2.00,-2.40
"12/28/2013 22:20:00","PJM",61847,23.83,-1.25,-5.25
"12/28/2013 22:20:00","WEST",61752,21.78,-1.78,-2.33
"12/28/2013 22:25:00","CAPITL",61757,41.08,1.41,-18.33
"12/28/2013 22:25:00","CENTRL",61754,23.42,-0.13,-2.21
"12/28/2013 22:25:00","DUNWOD",61760,37.42,2.09,-13.99
"12/28/2013 22:25:00","GENESE",61753,22.08,-0.98,-1.72
"12/28/2013 22:25:00","H Q",61844,20.70,-0.42,-1.29
"12/28/2013 22:25:00","HUD VL",61758,37.98,2.73,-13.91
"12/28/2013 22:25:00","LONGIL",61762,38.01,2.67,-14.00
"12/28/2013 22:25:00","MHK VL",61756,24.06,0.45,-2.28
"12/28/2013 22:25:00","MILLWD",61759,37.60,2.15,-14.10
"12/28/2013 22:25:00","N.Y.C.",61761,37.54,2.20,-14.00
"12/28/2013 22:25:00","NORTH",61755,20.63,-0.70,0.00
"12/28/2013 22:25:00","NPX",61845,39.51,1.69,-16.49
"12/28/2013 22:25:00","O H",61846,21.61,-2.03,-2.30
"12/28/2013 22:25:00","PJM",61847,23.83,-1.25,-5.25
"12/28/2013 22:25:00","WEST",61752,21.77,-1.79,-2.23
"12/28/2013 22:30:00","CAPITL",61757,42.89,1.21,-23.33
"12/28/2013 22:30:00","CENTRL",61754,21.05,-0.11,-2.81
"12/28/2013 22:30:00","DUNWOD",61760,37.95,1.80,-17.80
"12/28/2013 22:30:00","GENESE",61753,19.72,-0.83,-2.19
"12/28/2013 22:30:00","H Q",61844,20.70,-0.42,-1.29
"12/28/2013 22:30:00","HUD VL",61758,38.40,2.35,-17.70
"12/28/2013 22:30:00","LONGIL",61762,38.42,2.26,-17.82
"12/28/2013 22:30:00","MHK VL",61756,21.63,0.39,-2.90
"12/28/2013 22:30:00","MILLWD",61759,38.17,1.87,-17.95
"12/28/2013 22:30:00","N.Y.C.",61761,38.06,1.89,-17.81
"12/28/2013 22:30:00","NORTH",61755,17.73,-0.62,0.00
"12/28/2013 22:30:00","NPX",61845,40.78,1.45,-20.98
"12/28/2013 22:30:00","O H",61846,19.57,-1.71,-2.92
"12/28/2013 22:30:00","PJM",61847,23.83,-1.25,-5.25
"12/28/2013 22:30:00","WEST",61752,19.68,-1.50,-2.84
"12/28/2013 22:35:00","CAPITL",61757,42.92,1.21,-23.44
"12/28/2013 22:35:00","CENTRL",61754,20.99,-0.11,-2.82
"12/28/2013 22:35:00","DUNWOD",61760,37.95,1.79,-17.89
"12/28/2013 22:35:00","GENESE",61753,19.67,-0.80,-2.20
"12/28/2013 22:35:00","H Q",61844,17.89,-0.38,0.00
"12/28/2013 22:35:00","HUD VL",61758,38.40,2.34,-17.78
"12/28/2013 22:35:00","LONGIL",61762,38.42,2.25,-17.90
"12/28/2013 22:35:00","MHK VL",61756,21.57,0.38,-2.91
"12/28/2013 22:35:00","MILLWD",61759,38.15,1.84,-18.03
"12/28/2013 22:35:00","N.Y.C.",61761,38.05,1.88,-17.90
"12/28/2013 22:35:00","NORTH",61755,17.65,-0.62,0.00
"12/28/2013 22:35:00","NPX",61845,40.80,1.44,-21.08
"12/28/2013 22:35:00","O H",61846,19.53,-1.68,-2.93
"12/28/2013 22:35:00","PJM",61847,20.84,-1.08,-3.64
"12/28/2013 22:35:00","WEST",61752,19.64,-1.48,-2.85
"12/28/2013 22:40:00","CAPITL",61757,41.69,1.14,-23.35
"12/28/2013 22:40:00","CENTRL",61754,19.91,-0.10,-2.81
"12/28/2013 22:40:00","DUNWOD",61760,36.73,1.70,-17.82
"12/28/2013 22:40:00","GENESE",61753,18.62,-0.77,-2.19
"12/28/2013 22:40:00","H Q",61844,16.84,-0.36,0.00
"12/28/2013 22:40:00","HUD VL",61758,37.13,2.20,-17.72
"12/28/2013 22:40:00","LONGIL",61762,37.15,2.12,-17.84
"12/28/2013 22:40:00","MHK VL",61756,20.47,0.36,-2.90
"12/28/2013 22:40:00","MILLWD",61759,36.92,1.76,-17.97
"12/28/2013 22:40:00","N.Y.C.",61761,36.84,1.81,-17.83
"12/28/2013 22:40:00","NORTH",61755,16.62,-0.58,0.00
"12/28/2013 22:40:00","NPX",61845,39.56,1.36,-21.00
"12/28/2013 22:40:00","O H",61846,18.53,-1.60,-2.92
"12/28/2013 22:40:00","PJM",61847,19.83,-1.00,-3.63
"12/28/2013 22:40:00","WEST",61752,18.63,-1.41,-2.84
"12/28/2013 22:45:00","CAPITL",61757,40.77,1.12,-22.42
"12/28/2013 22:45:00","CENTRL",61754,19.81,-0.12,-2.70
"12/28/2013 22:45:00","DUNWOD",61760,36.05,1.71,-17.11
"12/28/2013 22:45:00","GENESE",61753,18.59,-0.74,-2.11
"12/28/2013 22:45:00","H Q",61844,16.86,-0.36,0.00
"12/28/2013 22:45:00","HUD VL",61758,36.45,2.21,-17.02
"12/28/2013 22:45:00","LONGIL",61762,36.47,2.12,-17.13
"12/28/2013 22:45:00","MHK VL",61756,20.36,0.34,-2.79
"12/28/2013 22:45:00","MILLWD",61759,36.24,1.76,-17.25
"12/28/2013 22:45:00","N.Y.C.",61761,36.16,1.81,-17.12
"12/28/2013 22:45:00","NORTH",61755,16.62,-0.60,0.00
"12/28/2013 22:45:00","NPX",61845,38.76,1.36,-20.17
"12/28/2013 22:45:00","O H",61846,18.48,-1.55,-2.81
"12/28/2013 22:45:00","PJM",61847,19.68,-1.03,-3.48
"12/28/2013 22:45:00","WEST",61752,18.59,-1.36,-2.73
"12/28/2013 22:50:00","CAPITL",61757,42.06,0.71,-30.46
"12/28/2013 22:50:00","CENTRL",61754,14.47,-0.09,-3.67
"12/28/2013 22:50:00","DUNWOD",61760,35.23,1.09,-23.25
"12/28/2013 22:50:00","GENESE",61753,13.31,-0.45,-2.86
"12/28/2013 22:50:00","H Q",61844,10.66,-0.23,0.00
"12/28/2013 22:50:00","HUD VL",61758,35.40,1.39,-23.12
"12/28/2013 22:50:00","LONGIL",61762,35.50,1.34,-23.27
"12/28/2013 22:50:00","MHK VL",61756,14.88,0.21,-3.79
"12/28/2013 22:50:00","MILLWD",61759,35.45,1.12,-23.44
"12/28/2013 22:50:00","N.Y.C.",61761,35.30,1.14,-23.26
"12/28/2013 22:50:00","NORTH",61755,10.51,-0.38,0.00
"12/28/2013 22:50:00","NPX",61845,39.15,0.86,-27.40
"12/28/2013 22:50:00","O H",61846,13.75,-0.96,-3.81
"12/28/2013 22:50:00","PJM",61847,14.95,-0.68,-4.73
"12/28/2013 22:50:00","WEST",61752,13.77,-0.83,-3.70
"12/28/2013 22:55:00","CAPITL",61757,45.22,0.63,-34.94
"12/28/2013 22:55:00","CENTRL",61754,13.79,-0.07,-4.21
"12/28/2013 22:55:00","DUNWOD",61760,37.27,0.96,-26.67
"12/28/2013 22:55:00","GENESE",61753,12.54,-0.39,-3.28
"12/28/2013 22:55:00","H Q",61844,9.44,-0.20,0.00
"12/28/2013 22:55:00","HUD VL",61758,37.39,1.23,-26.51
"12/28/2013 22:55:00","LONGIL",61762,37.51,1.18,-26.69
"12/28/2013 22:55:00","MHK VL",61756,14.16,0.17,-4.34
"12/28/2013 22:55:00","MILLWD",61759,37.51,0.98,-26.88
"12/28/2013 22:55:00","N.Y.C.",61761,37.32,0.99,-26.69
"12/28/2013 22:55:00","NORTH",61755,9.30,-0.35,0.00
"12/28/2013 22:55:00","NPX",61845,41.84,0.76,-31.43
"12/28/2013 22:55:00","O H",61846,13.20,-0.82,-4.38
"12/28/2013 22:55:00","PJM",61847,14.51,-0.57,-5.43
"12/28/2013 22:55:00","WEST",61752,13.19,-0.70,-4.25
"12/28/2013 23:00:00","CAPITL",61757,38.02,2.07,-4.13
"12/28/2013 23:00:00","CENTRL",61754,32.00,-0.32,-0.50
"12/28/2013 23:00:00","DUNWOD",61760,38.06,3.09,-3.15
"12/28/2013 23:00:00","GENESE",61753,30.75,-1.46,-0.39
"12/28/2013 23:00:00","H Q",61844,31.22,-0.61,0.00
"12/28/2013 23:00:00","HUD VL",61758,38.93,3.98,-3.13
"12/28/2013 23:00:00","LONGIL",61762,39.02,4.04,-3.15
"12/28/2013 23:00:00","MHK VL",61756,33.13,0.80,-0.51
"12/28/2013 23:00:00","MILLWD",61759,38.18,3.18,-3.17
"12/28/2013 23:00:00","N.Y.C.",61761,38.16,3.18,-3.15
"12/28/2013 23:00:00","NORTH",61755,31.00,-0.83,0.00
"12/28/2013 23:00:00","NPX",61845,38.02,2.48,-3.71
"12/28/2013 23:00:00","O H",61846,29.38,-2.96,-0.52
"12/28/2013 23:00:00","PJM",61847,30.36,-2.10,-0.64
"12/28/2013 23:00:00","WEST",61752,29.75,-2.58,-0.50
"12/28/2013 23:05:00","CAPITL",61757,39.80,1.56,-13.05
"12/28/2013 23:05:00","CENTRL",61754,26.46,-0.30,-1.57
"12/28/2013 23:05:00","DUNWOD",61760,37.62,2.47,-9.96
"12/28/2013 23:05:00","GENESE",61753,25.23,-1.18,-1.23
"12/28/2013 23:05:00","H Q",61844,24.74,-0.45,0.00
"12/28/2013 23:05:00","HUD VL",61758,38.24,3.15,-9.90
"12/28/2013 23:05:00","LONGIL",61762,38.51,3.35,-9.97
"12/28/2013 23:05:00","MHK VL",61756,27.52,0.70,-1.62
"12/28/2013 23:05:00","MILLWD",61759,37.75,2.52,-10.04
"12/28/2013 23:05:00","N.Y.C.",61761,37.73,2.57,-9.97
"12/28/2013 23:05:00","NORTH",61755,24.69,-0.50,0.00
"12/28/2013 23:05:00","NPX",61845,38.84,1.91,-11.74
"12/28/2013 23:05:00","O H",61846,24.38,-2.44,-1.63
"12/28/2013 23:05:00","PJM",61847,25.33,-1.89,-2.03
"12/28/2013 23:05:00","WEST",61752,24.63,-2.14,-1.59
"12/28/2013 23:10:00","CAPITL",61757,33.14,1.99,0.00
"12/28/2013 23:10:00","CENTRL",61754,30.86,-0.28,0.00
"12/28/2013 23:10:00","DUNWOD",61760,34.20,3.05,0.00
"12/28/2013 23:10:00","GENESE",61753,29.81,-1.34,0.00
"12/28/2013 23:10:00","H Q",61844,30.52,-0.62,0.00
"12/28/2013 23:10:00","HUD VL",61758,35.04,3.89,0.00
"12/28/2013 23:10:00","LONGIL",61762,35.19,4.05,0.00
"12/28/2013 23:10:00","MHK VL",61756,32.05,0.90,0.00
"12/28/2013 23:10:00","MILLWD",61759,34.29,3.14,0.00
"12/28/2013 23:10:00","N.Y.C.",61761,34.38,3.24,0.00
"12/28/2013 23:10:00","NORTH",61755,30.37,-0.78,0.00
"12/28/2013 23:10:00","NPX",61845,33.58,2.43,0.00
"12/28/2013 23:10:00","O H",61846,28.37,-2.77,0.00
"12/28/2013 23:10:00","PJM",61847,29.15,-1.99,0.00
"12/28/2013 23:10:00","WEST",61752,28.72,-2.43,0.00
"12/28/2013 23:15:00","CAPITL",61757,37.81,1.82,-8.03
"12/28/2013 23:15:00","CENTRL",61754,28.59,-0.33,-0.97
"12/28/2013 23:15:00","DUNWOD",61760,36.78,2.68,-6.13
"12/28/2013 23:15:00","GENESE",61753,27.43,-1.29,-0.75
"12/28/2013 23:15:00","H Q",61844,27.43,-0.53,0.00
"12/28/2013 23:15:00","HUD VL",61758,37.58,3.52,-6.09
"12/28/2013 23:15:00","LONGIL",61762,37.68,3.58,-6.14
"12/28/2013 23:15:00","MHK VL",61756,29.73,0.76,-1.01
"12/28/2013 23:15:00","MILLWD",61759,36.91,2.77,-6.18
"12/28/2013 23:15:00","N.Y.C.",61761,36.92,2.82,-6.14
"12/28/2013 23:15:00","NORTH",61755,27.29,-0.67,0.00
"12/28/2013 23:15:00","NPX",61845,37.39,2.21,-7.23
"12/28/2013 23:15:00","O H",61846,26.34,-2.63,-1.01
"12/28/2013 23:15:00","PJM",61847,27.20,-2.01,-1.25
"12/28/2013 23:15:00","WEST",61752,26.62,-2.32,-0.98
"12/28/2013 23:20:00","CAPITL",61757,36.54,1.83,-6.60
"12/28/2013 23:20:00","CENTRL",61754,28.65,-0.25,-0.80
"12/28/2013 23:20:00","DUNWOD",61760,35.85,2.70,-5.04
"12/28/2013 23:20:00","GENESE",61753,27.47,-1.26,-0.62
"12/28/2013 23:20:00","H Q",61844,27.58,-0.54,0.00
"12/28/2013 23:20:00","HUD VL",61758,36.69,3.57,-5.01
"12/28/2013 23:20:00","LONGIL",61762,36.81,3.65,-5.04
"12/28/2013 23:20:00","MHK VL",61756,29.73,0.79,-0.83
"12/28/2013 23:20:00","MILLWD",61759,35.97,2.78,-5.08
"12/28/2013 23:20:00","N.Y.C.",61761,35.99,2.84,-5.04
"12/28/2013 23:20:00","NORTH",61755,27.44,-0.67,0.00
"12/28/2013 23:20:00","NPX",61845,36.27,2.22,-5.94
"12/28/2013 23:20:00","O H",61846,26.41,-2.53,-0.83
"12/28/2013 23:20:00","PJM",61847,27.34,-1.80,-1.03
"12/28/2013 23:20:00","WEST",61752,26.66,-2.25,-0.80
"12/28/2013 23:25:00","CAPITL",61757,34.00,2.00,-0.82
"12/28/2013 23:25:00","CENTRL",61754,31.00,-0.28,-0.10
"12/28/2013 23:25:00","DUNWOD",61760,34.83,3.02,-0.63
"12/28/2013 23:25:00","GENESE",61753,29.79,-1.46,-0.08
"12/28/2013 23:25:00","H Q",61844,30.59,-0.59,0.00
"12/28/2013 23:25:00","HUD VL",61758,35.76,3.96,-0.62
"12/28/2013 23:25:00","LONGIL",61762,35.86,4.05,-0.63
"12/28/2013 23:25:00","MHK VL",61756,32.13,0.84,-0.10
"12/28/2013 23:25:00","MILLWD",61759,34.93,3.12,-0.63
"12/28/2013 23:25:00","N.Y.C.",61761,34.99,3.18,-0.63
"12/28/2013 23:25:00","NORTH",61755,30.46,-0.72,0.00
"12/28/2013 23:25:00","NPX",61845,34.38,2.46,-0.74
"12/28/2013 23:25:00","O H",61846,28.45,-2.84,-0.10
"12/28/2013 23:25:00","PJM",61847,29.47,-1.84,-0.13
"12/28/2013 23:25:00","WEST",61752,28.75,-2.52,-0.10
"12/28/2013 23:30:00","CAPITL",61757,34.90,1.92,-3.49
"12/28/2013 23:30:00","CENTRL",61754,29.65,-0.27,-0.42
"12/28/2013 23:30:00","DUNWOD",61760,35.02,2.86,-2.66
"12/28/2013 23:30:00","GENESE",61753,28.46,-1.36,-0.33
"12/28/2013 23:30:00","H Q",61844,28.93,-0.56,0.00
"12/28/2013 23:30:00","HUD VL",61758,35.86,3.72,-2.65
"12/28/2013 23:30:00","LONGIL",61762,35.96,3.81,-2.67
"12/28/2013 23:30:00","MHK VL",61756,30.73,0.80,-0.44
"12/28/2013 23:30:00","MILLWD",61759,35.10,2.92,-2.69
"12/28/2013 23:30:00","N.Y.C.",61761,35.14,2.98,-2.67
"12/28/2013 23:30:00","NORTH",61755,28.78,-0.71,0.00
"12/28/2013 23:30:00","NPX",61845,34.96,2.33,-3.14
"12/28/2013 23:30:00","O H",61846,27.27,-2.65,-0.44
"12/28/2013 23:30:00","PJM",61847,28.29,-1.74,-0.54
"12/28/2013 23:30:00","WEST",61752,27.56,-2.36,-0.42
"12/28/2013 23:35:00","CAPITL",61757,33.13,1.93,-1.52
"12/28/2013 23:35:00","CENTRL",61754,29.62,-0.24,-0.18
"12/28/2013 23:35:00","DUNWOD",61760,33.66,2.82,-1.16
"12/28/2013 23:35:00","GENESE",61753,28.46,-1.36,-0.14
"12/28/2013 23:35:00","H Q",61844,29.11,-0.56,0.00
"12/28/2013 23:35:00","HUD VL",61758,34.54,3.71,-1.16
"12/28/2013 23:35:00","LONGIL",61762,34.61,3.77,-1.17
"12/28/2013 23:35:00","MHK VL",61756,30.70,0.83,-0.19
"12/28/2013 23:35:00","MILLWD",61759,33.73,2.88,-1.17
"12/28/2013 23:35:00","N.Y.C.",61761,33.78,2.94,-1.17
"12/28/2013 23:35:00","NORTH",61755,29.02,-0.65,0.00
"12/28/2013 23:35:00","NPX",61845,33.39,2.34,-1.37
"12/28/2013 23:35:00","O H",61846,27.26,-2.61,-0.19
"12/28/2013 23:35:00","PJM",61847,28.25,-1.66,-0.24
"12/28/2013 23:35:00","WEST",61752,27.55,-2.31,-0.19
"12/28/2013 23:40:00","CAPITL",61757,33.10,1.85,-2.74
"12/28/2013 23:40:00","CENTRL",61754,28.64,-0.20,-0.33
"12/28/2013 23:40:00","DUNWOD",61760,33.28,2.68,-2.09
"12/28/2013 23:40:00","GENESE",61753,27.51,-1.25,-0.26
"12/28/2013 23:40:00","H Q",61844,27.97,-0.54,0.00
"12/28/2013 23:40:00","HUD VL",61758,34.12,3.53,-2.08
"12/28/2013 23:40:00","LONGIL",61762,34.14,3.53,-2.09
"12/28/2013 23:40:00","MHK VL",61756,29.65,0.80,-0.35
"12/28/2013 23:40:00","MILLWD",61759,33.35,2.74,-2.11
"12/28/2013 23:40:00","N.Y.C.",61761,33.37,2.76,-2.09
"12/28/2013 23:40:00","NORTH",61755,27.85,-0.65,0.00
"12/28/2013 23:40:00","NPX",61845,33.20,2.23,-2.46
"12/28/2013 23:40:00","O H",61846,26.43,-2.42,-0.34
"12/28/2013 23:40:00","PJM",61847,27.40,-1.54,-0.43
"12/28/2013 23:40:00","WEST",61752,26.67,-2.17,-0.33
"12/28/2013 23:45:00","CAPITL",61757,39.88,1.55,-14.78
"12/28/2013 23:45:00","CENTRL",61754,25.14,-0.19,-1.78
"12/28/2013 23:45:00","DUNWOD",61760,37.00,2.16,-11.29
"12/28/2013 23:45:00","GENESE",61753,23.95,-0.99,-1.39
"12/28/2013 23:45:00","H Q",61844,23.10,-0.45,0.00
"12/28/2013 23:45:00","HUD VL",61758,37.64,2.87,-11.22
"12/28/2013 23:45:00","LONGIL",61762,37.67,2.82,-11.30
"12/28/2013 23:45:00","MHK VL",61756,26.04,0.64,-1.86
"12/28/2013 23:45:00","MILLWD",61759,37.14,2.21,-11.38
"12/28/2013 23:45:00","N.Y.C.",61761,37.05,2.21,-11.30
"12/28/2013 23:45:00","NORTH",61755,23.00,-0.54,0.00
"12/28/2013 23:45:00","NPX",61845,38.69,1.84,-13.30
"12/28/2013 23:45:00","O H",61846,23.42,-1.98,-1.85
"12/28/2013 23:45:00","PJM",61847,24.48,-1.37,-2.30
"12/28/2013 23:45:00","WEST",61752,23.62,-1.72,-1.80
"12/28/2013 23:50:00","CAPITL",61757,38.37,1.57,-13.03
"12/28/2013 23:50:00","CENTRL",61754,25.15,-0.19,-1.57
"12/28/2013 23:50:00","DUNWOD",61760,35.90,2.19,-9.95
"12/28/2013 23:50:00","GENESE",61753,23.99,-1.00,-1.22
"12/28/2013 23:50:00","H Q",61844,23.31,-0.45,0.00
"12/28/2013 23:50:00","HUD VL",61758,36.56,2.90,-9.89
"12/28/2013 23:50:00","LONGIL",61762,36.63,2.90,-9.96
"12/28/2013 23:50:00","MHK VL",61756,26.05,0.64,-1.64
"12/28/2013 23:50:00","MILLWD",61759,36.06,2.26,-10.03
"12/28/2013 23:50:00","N.Y.C.",61761,35.98,2.26,-9.96
"12/28/2013 23:50:00","NORTH",61755,23.20,-0.57,0.00
"12/28/2013 23:50:00","NPX",61845,37.35,1.86,-11.73
"12/28/2013 23:50:00","O H",61846,23.43,-1.97,-1.63
"12/28/2013 23:50:00","PJM",61847,24.46,-1.33,-2.03
"12/28/2013 23:50:00","WEST",61752,23.62,-1.73,-1.58
"12/28/2013 23:55:00","CAPITL",61757,32.90,1.36,-10.85
"12/28/2013 23:55:00","CENTRL",61754,21.82,-0.17,-1.31
"12/28/2013 23:55:00","DUNWOD",61760,30.89,1.92,-8.29
"12/28/2013 23:55:00","GENESE",61753,20.85,-0.85,-1.02
"12/28/2013 23:55:00","H Q",61844,20.27,-0.41,0.00
"12/28/2013 23:55:00","HUD VL",61758,31.44,2.52,-8.24
"12/28/2013 23:55:00","LONGIL",61762,31.52,2.54,-8.30
"12/28/2013 23:55:00","MHK VL",61756,22.61,0.56,-1.37
"12/28/2013 23:55:00","MILLWD",61759,31.00,1.97,-8.36
"12/28/2013 23:55:00","N.Y.C.",61761,30.94,1.97,-8.29
"12/28/2013 23:55:00","NORTH",61755,20.16,-0.52,0.00
"12/28/2013 23:55:00","NPX",61845,32.06,1.61,-9.77
"12/28/2013 23:55:00","O H",61846,20.34,-1.70,-1.36
"12/28/2013 23:55:00","PJM",61847,21.19,-1.18,-1.69
"12/28/2013 23:55:00","WEST",61752,20.51,-1.49,-1.32
"12/29/2013 00:00:00","CAPITL",61757,34.14,2.20,-0.06
"12/29/2013 00:00:00","CENTRL",61754,31.57,-0.32,-0.01
"12/29/2013 00:00:00","DUNWOD",61760,34.67,2.74,-0.04
"12/29/2013 00:00:00","GENESE",61753,30.58,-1.31,-0.01
"12/29/2013 00:00:00","H Q",61844,31.31,-0.57,0.00
"12/29/2013 00:00:00","HUD VL",61758,35.62,3.70,-0.04
"12/29/2013 00:00:00","LONGIL",61762,35.40,3.48,-0.04
"12/29/2013 00:00:00","MHK VL",61756,32.69,0.80,-0.01
"12/29/2013 00:00:00","MILLWD",61759,34.76,2.84,-0.04
"12/29/2013 00:00:00","N.Y.C.",61761,34.67,2.74,-0.04
"12/29/2013 00:00:00","NORTH",61755,31.09,-0.80,0.00
"12/29/2013 00:00:00","NPX",61845,34.45,2.52,-0.05
"12/29/2013 00:00:00","O H",61846,29.24,-2.65,-0.01
"12/29/2013 00:00:00","PJM",61847,29.92,-1.98,-0.01
"12/29/2013 00:00:00","WEST",61752,29.59,-2.30,-0.01
