"Time Stamp","Time Zone","Name","PTID","Load"
"03/12/2015 00:00:00","EDT","CAPITL",61757,1224.9
"03/12/2015 00:00:00","EDT","CENTRL",61754,1676.4
"03/12/2015 00:00:00","EDT","DUNWOD",61760,626.4
"03/12/2015 00:00:00","EDT","GENESE",61753,974.6
"03/12/2015 00:00:00","EDT","HUD VL",61758,965.4
"03/12/2015 00:00:00","EDT","LONGIL",61762,1967.3
"03/12/2015 00:00:00","EDT","MHK VL",61756,890.8
"03/12/2015 00:00:00","EDT","MILLWD",61759,218.8
"03/12/2015 00:00:00","EDT","N.Y.C.",61761,4883.3
"03/12/2015 00:00:00","EDT","NORTH",61755,489.6
"03/12/2015 00:00:00","EDT","WEST",61752,1684.4
"03/12/2015 00:05:00","EDT","CAPITL",61757,1212.9
"03/12/2015 00:05:00","EDT","CENTRL",61754,1659.5
"03/12/2015 00:05:00","EDT","DUNWOD",61760,601.2
"03/12/2015 00:05:00","EDT","GENESE",61753,971.9
"03/12/2015 00:05:00","EDT","HUD VL",61758,939.9
"03/12/2015 00:05:00","EDT","LONGIL",61762,1949.6
"03/12/2015 00:05:00","EDT","MHK VL",61756,883.7
"03/12/2015 00:05:00","EDT","MILLWD",61759,241.8
"03/12/2015 00:05:00","EDT","N.Y.C.",61761,4841.8
"03/12/2015 00:05:00","EDT","NORTH",61755,484.9
"03/12/2015 00:05:00","EDT","WEST",61752,1691.5
"03/12/2015 00:10:00","EDT","CAPITL",61757,1218.7
"03/12/2015 00:10:00","EDT","CENTRL",61754,1678.5
"03/12/2015 00:10:00","EDT","DUNWOD",61760,601.2
"03/12/2015 00:10:00","EDT","GENESE",61753,968.5
"03/12/2015 00:10:00","EDT","HUD VL",61758,946.9
"03/12/2015 00:10:00","EDT","LONGIL",61762,1927.4
"03/12/2015 00:10:00","EDT","MHK VL",61756,869.6
"03/12/2015 00:10:00","EDT","MILLWD",61759,232.4
"03/12/2015 00:10:00","EDT","N.Y.C.",61761,4790.7
"03/12/2015 00:10:00","EDT","NORTH",61755,477.3
"03/12/2015 00:10:00","EDT","WEST",61752,1697.9
"03/12/2015 00:15:00","EDT","CAPITL",61757,1209.7
"03/12/2015 00:15:00","EDT","CENTRL",61754,1668.8
"03/12/2015 00:15:00","EDT","DUNWOD",61760,586.2
"03/12/2015 00:15:00","EDT","GENESE",61753,967.1
"03/12/2015 00:15:00","EDT","HUD VL",61758,926.6
"03/12/2015 00:15:00","EDT","LONGIL",61762,1912.2
"03/12/2015 00:15:00","EDT","MHK VL",61756,875.5
"03/12/2015 00:15:00","EDT","MILLWD",61759,236.9
"03/12/2015 00:15:00","EDT","N.Y.C.",61761,4785.6
"03/12/2015 00:15:00","EDT","NORTH",61755,497.5
"03/12/2015 00:15:00","EDT","WEST",61752,1699.4
"03/12/2015 00:20:00","EDT","CAPITL",61757,1194.2
"03/12/2015 00:20:00","EDT","CENTRL",61754,1647
"03/12/2015 00:20:00","EDT","DUNWOD",61760,602.3
"03/12/2015 00:20:00","EDT","GENESE",61753,962.2
"03/12/2015 00:20:00","EDT","HUD VL",61758,927.9
"03/12/2015 00:20:00","EDT","LONGIL",61762,1895.2
"03/12/2015 00:20:00","EDT","MHK VL",61756,860.4
"03/12/2015 00:20:00","EDT","MILLWD",61759,232.1
"03/12/2015 00:20:00","EDT","N.Y.C.",61761,4728.1
"03/12/2015 00:20:00","EDT","NORTH",61755,487.8
"03/12/2015 00:20:00","EDT","WEST",61752,1705.2
"03/12/2015 00:25:00","EDT","CAPITL",61757,1193.3
"03/12/2015 00:25:00","EDT","CENTRL",61754,1662.7
"03/12/2015 00:25:00","EDT","DUNWOD",61760,587.3
"03/12/2015 00:25:00","EDT","GENESE",61753,950.5
"03/12/2015 00:25:00","EDT","HUD VL",61758,936.5
"03/12/2015 00:25:00","EDT","LONGIL",61762,1912
"03/12/2015 00:25:00","EDT","MHK VL",61756,871.6
"03/12/2015 00:25:00","EDT","MILLWD",61759,224.9
"03/12/2015 00:25:00","EDT","N.Y.C.",61761,4741.4
"03/12/2015 00:25:00","EDT","NORTH",61755,476.8
"03/12/2015 00:25:00","EDT","WEST",61752,1681.1
"03/12/2015 00:30:00","EDT","CAPITL",61757,1187.4
"03/12/2015 00:30:00","EDT","CENTRL",61754,1685.9
"03/12/2015 00:30:00","EDT","DUNWOD",61760,580.6
"03/12/2015 00:30:00","EDT","GENESE",61753,956.7
"03/12/2015 00:30:00","EDT","HUD VL",61758,917.6
"03/12/2015 00:30:00","EDT","LONGIL",61762,1894.7
"03/12/2015 00:30:00","EDT","MHK VL",61756,864.5
"03/12/2015 00:30:00","EDT","MILLWD",61759,231.8
"03/12/2015 00:30:00","EDT","N.Y.C.",61761,4684.5
"03/12/2015 00:30:00","EDT","NORTH",61755,481.1
"03/12/2015 00:30:00","EDT","WEST",61752,1682.3
"03/12/2015 00:35:00","EDT","CAPITL",61757,1189.1
"03/12/2015 00:35:00","EDT","CENTRL",61754,1667.6
"03/12/2015 00:35:00","EDT","DUNWOD",61760,599.2
"03/12/2015 00:35:00","EDT","GENESE",61753,950.5
"03/12/2015 00:35:00","EDT","HUD VL",61758,901.7
"03/12/2015 00:35:00","EDT","LONGIL",61762,1876.5
"03/12/2015 00:35:00","EDT","MHK VL",61756,862.1
"03/12/2015 00:35:00","EDT","MILLWD",61759,223.6
"03/12/2015 00:35:00","EDT","N.Y.C.",61761,4664.8
"03/12/2015 00:35:00","EDT","NORTH",61755,490.4
"03/12/2015 00:35:00","EDT","WEST",61752,1674.2
"03/12/2015 00:40:00","EDT","CAPITL",61757,1182.2
"03/12/2015 00:40:00","EDT","CENTRL",61754,1693.3
"03/12/2015 00:40:00","EDT","DUNWOD",61760,572.3
"03/12/2015 00:40:00","EDT","GENESE",61753,953.3
"03/12/2015 00:40:00","EDT","HUD VL",61758,909.5
"03/12/2015 00:40:00","EDT","LONGIL",61762,1875.2
"03/12/2015 00:40:00","EDT","MHK VL",61756,865.7
"03/12/2015 00:40:00","EDT","MILLWD",61759,215.1
"03/12/2015 00:40:00","EDT","N.Y.C.",61761,4646.5
"03/12/2015 00:40:00","EDT","NORTH",61755,497.6
"03/12/2015 00:40:00","EDT","WEST",61752,1675
"03/12/2015 00:45:00","EDT","CAPITL",61757,1178.4
"03/12/2015 00:45:00","EDT","CENTRL",61754,1608.7
"03/12/2015 00:45:00","EDT","DUNWOD",61760,572.9
"03/12/2015 00:45:00","EDT","GENESE",61753,954.4
"03/12/2015 00:45:00","EDT","HUD VL",61758,888.1
"03/12/2015 00:45:00","EDT","LONGIL",61762,1866.6
"03/12/2015 00:45:00","EDT","MHK VL",61756,867.4
"03/12/2015 00:45:00","EDT","MILLWD",61759,240.7
"03/12/2015 00:45:00","EDT","N.Y.C.",61761,4619
"03/12/2015 00:45:00","EDT","NORTH",61755,493.6
"03/12/2015 00:45:00","EDT","WEST",61752,1698.3
"03/12/2015 00:50:00","EDT","CAPITL",61757,1187.2
"03/12/2015 00:50:00","EDT","CENTRL",61754,1611.5
"03/12/2015 00:50:00","EDT","DUNWOD",61760,572
"03/12/2015 00:50:00","EDT","GENESE",61753,946.2
"03/12/2015 00:50:00","EDT","HUD VL",61758,916.3
"03/12/2015 00:50:00","EDT","LONGIL",61762,1844.7
"03/12/2015 00:50:00","EDT","MHK VL",61756,867.2
"03/12/2015 00:50:00","EDT","MILLWD",61759,216.9
"03/12/2015 00:50:00","EDT","N.Y.C.",61761,4612.8
"03/12/2015 00:50:00","EDT","NORTH",61755,490
"03/12/2015 00:50:00","EDT","WEST",61752,1665.4
"03/12/2015 00:55:00","EDT","CAPITL",61757,1174.5
"03/12/2015 00:55:00","EDT","CENTRL",61754,1615.3
"03/12/2015 00:55:00","EDT","DUNWOD",61760,574.7
"03/12/2015 00:55:00","EDT","GENESE",61753,942.9
"03/12/2015 00:55:00","EDT","HUD VL",61758,914.3
"03/12/2015 00:55:00","EDT","LONGIL",61762,1847.8
"03/12/2015 00:55:00","EDT","MHK VL",61756,859.5
"03/12/2015 00:55:00","EDT","MILLWD",61759,217.4
"03/12/2015 00:55:00","EDT","N.Y.C.",61761,4577.8
"03/12/2015 00:55:00","EDT","NORTH",61755,471.4
"03/12/2015 00:55:00","EDT","WEST",61752,1677.4
"03/12/2015 01:00:00","EDT","CAPITL",61757,1179.4
"03/12/2015 01:00:00","EDT","CENTRL",61754,1631.5
"03/12/2015 01:00:00","EDT","DUNWOD",61760,566.3
"03/12/2015 01:00:00","EDT","GENESE",61753,944
"03/12/2015 01:00:00","EDT","HUD VL",61758,895.5
"03/12/2015 01:00:00","EDT","LONGIL",61762,1835.9
"03/12/2015 01:00:00","EDT","MHK VL",61756,854.9
"03/12/2015 01:00:00","EDT","MILLWD",61759,229
"03/12/2015 01:00:00","EDT","N.Y.C.",61761,4575.2
"03/12/2015 01:00:00","EDT","NORTH",61755,490.2
"03/12/2015 01:00:00","EDT","WEST",61752,1670.7
"03/12/2015 01:05:00","EDT","CAPITL",61757,1152.8
"03/12/2015 01:05:00","EDT","CENTRL",61754,1633.5
"03/12/2015 01:05:00","EDT","DUNWOD",61760,562.2
"03/12/2015 01:05:00","EDT","GENESE",61753,938.2
"03/12/2015 01:05:00","EDT","HUD VL",61758,900.9
"03/12/2015 01:05:00","EDT","LONGIL",61762,1831
"03/12/2015 01:05:00","EDT","MHK VL",61756,851
"03/12/2015 01:05:00","EDT","MILLWD",61759,225.6
"03/12/2015 01:05:00","EDT","N.Y.C.",61761,4513.1
"03/12/2015 01:05:00","EDT","NORTH",61755,496.2
"03/12/2015 01:05:00","EDT","WEST",61752,1659.7
"03/12/2015 01:10:00","EDT","CAPITL",61757,1169.5
"03/12/2015 01:10:00","EDT","CENTRL",61754,1660.1
"03/12/2015 01:10:00","EDT","DUNWOD",61760,567
"03/12/2015 01:10:00","EDT","GENESE",61753,933
"03/12/2015 01:10:00","EDT","HUD VL",61758,911.4
"03/12/2015 01:10:00","EDT","LONGIL",61762,1833
"03/12/2015 01:10:00","EDT","MHK VL",61756,851.6
"03/12/2015 01:10:00","EDT","MILLWD",61759,209
"03/12/2015 01:10:00","EDT","N.Y.C.",61761,4504.4
"03/12/2015 01:10:00","EDT","NORTH",61755,477.8
"03/12/2015 01:10:00","EDT","WEST",61752,1645.2
"03/12/2015 01:15:00","EDT","CAPITL",61757,1171.6
"03/12/2015 01:15:00","EDT","CENTRL",61754,1615.8
"03/12/2015 01:15:00","EDT","DUNWOD",61760,563.8
"03/12/2015 01:15:00","EDT","GENESE",61753,938.3
"03/12/2015 01:15:00","EDT","HUD VL",61758,887
"03/12/2015 01:15:00","EDT","LONGIL",61762,1816.6
"03/12/2015 01:15:00","EDT","MHK VL",61756,853
"03/12/2015 01:15:00","EDT","MILLWD",61759,226.2
"03/12/2015 01:15:00","EDT","N.Y.C.",61761,4483.4
"03/12/2015 01:15:00","EDT","NORTH",61755,489.4
"03/12/2015 01:15:00","EDT","WEST",61752,1653.5
"03/12/2015 01:20:00","EDT","CAPITL",61757,1167.6
"03/12/2015 01:20:00","EDT","CENTRL",61754,1651.3
"03/12/2015 01:20:00","EDT","DUNWOD",61760,574.9
"03/12/2015 01:20:00","EDT","GENESE",61753,935.6
"03/12/2015 01:20:00","EDT","HUD VL",61758,892.8
"03/12/2015 01:20:00","EDT","LONGIL",61762,1815.3
"03/12/2015 01:20:00","EDT","MHK VL",61756,849.5
"03/12/2015 01:20:00","EDT","MILLWD",61759,206.2
"03/12/2015 01:20:00","EDT","N.Y.C.",61761,4458.5
"03/12/2015 01:20:00","EDT","NORTH",61755,485.6
"03/12/2015 01:20:00","EDT","WEST",61752,1650.4
"03/12/2015 01:25:00","EDT","CAPITL",61757,1166.2
"03/12/2015 01:25:00","EDT","CENTRL",61754,1653.7
"03/12/2015 01:25:00","EDT","DUNWOD",61760,569
"03/12/2015 01:25:00","EDT","GENESE",61753,929.5
"03/12/2015 01:25:00","EDT","HUD VL",61758,890
"03/12/2015 01:25:00","EDT","LONGIL",61762,1818.2
"03/12/2015 01:25:00","EDT","MHK VL",61756,846.4
"03/12/2015 01:25:00","EDT","MILLWD",61759,202.5
"03/12/2015 01:25:00","EDT","N.Y.C.",61761,4460.8
"03/12/2015 01:25:00","EDT","NORTH",61755,481.5
"03/12/2015 01:25:00","EDT","WEST",61752,1644.8
"03/12/2015 01:30:00","EDT","CAPITL",61757,1168
"03/12/2015 01:30:00","EDT","CENTRL",61754,1640.2
"03/12/2015 01:30:00","EDT","DUNWOD",61760,573.3
"03/12/2015 01:30:00","EDT","GENESE",61753,930
"03/12/2015 01:30:00","EDT","HUD VL",61758,898.7
"03/12/2015 01:30:00","EDT","LONGIL",61762,1807.2
"03/12/2015 01:30:00","EDT","MHK VL",61756,840.7
"03/12/2015 01:30:00","EDT","MILLWD",61759,208.2
"03/12/2015 01:30:00","EDT","N.Y.C.",61761,4437.1
"03/12/2015 01:30:00","EDT","NORTH",61755,492.3
"03/12/2015 01:30:00","EDT","WEST",61752,1655.6
"03/12/2015 01:35:00","EDT","CAPITL",61757,1165.7
"03/12/2015 01:35:00","EDT","CENTRL",61754,1640.5
"03/12/2015 01:35:00","EDT","DUNWOD",61760,554.1
"03/12/2015 01:35:00","EDT","GENESE",61753,930.2
"03/12/2015 01:35:00","EDT","HUD VL",61758,872.1
"03/12/2015 01:35:00","EDT","LONGIL",61762,1798.7
"03/12/2015 01:35:00","EDT","MHK VL",61756,846.9
"03/12/2015 01:35:00","EDT","MILLWD",61759,217.6
"03/12/2015 01:35:00","EDT","N.Y.C.",61761,4440.4
"03/12/2015 01:35:00","EDT","NORTH",61755,482.2
"03/12/2015 01:35:00","EDT","WEST",61752,1631.1
"03/12/2015 01:40:00","EDT","CAPITL",61757,1151
"03/12/2015 01:40:00","EDT","CENTRL",61754,1620.7
"03/12/2015 01:40:00","EDT","DUNWOD",61760,555.1
"03/12/2015 01:40:00","EDT","GENESE",61753,927
"03/12/2015 01:40:00","EDT","HUD VL",61758,881.4
"03/12/2015 01:40:00","EDT","LONGIL",61762,1800.5
"03/12/2015 01:40:00","EDT","MHK VL",61756,846.9
"03/12/2015 01:40:00","EDT","MILLWD",61759,217.2
"03/12/2015 01:40:00","EDT","N.Y.C.",61761,4422
"03/12/2015 01:40:00","EDT","NORTH",61755,500
"03/12/2015 01:40:00","EDT","WEST",61752,1633.5
"03/12/2015 01:45:00","EDT","CAPITL",61757,1178.4
"03/12/2015 01:45:00","EDT","CENTRL",61754,1610.6
"03/12/2015 01:45:00","EDT","DUNWOD",61760,564.3
"03/12/2015 01:45:00","EDT","GENESE",61753,925.9
"03/12/2015 01:45:00","EDT","HUD VL",61758,894
"03/12/2015 01:45:00","EDT","LONGIL",61762,1792
"03/12/2015 01:45:00","EDT","MHK VL",61756,848.6
"03/12/2015 01:45:00","EDT","MILLWD",61759,212.7
"03/12/2015 01:45:00","EDT","N.Y.C.",61761,4403.7
"03/12/2015 01:45:00","EDT","NORTH",61755,487.5
"03/12/2015 01:45:00","EDT","WEST",61752,1637
"03/12/2015 01:50:00","EDT","CAPITL",61757,1159.1
"03/12/2015 01:50:00","EDT","CENTRL",61754,1596.4
"03/12/2015 01:50:00","EDT","DUNWOD",61760,549.7
"03/12/2015 01:50:00","EDT","GENESE",61753,924
"03/12/2015 01:50:00","EDT","HUD VL",61758,892.5
"03/12/2015 01:50:00","EDT","LONGIL",61762,1788.8
"03/12/2015 01:50:00","EDT","MHK VL",61756,843.7
"03/12/2015 01:50:00","EDT","MILLWD",61759,212.7
"03/12/2015 01:50:00","EDT","N.Y.C.",61761,4393.3
"03/12/2015 01:50:00","EDT","NORTH",61755,495.9
"03/12/2015 01:50:00","EDT","WEST",61752,1630.7
"03/12/2015 01:55:00","EDT","CAPITL",61757,1152
"03/12/2015 01:55:00","EDT","CENTRL",61754,1599.9
"03/12/2015 01:55:00","EDT","DUNWOD",61760,549.7
"03/12/2015 01:55:00","EDT","GENESE",61753,930.9
"03/12/2015 01:55:00","EDT","HUD VL",61758,885.3
"03/12/2015 01:55:00","EDT","LONGIL",61762,1791.6
"03/12/2015 01:55:00","EDT","MHK VL",61756,852.6
"03/12/2015 01:55:00","EDT","MILLWD",61759,209
"03/12/2015 01:55:00","EDT","N.Y.C.",61761,4381.3
"03/12/2015 01:55:00","EDT","NORTH",61755,502.4
"03/12/2015 01:55:00","EDT","WEST",61752,1645.2
"03/12/2015 02:00:00","EDT","CAPITL",61757,1162.1
"03/12/2015 02:00:00","EDT","CENTRL",61754,1623.5
"03/12/2015 02:00:00","EDT","DUNWOD",61760,558.7
"03/12/2015 02:00:00","EDT","GENESE",61753,923.1
"03/12/2015 02:00:00","EDT","HUD VL",61758,872.1
"03/12/2015 02:00:00","EDT","LONGIL",61762,1797.5
"03/12/2015 02:00:00","EDT","MHK VL",61756,847.9
"03/12/2015 02:00:00","EDT","MILLWD",61759,205.2
"03/12/2015 02:00:00","EDT","N.Y.C.",61761,4362.4
"03/12/2015 02:00:00","EDT","NORTH",61755,490
"03/12/2015 02:00:00","EDT","WEST",61752,1637.2
"03/12/2015 02:05:00","EDT","CAPITL",61757,1157.1
"03/12/2015 02:05:00","EDT","CENTRL",61754,1617
"03/12/2015 02:05:00","EDT","DUNWOD",61760,563.6
"03/12/2015 02:05:00","EDT","GENESE",61753,926.7
"03/12/2015 02:05:00","EDT","HUD VL",61758,890.2
"03/12/2015 02:05:00","EDT","LONGIL",61762,1775.9
"03/12/2015 02:05:00","EDT","MHK VL",61756,842.8
"03/12/2015 02:05:00","EDT","MILLWD",61759,200.6
"03/12/2015 02:05:00","EDT","N.Y.C.",61761,4340.7
"03/12/2015 02:05:00","EDT","NORTH",61755,497.2
"03/12/2015 02:05:00","EDT","WEST",61752,1638.3
"03/12/2015 02:10:00","EDT","CAPITL",61757,1143.6
"03/12/2015 02:10:00","EDT","CENTRL",61754,1561.8
"03/12/2015 02:10:00","EDT","DUNWOD",61760,559.3
"03/12/2015 02:10:00","EDT","GENESE",61753,921.2
"03/12/2015 02:10:00","EDT","HUD VL",61758,877.6
"03/12/2015 02:10:00","EDT","LONGIL",61762,1771.4
"03/12/2015 02:10:00","EDT","MHK VL",61756,844.1
"03/12/2015 02:10:00","EDT","MILLWD",61759,205.4
"03/12/2015 02:10:00","EDT","N.Y.C.",61761,4333
"03/12/2015 02:10:00","EDT","NORTH",61755,494.8
"03/12/2015 02:10:00","EDT","WEST",61752,1633
"03/12/2015 02:15:00","EDT","CAPITL",61757,1143
"03/12/2015 02:15:00","EDT","CENTRL",61754,1598.7
"03/12/2015 02:15:00","EDT","DUNWOD",61760,551.7
"03/12/2015 02:15:00","EDT","GENESE",61753,921.5
"03/12/2015 02:15:00","EDT","HUD VL",61758,855.3
"03/12/2015 02:15:00","EDT","LONGIL",61762,1780.7
"03/12/2015 02:15:00","EDT","MHK VL",61756,838.9
"03/12/2015 02:15:00","EDT","MILLWD",61759,200.7
"03/12/2015 02:15:00","EDT","N.Y.C.",61761,4323.2
"03/12/2015 02:15:00","EDT","NORTH",61755,514.1
"03/12/2015 02:15:00","EDT","WEST",61752,1684.9
"03/12/2015 02:20:00","EDT","CAPITL",61757,1153
"03/12/2015 02:20:00","EDT","CENTRL",61754,1566.5
"03/12/2015 02:20:00","EDT","DUNWOD",61760,552.8
"03/12/2015 02:20:00","EDT","GENESE",61753,918.5
"03/12/2015 02:20:00","EDT","HUD VL",61758,875.4
"03/12/2015 02:20:00","EDT","LONGIL",61762,1777.8
"03/12/2015 02:20:00","EDT","MHK VL",61756,851.6
"03/12/2015 02:20:00","EDT","MILLWD",61759,209.6
"03/12/2015 02:20:00","EDT","N.Y.C.",61761,4314.6
"03/12/2015 02:20:00","EDT","NORTH",61755,502.8
"03/12/2015 02:20:00","EDT","WEST",61752,1637
"03/12/2015 02:25:00","EDT","CAPITL",61757,1150.9
"03/12/2015 02:25:00","EDT","CENTRL",61754,1610.1
"03/12/2015 02:25:00","EDT","DUNWOD",61760,552.5
"03/12/2015 02:25:00","EDT","GENESE",61753,925.4
"03/12/2015 02:25:00","EDT","HUD VL",61758,868.3
"03/12/2015 02:25:00","EDT","LONGIL",61762,1773.4
"03/12/2015 02:25:00","EDT","MHK VL",61756,843
"03/12/2015 02:25:00","EDT","MILLWD",61759,217.5
"03/12/2015 02:25:00","EDT","N.Y.C.",61761,4293.7
"03/12/2015 02:25:00","EDT","NORTH",61755,488.6
"03/12/2015 02:25:00","EDT","WEST",61752,1608.5
"03/12/2015 02:30:00","EDT","CAPITL",61757,1147
"03/12/2015 02:30:00","EDT","CENTRL",61754,1623.7
"03/12/2015 02:30:00","EDT","DUNWOD",61760,551.1
"03/12/2015 02:30:00","EDT","GENESE",61753,914
"03/12/2015 02:30:00","EDT","HUD VL",61758,868.2
"03/12/2015 02:30:00","EDT","LONGIL",61762,1768
"03/12/2015 02:30:00","EDT","MHK VL",61756,842.9
"03/12/2015 02:30:00","EDT","MILLWD",61759,207.7
"03/12/2015 02:30:00","EDT","N.Y.C.",61761,4301.9
"03/12/2015 02:30:00","EDT","NORTH",61755,491.5
"03/12/2015 02:30:00","EDT","WEST",61752,1619.2
"03/12/2015 02:35:00","EDT","CAPITL",61757,1144.8
"03/12/2015 02:35:00","EDT","CENTRL",61754,1610.6
"03/12/2015 02:35:00","EDT","DUNWOD",61760,556.6
"03/12/2015 02:35:00","EDT","GENESE",61753,918.8
"03/12/2015 02:35:00","EDT","HUD VL",61758,854.9
"03/12/2015 02:35:00","EDT","LONGIL",61762,1746.1
"03/12/2015 02:35:00","EDT","MHK VL",61756,832.3
"03/12/2015 02:35:00","EDT","MILLWD",61759,228.9
"03/12/2015 02:35:00","EDT","N.Y.C.",61761,4278.1
"03/12/2015 02:35:00","EDT","NORTH",61755,498.3
"03/12/2015 02:35:00","EDT","WEST",61752,1640.5
"03/12/2015 02:40:00","EDT","CAPITL",61757,1140.6
"03/12/2015 02:40:00","EDT","CENTRL",61754,1582.1
"03/12/2015 02:40:00","EDT","DUNWOD",61760,544.8
"03/12/2015 02:40:00","EDT","GENESE",61753,916.4
"03/12/2015 02:40:00","EDT","HUD VL",61758,866.8
"03/12/2015 02:40:00","EDT","LONGIL",61762,1767.8
"03/12/2015 02:40:00","EDT","MHK VL",61756,830.2
"03/12/2015 02:40:00","EDT","MILLWD",61759,203.8
"03/12/2015 02:40:00","EDT","N.Y.C.",61761,4283.2
"03/12/2015 02:40:00","EDT","NORTH",61755,496.5
"03/12/2015 02:40:00","EDT","WEST",61752,1622.8
"03/12/2015 02:45:00","EDT","CAPITL",61757,1141.7
"03/12/2015 02:45:00","EDT","CENTRL",61754,1565.8
"03/12/2015 02:45:00","EDT","DUNWOD",61760,542.8
"03/12/2015 02:45:00","EDT","GENESE",61753,919.3
"03/12/2015 02:45:00","EDT","HUD VL",61758,867
"03/12/2015 02:45:00","EDT","LONGIL",61762,1753
"03/12/2015 02:45:00","EDT","MHK VL",61756,830.1
"03/12/2015 02:45:00","EDT","MILLWD",61759,208.5
"03/12/2015 02:45:00","EDT","N.Y.C.",61761,4261.1
"03/12/2015 02:45:00","EDT","NORTH",61755,501
"03/12/2015 02:45:00","EDT","WEST",61752,1626.7
"03/12/2015 02:50:00","EDT","CAPITL",61757,1151.6
"03/12/2015 02:50:00","EDT","CENTRL",61754,1606.7
"03/12/2015 02:50:00","EDT","DUNWOD",61760,545.2
"03/12/2015 02:50:00","EDT","GENESE",61753,908.4
"03/12/2015 02:50:00","EDT","HUD VL",61758,876.9
"03/12/2015 02:50:00","EDT","LONGIL",61762,1742
"03/12/2015 02:50:00","EDT","MHK VL",61756,837.9
"03/12/2015 02:50:00","EDT","MILLWD",61759,200.9
"03/12/2015 02:50:00","EDT","N.Y.C.",61761,4275.7
"03/12/2015 02:50:00","EDT","NORTH",61755,488
"03/12/2015 02:50:00","EDT","WEST",61752,1604.2
"03/12/2015 02:55:00","EDT","CAPITL",61757,1138.6
"03/12/2015 02:55:00","EDT","CENTRL",61754,1596.9
"03/12/2015 02:55:00","EDT","DUNWOD",61760,540.1
"03/12/2015 02:55:00","EDT","GENESE",61753,916.9
"03/12/2015 02:55:00","EDT","HUD VL",61758,865.9
"03/12/2015 02:55:00","EDT","LONGIL",61762,1745.2
"03/12/2015 02:55:00","EDT","MHK VL",61756,823
"03/12/2015 02:55:00","EDT","MILLWD",61759,217.8
"03/12/2015 02:55:00","EDT","N.Y.C.",61761,4268.5
"03/12/2015 02:55:00","EDT","NORTH",61755,512
"03/12/2015 02:55:00","EDT","WEST",61752,1632.4
"03/12/2015 03:00:00","EDT","CAPITL",61757,1146.1
"03/12/2015 03:00:00","EDT","CENTRL",61754,1610.3
"03/12/2015 03:00:00","EDT","DUNWOD",61760,542.8
"03/12/2015 03:00:00","EDT","GENESE",61753,918.8
"03/12/2015 03:00:00","EDT","HUD VL",61758,875.9
"03/12/2015 03:00:00","EDT","LONGIL",61762,1737.6
"03/12/2015 03:00:00","EDT","MHK VL",61756,825.4
"03/12/2015 03:00:00","EDT","MILLWD",61759,216.9
"03/12/2015 03:00:00","EDT","N.Y.C.",61761,4268.9
"03/12/2015 03:00:00","EDT","NORTH",61755,495.6
"03/12/2015 03:00:00","EDT","WEST",61752,1612.6
"03/12/2015 03:05:00","EDT","CAPITL",61757,1141.6
"03/12/2015 03:05:00","EDT","CENTRL",61754,1559.7
"03/12/2015 03:05:00","EDT","DUNWOD",61760,531.7
"03/12/2015 03:05:00","EDT","GENESE",61753,894.9
"03/12/2015 03:05:00","EDT","HUD VL",61758,872.5
"03/12/2015 03:05:00","EDT","LONGIL",61762,1762.8
"03/12/2015 03:05:00","EDT","MHK VL",61756,856
"03/12/2015 03:05:00","EDT","MILLWD",61759,215.5
"03/12/2015 03:05:00","EDT","N.Y.C.",61761,4217.3
"03/12/2015 03:05:00","EDT","NORTH",61755,499.8
"03/12/2015 03:05:00","EDT","WEST",61752,1608
"03/12/2015 03:10:00","EDT","CAPITL",61757,1147.6
"03/12/2015 03:10:00","EDT","CENTRL",61754,1600.8
"03/12/2015 03:10:00","EDT","DUNWOD",61760,536.9
"03/12/2015 03:10:00","EDT","GENESE",61753,918.5
"03/12/2015 03:10:00","EDT","HUD VL",61758,864.1
"03/12/2015 03:10:00","EDT","LONGIL",61762,1746.1
"03/12/2015 03:10:00","EDT","MHK VL",61756,835.2
"03/12/2015 03:10:00","EDT","MILLWD",61759,213.3
"03/12/2015 03:10:00","EDT","N.Y.C.",61761,4270.5
"03/12/2015 03:10:00","EDT","NORTH",61755,499.4
"03/12/2015 03:10:00","EDT","WEST",61752,1607.2
"03/12/2015 03:15:00","EDT","CAPITL",61757,1141.8
"03/12/2015 03:15:00","EDT","CENTRL",61754,1559.8
"03/12/2015 03:15:00","EDT","DUNWOD",61760,531.1
"03/12/2015 03:15:00","EDT","GENESE",61753,923.5
"03/12/2015 03:15:00","EDT","HUD VL",61758,873.4
"03/12/2015 03:15:00","EDT","LONGIL",61762,1742.4
"03/12/2015 03:15:00","EDT","MHK VL",61756,831.7
"03/12/2015 03:15:00","EDT","MILLWD",61759,211.1
"03/12/2015 03:15:00","EDT","N.Y.C.",61761,4265
"03/12/2015 03:15:00","EDT","NORTH",61755,492.5
"03/12/2015 03:15:00","EDT","WEST",61752,1631.5
"03/12/2015 03:20:00","EDT","CAPITL",61757,1149
"03/12/2015 03:20:00","EDT","CENTRL",61754,1621.3
"03/12/2015 03:20:00","EDT","DUNWOD",61760,540.3
"03/12/2015 03:20:00","EDT","GENESE",61753,912.9
"03/12/2015 03:20:00","EDT","HUD VL",61758,869.1
"03/12/2015 03:20:00","EDT","LONGIL",61762,1738.1
"03/12/2015 03:20:00","EDT","MHK VL",61756,831.5
"03/12/2015 03:20:00","EDT","MILLWD",61759,213
"03/12/2015 03:20:00","EDT","N.Y.C.",61761,4255.5
"03/12/2015 03:20:00","EDT","NORTH",61755,496.4
"03/12/2015 03:20:00","EDT","WEST",61752,1636.5
"03/12/2015 03:25:00","EDT","CAPITL",61757,1155.6
"03/12/2015 03:25:00","EDT","CENTRL",61754,1643.7
"03/12/2015 03:25:00","EDT","DUNWOD",61760,534.9
"03/12/2015 03:25:00","EDT","GENESE",61753,919.7
"03/12/2015 03:25:00","EDT","HUD VL",61758,867.1
"03/12/2015 03:25:00","EDT","LONGIL",61762,1740.5
"03/12/2015 03:25:00","EDT","MHK VL",61756,830
"03/12/2015 03:25:00","EDT","MILLWD",61759,213.2
"03/12/2015 03:25:00","EDT","N.Y.C.",61761,4249
"03/12/2015 03:25:00","EDT","NORTH",61755,499.2
"03/12/2015 03:25:00","EDT","WEST",61752,1618.1
"03/12/2015 03:30:00","EDT","CAPITL",61757,1142.5
"03/12/2015 03:30:00","EDT","CENTRL",61754,1631.1
"03/12/2015 03:30:00","EDT","DUNWOD",61760,542.1
"03/12/2015 03:30:00","EDT","GENESE",61753,924.3
"03/12/2015 03:30:00","EDT","HUD VL",61758,867.4
"03/12/2015 03:30:00","EDT","LONGIL",61762,1746.2
"03/12/2015 03:30:00","EDT","MHK VL",61756,827.3
"03/12/2015 03:30:00","EDT","MILLWD",61759,222.2
"03/12/2015 03:30:00","EDT","N.Y.C.",61761,4228.3
"03/12/2015 03:30:00","EDT","NORTH",61755,505.7
"03/12/2015 03:30:00","EDT","WEST",61752,1633
"03/12/2015 03:35:00","EDT","CAPITL",61757,1155.1
"03/12/2015 03:35:00","EDT","CENTRL",61754,1598.8
"03/12/2015 03:35:00","EDT","DUNWOD",61760,537.5
"03/12/2015 03:35:00","EDT","GENESE",61753,925.9
"03/12/2015 03:35:00","EDT","HUD VL",61758,873.9
"03/12/2015 03:35:00","EDT","LONGIL",61762,1748.9
"03/12/2015 03:35:00","EDT","MHK VL",61756,823.1
"03/12/2015 03:35:00","EDT","MILLWD",61759,216.1
"03/12/2015 03:35:00","EDT","N.Y.C.",61761,4245.5
"03/12/2015 03:35:00","EDT","NORTH",61755,500.2
"03/12/2015 03:35:00","EDT","WEST",61752,1613.7
"03/12/2015 03:40:00","EDT","CAPITL",61757,1150.9
"03/12/2015 03:40:00","EDT","CENTRL",61754,1629.9
"03/12/2015 03:40:00","EDT","DUNWOD",61760,539.6
"03/12/2015 03:40:00","EDT","GENESE",61753,921.8
"03/12/2015 03:40:00","EDT","HUD VL",61758,866.4
"03/12/2015 03:40:00","EDT","LONGIL",61762,1754.1
"03/12/2015 03:40:00","EDT","MHK VL",61756,837.4
"03/12/2015 03:40:00","EDT","MILLWD",61759,211
"03/12/2015 03:40:00","EDT","N.Y.C.",61761,4242.6
"03/12/2015 03:40:00","EDT","NORTH",61755,496.6
"03/12/2015 03:40:00","EDT","WEST",61752,1621.6
"03/12/2015 03:45:00","EDT","CAPITL",61757,1146.8
"03/12/2015 03:45:00","EDT","CENTRL",61754,1632.5
"03/12/2015 03:45:00","EDT","DUNWOD",61760,543.3
"03/12/2015 03:45:00","EDT","GENESE",61753,920.6
"03/12/2015 03:45:00","EDT","HUD VL",61758,889.8
"03/12/2015 03:45:00","EDT","LONGIL",61762,1753.9
"03/12/2015 03:45:00","EDT","MHK VL",61756,830.6
"03/12/2015 03:45:00","EDT","MILLWD",61759,262.6
"03/12/2015 03:45:00","EDT","N.Y.C.",61761,4228.6
"03/12/2015 03:45:00","EDT","NORTH",61755,507.7
"03/12/2015 03:45:00","EDT","WEST",61752,1614.5
"03/12/2015 03:50:00","EDT","CAPITL",61757,1146
"03/12/2015 03:50:00","EDT","CENTRL",61754,1635.3
"03/12/2015 03:50:00","EDT","DUNWOD",61760,531.9
"03/12/2015 03:50:00","EDT","GENESE",61753,923.6
"03/12/2015 03:50:00","EDT","HUD VL",61758,864
"03/12/2015 03:50:00","EDT","LONGIL",61762,1761.6
"03/12/2015 03:50:00","EDT","MHK VL",61756,838.1
"03/12/2015 03:50:00","EDT","MILLWD",61759,213.3
"03/12/2015 03:50:00","EDT","N.Y.C.",61761,4262.1
"03/12/2015 03:50:00","EDT","NORTH",61755,501.2
"03/12/2015 03:50:00","EDT","WEST",61752,1622.5
"03/12/2015 03:55:00","EDT","CAPITL",61757,1151.7
"03/12/2015 03:55:00","EDT","CENTRL",61754,1592.2
"03/12/2015 03:55:00","EDT","DUNWOD",61760,532.6
"03/12/2015 03:55:00","EDT","GENESE",61753,921.7
"03/12/2015 03:55:00","EDT","HUD VL",61758,862.3
"03/12/2015 03:55:00","EDT","LONGIL",61762,1754
"03/12/2015 03:55:00","EDT","MHK VL",61756,843.4
"03/12/2015 03:55:00","EDT","MILLWD",61759,215.9
"03/12/2015 03:55:00","EDT","N.Y.C.",61761,4247.8
"03/12/2015 03:55:00","EDT","NORTH",61755,489.1
"03/12/2015 03:55:00","EDT","WEST",61752,1604.2
"03/12/2015 04:00:00","EDT","CAPITL",61757,1164.4
"03/12/2015 04:00:00","EDT","CENTRL",61754,1629.6
"03/12/2015 04:00:00","EDT","DUNWOD",61760,528.5
"03/12/2015 04:00:00","EDT","GENESE",61753,931.7
"03/12/2015 04:00:00","EDT","HUD VL",61758,860.5
"03/12/2015 04:00:00","EDT","LONGIL",61762,1749.2
"03/12/2015 04:00:00","EDT","MHK VL",61756,834.9
"03/12/2015 04:00:00","EDT","MILLWD",61759,220.2
"03/12/2015 04:00:00","EDT","N.Y.C.",61761,4244.4
"03/12/2015 04:00:00","EDT","NORTH",61755,498.7
"03/12/2015 04:00:00","EDT","WEST",61752,1620.1
"03/12/2015 04:05:00","EDT","CAPITL",61757,1157.6
"03/12/2015 04:05:00","EDT","CENTRL",61754,1639.4
"03/12/2015 04:05:00","EDT","DUNWOD",61760,533.5
"03/12/2015 04:05:00","EDT","GENESE",61753,927
"03/12/2015 04:05:00","EDT","HUD VL",61758,855.4
"03/12/2015 04:05:00","EDT","LONGIL",61762,1758.2
"03/12/2015 04:05:00","EDT","MHK VL",61756,840.2
"03/12/2015 04:05:00","EDT","MILLWD",61759,227.5
"03/12/2015 04:05:00","EDT","N.Y.C.",61761,4229.1
"03/12/2015 04:05:00","EDT","NORTH",61755,499.4
"03/12/2015 04:05:00","EDT","WEST",61752,1622.1
"03/12/2015 04:10:00","EDT","CAPITL",61757,1168.7
"03/12/2015 04:10:00","EDT","CENTRL",61754,1644.2
"03/12/2015 04:10:00","EDT","DUNWOD",61760,537.1
"03/12/2015 04:10:00","EDT","GENESE",61753,930.5
"03/12/2015 04:10:00","EDT","HUD VL",61758,875.9
"03/12/2015 04:10:00","EDT","LONGIL",61762,1778.4
"03/12/2015 04:10:00","EDT","MHK VL",61756,835.5
"03/12/2015 04:10:00","EDT","MILLWD",61759,211.2
"03/12/2015 04:10:00","EDT","N.Y.C.",61761,4246.1
"03/12/2015 04:10:00","EDT","NORTH",61755,506.3
"03/12/2015 04:10:00","EDT","WEST",61752,1647.2
"03/12/2015 04:15:00","EDT","CAPITL",61757,1128.7
"03/12/2015 04:15:00","EDT","CENTRL",61754,1661.5
"03/12/2015 04:15:00","EDT","DUNWOD",61760,538.7
"03/12/2015 04:15:00","EDT","GENESE",61753,935.5
"03/12/2015 04:15:00","EDT","HUD VL",61758,878.3
"03/12/2015 04:15:00","EDT","LONGIL",61762,1775.2
"03/12/2015 04:15:00","EDT","MHK VL",61756,827.3
"03/12/2015 04:15:00","EDT","MILLWD",61759,211.5
"03/12/2015 04:15:00","EDT","N.Y.C.",61761,4254.2
"03/12/2015 04:15:00","EDT","NORTH",61755,502
"03/12/2015 04:15:00","EDT","WEST",61752,1632.3
"03/12/2015 04:20:00","EDT","CAPITL",61757,1137.6
"03/12/2015 04:20:00","EDT","CENTRL",61754,1665.6
"03/12/2015 04:20:00","EDT","DUNWOD",61760,542.1
"03/12/2015 04:20:00","EDT","GENESE",61753,934.4
"03/12/2015 04:20:00","EDT","HUD VL",61758,891.7
"03/12/2015 04:20:00","EDT","LONGIL",61762,1775.2
"03/12/2015 04:20:00","EDT","MHK VL",61756,827.2
"03/12/2015 04:20:00","EDT","MILLWD",61759,213.3
"03/12/2015 04:20:00","EDT","N.Y.C.",61761,4260.9
"03/12/2015 04:20:00","EDT","NORTH",61755,490.7
"03/12/2015 04:20:00","EDT","WEST",61752,1631.4
"03/12/2015 04:25:00","EDT","CAPITL",61757,1122.9
"03/12/2015 04:25:00","EDT","CENTRL",61754,1631.3
"03/12/2015 04:25:00","EDT","DUNWOD",61760,539.9
"03/12/2015 04:25:00","EDT","GENESE",61753,936.3
"03/12/2015 04:25:00","EDT","HUD VL",61758,893.9
"03/12/2015 04:25:00","EDT","LONGIL",61762,1785.9
"03/12/2015 04:25:00","EDT","MHK VL",61756,851.9
"03/12/2015 04:25:00","EDT","MILLWD",61759,206.5
"03/12/2015 04:25:00","EDT","N.Y.C.",61761,4265.4
"03/12/2015 04:25:00","EDT","NORTH",61755,497.8
"03/12/2015 04:25:00","EDT","WEST",61752,1640.6
"03/12/2015 04:30:00","EDT","CAPITL",61757,1125.1
"03/12/2015 04:30:00","EDT","CENTRL",61754,1628
"03/12/2015 04:30:00","EDT","DUNWOD",61760,543.1
"03/12/2015 04:30:00","EDT","GENESE",61753,940.6
"03/12/2015 04:30:00","EDT","HUD VL",61758,869
"03/12/2015 04:30:00","EDT","LONGIL",61762,1764.9
"03/12/2015 04:30:00","EDT","MHK VL",61756,843.5
"03/12/2015 04:30:00","EDT","MILLWD",61759,220.9
"03/12/2015 04:30:00","EDT","N.Y.C.",61761,4260.4
"03/12/2015 04:30:00","EDT","NORTH",61755,495.3
"03/12/2015 04:30:00","EDT","WEST",61752,1643.9
"03/12/2015 04:35:00","EDT","CAPITL",61757,1124.3
"03/12/2015 04:35:00","EDT","CENTRL",61754,1624.1
"03/12/2015 04:35:00","EDT","DUNWOD",61760,539
"03/12/2015 04:35:00","EDT","GENESE",61753,941.2
"03/12/2015 04:35:00","EDT","HUD VL",61758,879.9
"03/12/2015 04:35:00","EDT","LONGIL",61762,1773.8
"03/12/2015 04:35:00","EDT","MHK VL",61756,856.5
"03/12/2015 04:35:00","EDT","MILLWD",61759,214.3
"03/12/2015 04:35:00","EDT","N.Y.C.",61761,4271.8
"03/12/2015 04:35:00","EDT","NORTH",61755,485.5
"03/12/2015 04:35:00","EDT","WEST",61752,1642.6
"03/12/2015 04:40:00","EDT","CAPITL",61757,1118.3
"03/12/2015 04:40:00","EDT","CENTRL",61754,1660.5
"03/12/2015 04:40:00","EDT","DUNWOD",61760,547.5
"03/12/2015 04:40:00","EDT","GENESE",61753,949.5
"03/12/2015 04:40:00","EDT","HUD VL",61758,892.4
"03/12/2015 04:40:00","EDT","LONGIL",61762,1780.6
"03/12/2015 04:40:00","EDT","MHK VL",61756,852.2
"03/12/2015 04:40:00","EDT","MILLWD",61759,206.7
"03/12/2015 04:40:00","EDT","N.Y.C.",61761,4298.8
"03/12/2015 04:40:00","EDT","NORTH",61755,506.2
"03/12/2015 04:40:00","EDT","WEST",61752,1645.5
"03/12/2015 04:45:00","EDT","CAPITL",61757,1120.5
"03/12/2015 04:45:00","EDT","CENTRL",61754,1673.8
"03/12/2015 04:45:00","EDT","DUNWOD",61760,546.2
"03/12/2015 04:45:00","EDT","GENESE",61753,948.3
"03/12/2015 04:45:00","EDT","HUD VL",61758,889.4
"03/12/2015 04:45:00","EDT","LONGIL",61762,1789.6
"03/12/2015 04:45:00","EDT","MHK VL",61756,848.2
"03/12/2015 04:45:00","EDT","MILLWD",61759,212.3
"03/12/2015 04:45:00","EDT","N.Y.C.",61761,4305.4
"03/12/2015 04:45:00","EDT","NORTH",61755,505.7
"03/12/2015 04:45:00","EDT","WEST",61752,1652.3
"03/12/2015 04:50:00","EDT","CAPITL",61757,1087
"03/12/2015 04:50:00","EDT","CENTRL",61754,1670.2
"03/12/2015 04:50:00","EDT","DUNWOD",61760,548.6
"03/12/2015 04:50:00","EDT","GENESE",61753,960.4
"03/12/2015 04:50:00","EDT","HUD VL",61758,871.5
"03/12/2015 04:50:00","EDT","LONGIL",61762,1796.9
"03/12/2015 04:50:00","EDT","MHK VL",61756,856
"03/12/2015 04:50:00","EDT","MILLWD",61759,217.9
"03/12/2015 04:50:00","EDT","N.Y.C.",61761,4306.9
"03/12/2015 04:50:00","EDT","NORTH",61755,515.7
"03/12/2015 04:50:00","EDT","WEST",61752,1640.6
"03/12/2015 04:55:00","EDT","CAPITL",61757,1084.8
"03/12/2015 04:55:00","EDT","CENTRL",61754,1646.6
"03/12/2015 04:55:00","EDT","DUNWOD",61760,543.8
"03/12/2015 04:55:00","EDT","GENESE",61753,960.7
"03/12/2015 04:55:00","EDT","HUD VL",61758,896.6
"03/12/2015 04:55:00","EDT","LONGIL",61762,1805.5
"03/12/2015 04:55:00","EDT","MHK VL",61756,852.4
"03/12/2015 04:55:00","EDT","MILLWD",61759,234.1
"03/12/2015 04:55:00","EDT","N.Y.C.",61761,4331.7
"03/12/2015 04:55:00","EDT","NORTH",61755,515
"03/12/2015 04:55:00","EDT","WEST",61752,1655.3
"03/12/2015 05:00:00","EDT","CAPITL",61757,1085.3
"03/12/2015 05:00:00","EDT","CENTRL",61754,1707.1
"03/12/2015 05:00:00","EDT","DUNWOD",61760,552.3
"03/12/2015 05:00:00","EDT","GENESE",61753,969.8
"03/12/2015 05:00:00","EDT","HUD VL",61758,902.8
"03/12/2015 05:00:00","EDT","LONGIL",61762,1805.5
"03/12/2015 05:00:00","EDT","MHK VL",61756,862.1
"03/12/2015 05:00:00","EDT","MILLWD",61759,226.1
"03/12/2015 05:00:00","EDT","N.Y.C.",61761,4324.6
"03/12/2015 05:00:00","EDT","NORTH",61755,501.5
"03/12/2015 05:00:00","EDT","WEST",61752,1663.5
"03/12/2015 05:05:00","EDT","CAPITL",61757,1068.6
"03/12/2015 05:05:00","EDT","CENTRL",61754,1734.5
"03/12/2015 05:05:00","EDT","DUNWOD",61760,530.5
"03/12/2015 05:05:00","EDT","GENESE",61753,974.4
"03/12/2015 05:05:00","EDT","HUD VL",61758,874.1
"03/12/2015 05:05:00","EDT","LONGIL",61762,1822.5
"03/12/2015 05:05:00","EDT","MHK VL",61756,849
"03/12/2015 05:05:00","EDT","MILLWD",61759,231.8
"03/12/2015 05:05:00","EDT","N.Y.C.",61761,4367.6
"03/12/2015 05:05:00","EDT","NORTH",61755,510.7
"03/12/2015 05:05:00","EDT","WEST",61752,1675.9
"03/12/2015 05:10:00","EDT","CAPITL",61757,1222.1
"03/12/2015 05:10:00","EDT","CENTRL",61754,1728.1
"03/12/2015 05:10:00","EDT","DUNWOD",61760,557
"03/12/2015 05:10:00","EDT","GENESE",61753,993.8
"03/12/2015 05:10:00","EDT","HUD VL",61758,903.9
"03/12/2015 05:10:00","EDT","LONGIL",61762,1842.8
"03/12/2015 05:10:00","EDT","MHK VL",61756,882.2
"03/12/2015 05:10:00","EDT","MILLWD",61759,238.3
"03/12/2015 05:10:00","EDT","N.Y.C.",61761,4383.2
"03/12/2015 05:10:00","EDT","NORTH",61755,513.7
"03/12/2015 05:10:00","EDT","WEST",61752,1684.1
"03/12/2015 05:15:00","EDT","CAPITL",61757,1227.4
"03/12/2015 05:15:00","EDT","CENTRL",61754,1757.6
"03/12/2015 05:15:00","EDT","DUNWOD",61760,569.8
"03/12/2015 05:15:00","EDT","GENESE",61753,993.7
"03/12/2015 05:15:00","EDT","HUD VL",61758,927.5
"03/12/2015 05:15:00","EDT","LONGIL",61762,1855.2
"03/12/2015 05:15:00","EDT","MHK VL",61756,887.5
"03/12/2015 05:15:00","EDT","MILLWD",61759,230.5
"03/12/2015 05:15:00","EDT","N.Y.C.",61761,4406.8
"03/12/2015 05:15:00","EDT","NORTH",61755,517.2
"03/12/2015 05:15:00","EDT","WEST",61752,1691.3
"03/12/2015 05:20:00","EDT","CAPITL",61757,1234.4
"03/12/2015 05:20:00","EDT","CENTRL",61754,1710.9
"03/12/2015 05:20:00","EDT","DUNWOD",61760,561.9
"03/12/2015 05:20:00","EDT","GENESE",61753,1001.9
"03/12/2015 05:20:00","EDT","HUD VL",61758,954.1
"03/12/2015 05:20:00","EDT","LONGIL",61762,1869
"03/12/2015 05:20:00","EDT","MHK VL",61756,884.9
"03/12/2015 05:20:00","EDT","MILLWD",61759,238.4
"03/12/2015 05:20:00","EDT","N.Y.C.",61761,4429.6
"03/12/2015 05:20:00","EDT","NORTH",61755,504
"03/12/2015 05:20:00","EDT","WEST",61752,1695.7
"03/12/2015 05:25:00","EDT","CAPITL",61757,1240.5
"03/12/2015 05:25:00","EDT","CENTRL",61754,1759
"03/12/2015 05:25:00","EDT","DUNWOD",61760,573.9
"03/12/2015 05:25:00","EDT","GENESE",61753,1010
"03/12/2015 05:25:00","EDT","HUD VL",61758,937.4
"03/12/2015 05:25:00","EDT","LONGIL",61762,1885.2
"03/12/2015 05:25:00","EDT","MHK VL",61756,898.8
"03/12/2015 05:25:00","EDT","MILLWD",61759,251.1
"03/12/2015 05:25:00","EDT","N.Y.C.",61761,4462.1
"03/12/2015 05:25:00","EDT","NORTH",61755,506.1
"03/12/2015 05:25:00","EDT","WEST",61752,1713.8
"03/12/2015 05:30:00","EDT","CAPITL",61757,1255.8
"03/12/2015 05:30:00","EDT","CENTRL",61754,1754.9
"03/12/2015 05:30:00","EDT","DUNWOD",61760,582.9
"03/12/2015 05:30:00","EDT","GENESE",61753,1009.6
"03/12/2015 05:30:00","EDT","HUD VL",61758,951.4
"03/12/2015 05:30:00","EDT","LONGIL",61762,1889.6
"03/12/2015 05:30:00","EDT","MHK VL",61756,898.5
"03/12/2015 05:30:00","EDT","MILLWD",61759,237.7
"03/12/2015 05:30:00","EDT","N.Y.C.",61761,4455.5
"03/12/2015 05:30:00","EDT","NORTH",61755,514.8
"03/12/2015 05:30:00","EDT","WEST",61752,1717.6
"03/12/2015 05:35:00","EDT","CAPITL",61757,1262.1
"03/12/2015 05:35:00","EDT","CENTRL",61754,1745.4
"03/12/2015 05:35:00","EDT","DUNWOD",61760,574.7
"03/12/2015 05:35:00","EDT","GENESE",61753,1024.4
"03/12/2015 05:35:00","EDT","HUD VL",61758,944.5
"03/12/2015 05:35:00","EDT","LONGIL",61762,1908.4
"03/12/2015 05:35:00","EDT","MHK VL",61756,909.8
"03/12/2015 05:35:00","EDT","MILLWD",61759,252.2
"03/12/2015 05:35:00","EDT","N.Y.C.",61761,4510.2
"03/12/2015 05:35:00","EDT","NORTH",61755,524.1
"03/12/2015 05:35:00","EDT","WEST",61752,1727.6
"03/12/2015 05:40:00","EDT","CAPITL",61757,1283.8
"03/12/2015 05:40:00","EDT","CENTRL",61754,1748
"03/12/2015 05:40:00","EDT","DUNWOD",61760,582
"03/12/2015 05:40:00","EDT","GENESE",61753,1029
"03/12/2015 05:40:00","EDT","HUD VL",61758,937.7
"03/12/2015 05:40:00","EDT","LONGIL",61762,1930
"03/12/2015 05:40:00","EDT","MHK VL",61756,919.4
"03/12/2015 05:40:00","EDT","MILLWD",61759,251.7
"03/12/2015 05:40:00","EDT","N.Y.C.",61761,4504.7
"03/12/2015 05:40:00","EDT","NORTH",61755,521.3
"03/12/2015 05:40:00","EDT","WEST",61752,1744.1
"03/12/2015 05:45:00","EDT","CAPITL",61757,1298.5
"03/12/2015 05:45:00","EDT","CENTRL",61754,1767.4
"03/12/2015 05:45:00","EDT","DUNWOD",61760,580.8
"03/12/2015 05:45:00","EDT","GENESE",61753,1042.7
"03/12/2015 05:45:00","EDT","HUD VL",61758,955.7
"03/12/2015 05:45:00","EDT","LONGIL",61762,1944.8
"03/12/2015 05:45:00","EDT","MHK VL",61756,928.3
"03/12/2015 05:45:00","EDT","MILLWD",61759,261.1
"03/12/2015 05:45:00","EDT","N.Y.C.",61761,4566.3
"03/12/2015 05:45:00","EDT","NORTH",61755,517.2
"03/12/2015 05:45:00","EDT","WEST",61752,1739.9
"03/12/2015 05:50:00","EDT","CAPITL",61757,1313.6
"03/12/2015 05:50:00","EDT","CENTRL",61754,1784.7
"03/12/2015 05:50:00","EDT","DUNWOD",61760,596.2
"03/12/2015 05:50:00","EDT","GENESE",61753,1045.7
"03/12/2015 05:50:00","EDT","HUD VL",61758,970.5
"03/12/2015 05:50:00","EDT","LONGIL",61762,1964.6
"03/12/2015 05:50:00","EDT","MHK VL",61756,943.7
"03/12/2015 05:50:00","EDT","MILLWD",61759,250
"03/12/2015 05:50:00","EDT","N.Y.C.",61761,4599.7
"03/12/2015 05:50:00","EDT","NORTH",61755,524.1
"03/12/2015 05:50:00","EDT","WEST",61752,1746.5
"03/12/2015 05:55:00","EDT","CAPITL",61757,1318.6
"03/12/2015 05:55:00","EDT","CENTRL",61754,1810
"03/12/2015 05:55:00","EDT","DUNWOD",61760,593.4
"03/12/2015 05:55:00","EDT","GENESE",61753,1056
"03/12/2015 05:55:00","EDT","HUD VL",61758,948.4
"03/12/2015 05:55:00","EDT","LONGIL",61762,1980.5
"03/12/2015 05:55:00","EDT","MHK VL",61756,950.1
"03/12/2015 05:55:00","EDT","MILLWD",61759,277.8
"03/12/2015 05:55:00","EDT","N.Y.C.",61761,4632.1
"03/12/2015 05:55:00","EDT","NORTH",61755,557.9
"03/12/2015 05:55:00","EDT","WEST",61752,1754
"03/12/2015 06:00:00","EDT","CAPITL",61757,1330.8
"03/12/2015 06:00:00","EDT","CENTRL",61754,1825.2
"03/12/2015 06:00:00","EDT","DUNWOD",61760,611.8
"03/12/2015 06:00:00","EDT","GENESE",61753,1070.2
"03/12/2015 06:00:00","EDT","HUD VL",61758,995.7
"03/12/2015 06:00:00","EDT","LONGIL",61762,2004.9
"03/12/2015 06:00:00","EDT","MHK VL",61756,969.6
"03/12/2015 06:00:00","EDT","MILLWD",61759,264.1
"03/12/2015 06:00:00","EDT","N.Y.C.",61761,4683.1
"03/12/2015 06:00:00","EDT","NORTH",61755,533.4
"03/12/2015 06:00:00","EDT","WEST",61752,1801.2
"03/12/2015 06:03:57","EDT","CAPITL",61757,1347.9
"03/12/2015 06:03:57","EDT","CENTRL",61754,1847.9
"03/12/2015 06:03:57","EDT","DUNWOD",61760,606
"03/12/2015 06:03:57","EDT","GENESE",61753,1088.3
"03/12/2015 06:03:57","EDT","HUD VL",61758,970.4
"03/12/2015 06:03:57","EDT","LONGIL",61762,2022.9
"03/12/2015 06:03:57","EDT","MHK VL",61756,974.7
"03/12/2015 06:03:57","EDT","MILLWD",61759,276.6
"03/12/2015 06:03:57","EDT","N.Y.C.",61761,4741
"03/12/2015 06:03:57","EDT","NORTH",61755,551
"03/12/2015 06:03:57","EDT","WEST",61752,1798.4
"03/12/2015 06:05:00","EDT","CAPITL",61757,1387.1
"03/12/2015 06:05:00","EDT","CENTRL",61754,1876.3
"03/12/2015 06:05:00","EDT","DUNWOD",61760,639.6
"03/12/2015 06:05:00","EDT","GENESE",61753,1102.4
"03/12/2015 06:05:00","EDT","HUD VL",61758,1022.3
"03/12/2015 06:05:00","EDT","LONGIL",61762,2055.6
"03/12/2015 06:05:00","EDT","MHK VL",61756,1011.7
"03/12/2015 06:05:00","EDT","MILLWD",61759,257.9
"03/12/2015 06:05:00","EDT","N.Y.C.",61761,4817.3
"03/12/2015 06:05:00","EDT","NORTH",61755,540.8
"03/12/2015 06:05:00","EDT","WEST",61752,1836.2
"03/12/2015 06:10:00","EDT","CAPITL",61757,1370.5
"03/12/2015 06:10:00","EDT","CENTRL",61754,1881.4
"03/12/2015 06:10:00","EDT","DUNWOD",61760,612.4
"03/12/2015 06:10:00","EDT","GENESE",61753,1108.5
"03/12/2015 06:10:00","EDT","HUD VL",61758,1019
"03/12/2015 06:10:00","EDT","LONGIL",61762,2065.2
"03/12/2015 06:10:00","EDT","MHK VL",61756,1009.2
"03/12/2015 06:10:00","EDT","MILLWD",61759,285.4
"03/12/2015 06:10:00","EDT","N.Y.C.",61761,4822.6
"03/12/2015 06:10:00","EDT","NORTH",61755,545.9
"03/12/2015 06:10:00","EDT","WEST",61752,1815.5
"03/12/2015 06:13:15","EDT","CAPITL",61757,1401.7
"03/12/2015 06:13:15","EDT","CENTRL",61754,1913.9
"03/12/2015 06:13:15","EDT","DUNWOD",61760,642.9
"03/12/2015 06:13:15","EDT","GENESE",61753,1129.2
"03/12/2015 06:13:15","EDT","HUD VL",61758,1049.2
"03/12/2015 06:13:15","EDT","LONGIL",61762,2101.4
"03/12/2015 06:13:15","EDT","MHK VL",61756,1017.3
"03/12/2015 06:13:15","EDT","MILLWD",61759,272.2
"03/12/2015 06:13:15","EDT","N.Y.C.",61761,4883
"03/12/2015 06:13:15","EDT","NORTH",61755,540.4
"03/12/2015 06:13:15","EDT","WEST",61752,1849.9
"03/12/2015 06:15:00","EDT","CAPITL",61757,1406.2
"03/12/2015 06:15:00","EDT","CENTRL",61754,1916.5
"03/12/2015 06:15:00","EDT","DUNWOD",61760,630.5
"03/12/2015 06:15:00","EDT","GENESE",61753,1139.7
"03/12/2015 06:15:00","EDT","HUD VL",61758,1043.8
"03/12/2015 06:15:00","EDT","LONGIL",61762,2120.1
"03/12/2015 06:15:00","EDT","MHK VL",61756,1029.1
"03/12/2015 06:15:00","EDT","MILLWD",61759,283.4
"03/12/2015 06:15:00","EDT","N.Y.C.",61761,4934.6
"03/12/2015 06:15:00","EDT","NORTH",61755,550.1
"03/12/2015 06:15:00","EDT","WEST",61752,1878.1
"03/12/2015 06:20:00","EDT","CAPITL",61757,1413.5
"03/12/2015 06:20:00","EDT","CENTRL",61754,1929.4
"03/12/2015 06:20:00","EDT","DUNWOD",61760,643.4
"03/12/2015 06:20:00","EDT","GENESE",61753,1141.7
"03/12/2015 06:20:00","EDT","HUD VL",61758,1040
"03/12/2015 06:20:00","EDT","LONGIL",61762,2128.1
"03/12/2015 06:20:00","EDT","MHK VL",61756,1030.5
"03/12/2015 06:20:00","EDT","MILLWD",61759,292.9
"03/12/2015 06:20:00","EDT","N.Y.C.",61761,4918.4
"03/12/2015 06:20:00","EDT","NORTH",61755,549.7
"03/12/2015 06:20:00","EDT","WEST",61752,1859.1
"03/12/2015 06:25:00","EDT","CAPITL",61757,1416.7
"03/12/2015 06:25:00","EDT","CENTRL",61754,1955.5
"03/12/2015 06:25:00","EDT","DUNWOD",61760,643.3
"03/12/2015 06:25:00","EDT","GENESE",61753,1150.2
"03/12/2015 06:25:00","EDT","HUD VL",61758,1084.9
"03/12/2015 06:25:00","EDT","LONGIL",61762,2135.6
"03/12/2015 06:25:00","EDT","MHK VL",61756,1039.3
"03/12/2015 06:25:00","EDT","MILLWD",61759,287.3
"03/12/2015 06:25:00","EDT","N.Y.C.",61761,5001.4
"03/12/2015 06:25:00","EDT","NORTH",61755,546.3
"03/12/2015 06:25:00","EDT","WEST",61752,1871.6
"03/12/2015 06:30:00","EDT","CAPITL",61757,1424.7
"03/12/2015 06:30:00","EDT","CENTRL",61754,1955.2
"03/12/2015 06:30:00","EDT","DUNWOD",61760,666.5
"03/12/2015 06:30:00","EDT","GENESE",61753,1158
"03/12/2015 06:30:00","EDT","HUD VL",61758,1097.4
"03/12/2015 06:30:00","EDT","LONGIL",61762,2167.8
"03/12/2015 06:30:00","EDT","MHK VL",61756,1053.1
"03/12/2015 06:30:00","EDT","MILLWD",61759,283.2
"03/12/2015 06:30:00","EDT","N.Y.C.",61761,5044.1
"03/12/2015 06:30:00","EDT","NORTH",61755,548
"03/12/2015 06:30:00","EDT","WEST",61752,1874.9
"03/12/2015 06:35:00","EDT","CAPITL",61757,1438.6
"03/12/2015 06:35:00","EDT","CENTRL",61754,1979.5
"03/12/2015 06:35:00","EDT","DUNWOD",61760,657.4
"03/12/2015 06:35:00","EDT","GENESE",61753,1167.5
"03/12/2015 06:35:00","EDT","HUD VL",61758,1089.3
"03/12/2015 06:35:00","EDT","LONGIL",61762,2177.4
"03/12/2015 06:35:00","EDT","MHK VL",61756,1067.8
"03/12/2015 06:35:00","EDT","MILLWD",61759,286.6
"03/12/2015 06:35:00","EDT","N.Y.C.",61761,5096.9
"03/12/2015 06:35:00","EDT","NORTH",61755,558
"03/12/2015 06:35:00","EDT","WEST",61752,1919.1
"03/12/2015 06:40:00","EDT","CAPITL",61757,1454.6
"03/12/2015 06:40:00","EDT","CENTRL",61754,1991.2
"03/12/2015 06:40:00","EDT","DUNWOD",61760,658.2
"03/12/2015 06:40:00","EDT","GENESE",61753,1185.3
"03/12/2015 06:40:00","EDT","HUD VL",61758,1108.4
"03/12/2015 06:40:00","EDT","LONGIL",61762,2221.1
"03/12/2015 06:40:00","EDT","MHK VL",61756,1068.2
"03/12/2015 06:40:00","EDT","MILLWD",61759,301.7
"03/12/2015 06:40:00","EDT","N.Y.C.",61761,5142.3
"03/12/2015 06:40:00","EDT","NORTH",61755,560.5
"03/12/2015 06:40:00","EDT","WEST",61752,1934.2
"03/12/2015 06:45:00","EDT","CAPITL",61757,1471.6
"03/12/2015 06:45:00","EDT","CENTRL",61754,2014.9
"03/12/2015 06:45:00","EDT","DUNWOD",61760,679.3
"03/12/2015 06:45:00","EDT","GENESE",61753,1190.9
"03/12/2015 06:45:00","EDT","HUD VL",61758,1139.5
"03/12/2015 06:45:00","EDT","LONGIL",61762,2237
"03/12/2015 06:45:00","EDT","MHK VL",61756,1096.1
"03/12/2015 06:45:00","EDT","MILLWD",61759,290.4
"03/12/2015 06:45:00","EDT","N.Y.C.",61761,5223.8
"03/12/2015 06:45:00","EDT","NORTH",61755,560.5
"03/12/2015 06:45:00","EDT","WEST",61752,1965.4
"03/12/2015 06:50:00","EDT","CAPITL",61757,1483.8
"03/12/2015 06:50:00","EDT","CENTRL",61754,2034.4
"03/12/2015 06:50:00","EDT","DUNWOD",61760,680.5
"03/12/2015 06:50:00","EDT","GENESE",61753,1203.2
"03/12/2015 06:50:00","EDT","HUD VL",61758,1122
"03/12/2015 06:50:00","EDT","LONGIL",61762,2260
"03/12/2015 06:50:00","EDT","MHK VL",61756,1093.4
"03/12/2015 06:50:00","EDT","MILLWD",61759,318.1
"03/12/2015 06:50:00","EDT","N.Y.C.",61761,5276.8
"03/12/2015 06:50:00","EDT","NORTH",61755,562.6
"03/12/2015 06:50:00","EDT","WEST",61752,1954.8
"03/12/2015 06:55:00","EDT","CAPITL",61757,1491.4
"03/12/2015 06:55:00","EDT","CENTRL",61754,2047.4
"03/12/2015 06:55:00","EDT","DUNWOD",61760,685.4
"03/12/2015 06:55:00","EDT","GENESE",61753,1208.3
"03/12/2015 06:55:00","EDT","HUD VL",61758,1138
"03/12/2015 06:55:00","EDT","LONGIL",61762,2282.1
"03/12/2015 06:55:00","EDT","MHK VL",61756,1098.4
"03/12/2015 06:55:00","EDT","MILLWD",61759,309.2
"03/12/2015 06:55:00","EDT","N.Y.C.",61761,5309.8
"03/12/2015 06:55:00","EDT","NORTH",61755,564.8
"03/12/2015 06:55:00","EDT","WEST",61752,1974.5
"03/12/2015 07:00:00","EDT","CAPITL",61757,1497.2
"03/12/2015 07:00:00","EDT","CENTRL",61754,2063.2
"03/12/2015 07:00:00","EDT","DUNWOD",61760,683.7
"03/12/2015 07:00:00","EDT","GENESE",61753,1222.8
"03/12/2015 07:00:00","EDT","HUD VL",61758,1137.9
"03/12/2015 07:00:00","EDT","LONGIL",61762,2288.3
"03/12/2015 07:00:00","EDT","MHK VL",61756,1109.2
"03/12/2015 07:00:00","EDT","MILLWD",61759,323
"03/12/2015 07:00:00","EDT","N.Y.C.",61761,5347.7
"03/12/2015 07:00:00","EDT","NORTH",61755,567.7
"03/12/2015 07:00:00","EDT","WEST",61752,1972.3
"03/12/2015 07:05:00","EDT","CAPITL",61757,1499.1
"03/12/2015 07:05:00","EDT","CENTRL",61754,2076.5
"03/12/2015 07:05:00","EDT","DUNWOD",61760,708.9
"03/12/2015 07:05:00","EDT","GENESE",61753,1230.7
"03/12/2015 07:05:00","EDT","HUD VL",61758,1135
"03/12/2015 07:05:00","EDT","LONGIL",61762,2292.1
"03/12/2015 07:05:00","EDT","MHK VL",61756,1112.4
"03/12/2015 07:05:00","EDT","MILLWD",61759,322.4
"03/12/2015 07:05:00","EDT","N.Y.C.",61761,5404.3
"03/12/2015 07:05:00","EDT","NORTH",61755,572.4
"03/12/2015 07:05:00","EDT","WEST",61752,1988
"03/12/2015 07:10:00","EDT","CAPITL",61757,1514.4
"03/12/2015 07:10:00","EDT","CENTRL",61754,2104.2
"03/12/2015 07:10:00","EDT","DUNWOD",61760,721
"03/12/2015 07:10:00","EDT","GENESE",61753,1235
"03/12/2015 07:10:00","EDT","HUD VL",61758,1141.7
"03/12/2015 07:10:00","EDT","LONGIL",61762,2313.4
"03/12/2015 07:10:00","EDT","MHK VL",61756,1120.2
"03/12/2015 07:10:00","EDT","MILLWD",61759,324.9
"03/12/2015 07:10:00","EDT","N.Y.C.",61761,5491.5
"03/12/2015 07:10:00","EDT","NORTH",61755,576.4
"03/12/2015 07:10:00","EDT","WEST",61752,1997.8
"03/12/2015 07:15:00","EDT","CAPITL",61757,1525.3
"03/12/2015 07:15:00","EDT","CENTRL",61754,2112.7
"03/12/2015 07:15:00","EDT","DUNWOD",61760,721.8
"03/12/2015 07:15:00","EDT","GENESE",61753,1244.4
"03/12/2015 07:15:00","EDT","HUD VL",61758,1156.2
"03/12/2015 07:15:00","EDT","LONGIL",61762,2316.8
"03/12/2015 07:15:00","EDT","MHK VL",61756,1135.7
"03/12/2015 07:15:00","EDT","MILLWD",61759,316.5
"03/12/2015 07:15:00","EDT","N.Y.C.",61761,5552.3
"03/12/2015 07:15:00","EDT","NORTH",61755,554.8
"03/12/2015 07:15:00","EDT","WEST",61752,1986.4
"03/12/2015 07:20:00","EDT","CAPITL",61757,1522.6
"03/12/2015 07:20:00","EDT","CENTRL",61754,2094
"03/12/2015 07:20:00","EDT","DUNWOD",61760,733.6
"03/12/2015 07:20:00","EDT","GENESE",61753,1242.7
"03/12/2015 07:20:00","EDT","HUD VL",61758,1146.4
"03/12/2015 07:20:00","EDT","LONGIL",61762,2309
"03/12/2015 07:20:00","EDT","MHK VL",61756,1113.7
"03/12/2015 07:20:00","EDT","MILLWD",61759,304
"03/12/2015 07:20:00","EDT","N.Y.C.",61761,5600.4
"03/12/2015 07:20:00","EDT","NORTH",61755,578.7
"03/12/2015 07:20:00","EDT","WEST",61752,2019.7
"03/12/2015 07:25:00","EDT","CAPITL",61757,1534.2
"03/12/2015 07:25:00","EDT","CENTRL",61754,2102.5
"03/12/2015 07:25:00","EDT","DUNWOD",61760,714
"03/12/2015 07:25:00","EDT","GENESE",61753,1243.7
"03/12/2015 07:25:00","EDT","HUD VL",61758,1172.5
"03/12/2015 07:25:00","EDT","LONGIL",61762,2349
"03/12/2015 07:25:00","EDT","MHK VL",61756,1107.9
"03/12/2015 07:25:00","EDT","MILLWD",61759,317
"03/12/2015 07:25:00","EDT","N.Y.C.",61761,5600.1
"03/12/2015 07:25:00","EDT","NORTH",61755,580.7
"03/12/2015 07:25:00","EDT","WEST",61752,2038.1
"03/12/2015 07:25:57","EDT","CAPITL",61757,1534
"03/12/2015 07:25:57","EDT","CENTRL",61754,2102.4
"03/12/2015 07:25:57","EDT","DUNWOD",61760,740
"03/12/2015 07:25:57","EDT","GENESE",61753,1232.1
"03/12/2015 07:25:57","EDT","HUD VL",61758,1164.2
"03/12/2015 07:25:57","EDT","LONGIL",61762,2341.2
"03/12/2015 07:25:57","EDT","MHK VL",61756,1120.6
"03/12/2015 07:25:57","EDT","MILLWD",61759,307.6
"03/12/2015 07:25:57","EDT","N.Y.C.",61761,5692.8
"03/12/2015 07:25:57","EDT","NORTH",61755,568.8
"03/12/2015 07:25:57","EDT","WEST",61752,2007
"03/12/2015 07:28:27","EDT","CAPITL",61757,1535.2
"03/12/2015 07:28:27","EDT","CENTRL",61754,2100.4
"03/12/2015 07:28:27","EDT","DUNWOD",61760,725.3
"03/12/2015 07:28:27","EDT","GENESE",61753,1240.5
"03/12/2015 07:28:27","EDT","HUD VL",61758,1158.8
"03/12/2015 07:28:27","EDT","LONGIL",61762,2343.8
"03/12/2015 07:28:27","EDT","MHK VL",61756,1127.4
"03/12/2015 07:28:27","EDT","MILLWD",61759,324.5
"03/12/2015 07:28:27","EDT","N.Y.C.",61761,5684.7
"03/12/2015 07:28:27","EDT","NORTH",61755,579.5
"03/12/2015 07:28:27","EDT","WEST",61752,2019.4
"03/12/2015 07:30:00","EDT","CAPITL",61757,1527.7
"03/12/2015 07:30:00","EDT","CENTRL",61754,2108.5
"03/12/2015 07:30:00","EDT","DUNWOD",61760,728.8
"03/12/2015 07:30:00","EDT","GENESE",61753,1234.8
"03/12/2015 07:30:00","EDT","HUD VL",61758,1174.7
"03/12/2015 07:30:00","EDT","LONGIL",61762,2358.3
"03/12/2015 07:30:00","EDT","MHK VL",61756,1126
"03/12/2015 07:30:00","EDT","MILLWD",61759,304.9
"03/12/2015 07:30:00","EDT","N.Y.C.",61761,5672.7
"03/12/2015 07:30:00","EDT","NORTH",61755,574.1
"03/12/2015 07:30:00","EDT","WEST",61752,2024.3
"03/12/2015 07:35:00","EDT","CAPITL",61757,1523.9
"03/12/2015 07:35:00","EDT","CENTRL",61754,2096.6
"03/12/2015 07:35:00","EDT","DUNWOD",61760,720.1
"03/12/2015 07:35:00","EDT","GENESE",61753,1236.8
"03/12/2015 07:35:00","EDT","HUD VL",61758,1156.1
"03/12/2015 07:35:00","EDT","LONGIL",61762,2365.7
"03/12/2015 07:35:00","EDT","MHK VL",61756,1137
"03/12/2015 07:35:00","EDT","MILLWD",61759,330.1
"03/12/2015 07:35:00","EDT","N.Y.C.",61761,5693.8
"03/12/2015 07:35:00","EDT","NORTH",61755,571
"03/12/2015 07:35:00","EDT","WEST",61752,2033.3
"03/12/2015 07:40:00","EDT","CAPITL",61757,1538.6
"03/12/2015 07:40:00","EDT","CENTRL",61754,2091.5
"03/12/2015 07:40:00","EDT","DUNWOD",61760,752.8
"03/12/2015 07:40:00","EDT","GENESE",61753,1238.5
"03/12/2015 07:40:00","EDT","HUD VL",61758,1186.4
"03/12/2015 07:40:00","EDT","LONGIL",61762,2367.6
"03/12/2015 07:40:00","EDT","MHK VL",61756,1121.4
"03/12/2015 07:40:00","EDT","MILLWD",61759,309
"03/12/2015 07:40:00","EDT","N.Y.C.",61761,5748.8
"03/12/2015 07:40:00","EDT","NORTH",61755,570.7
"03/12/2015 07:40:00","EDT","WEST",61752,2021.3
"03/12/2015 07:45:00","EDT","CAPITL",61757,1528.2
"03/12/2015 07:45:00","EDT","CENTRL",61754,2096.2
"03/12/2015 07:45:00","EDT","DUNWOD",61760,747.8
"03/12/2015 07:45:00","EDT","GENESE",61753,1238.5
"03/12/2015 07:45:00","EDT","HUD VL",61758,1166.5
"03/12/2015 07:45:00","EDT","LONGIL",61762,2373.3
"03/12/2015 07:45:00","EDT","MHK VL",61756,1123.7
"03/12/2015 07:45:00","EDT","MILLWD",61759,319.3
"03/12/2015 07:45:00","EDT","N.Y.C.",61761,5760.7
"03/12/2015 07:45:00","EDT","NORTH",61755,566.5
"03/12/2015 07:45:00","EDT","WEST",61752,2019.6
"03/12/2015 07:50:00","EDT","CAPITL",61757,1523.5
"03/12/2015 07:50:00","EDT","CENTRL",61754,2097.2
"03/12/2015 07:50:00","EDT","DUNWOD",61760,713.5
"03/12/2015 07:50:00","EDT","GENESE",61753,1229.8
"03/12/2015 07:50:00","EDT","HUD VL",61758,1157
"03/12/2015 07:50:00","EDT","LONGIL",61762,2373.5
"03/12/2015 07:50:00","EDT","MHK VL",61756,1122.2
"03/12/2015 07:50:00","EDT","MILLWD",61759,332.8
"03/12/2015 07:50:00","EDT","N.Y.C.",61761,5798.6
"03/12/2015 07:50:00","EDT","NORTH",61755,574.9
"03/12/2015 07:50:00","EDT","WEST",61752,2010.1
"03/12/2015 07:55:00","EDT","CAPITL",61757,1517.9
"03/12/2015 07:55:00","EDT","CENTRL",61754,2084
"03/12/2015 07:55:00","EDT","DUNWOD",61760,750.7
"03/12/2015 07:55:00","EDT","GENESE",61753,1235.9
"03/12/2015 07:55:00","EDT","HUD VL",61758,1141.8
"03/12/2015 07:55:00","EDT","LONGIL",61762,2371.3
"03/12/2015 07:55:00","EDT","MHK VL",61756,1146.6
"03/12/2015 07:55:00","EDT","MILLWD",61759,323
"03/12/2015 07:55:00","EDT","N.Y.C.",61761,5840.9
"03/12/2015 07:55:00","EDT","NORTH",61755,574.8
"03/12/2015 07:55:00","EDT","WEST",61752,2024.1
"03/12/2015 08:00:00","EDT","CAPITL",61757,1528
"03/12/2015 08:00:00","EDT","CENTRL",61754,2095
"03/12/2015 08:00:00","EDT","DUNWOD",61760,724.7
"03/12/2015 08:00:00","EDT","GENESE",61753,1237
"03/12/2015 08:00:00","EDT","HUD VL",61758,1175.1
"03/12/2015 08:00:00","EDT","LONGIL",61762,2388.6
"03/12/2015 08:00:00","EDT","MHK VL",61756,1136.2
"03/12/2015 08:00:00","EDT","MILLWD",61759,316.2
"03/12/2015 08:00:00","EDT","N.Y.C.",61761,5883.9
"03/12/2015 08:00:00","EDT","NORTH",61755,569.4
"03/12/2015 08:00:00","EDT","WEST",61752,2017.2
"03/12/2015 08:05:00","EDT","CAPITL",61757,1507.5
"03/12/2015 08:05:00","EDT","CENTRL",61754,2083.2
"03/12/2015 08:05:00","EDT","DUNWOD",61760,747.3
"03/12/2015 08:05:00","EDT","GENESE",61753,1247.4
"03/12/2015 08:05:00","EDT","HUD VL",61758,1173.6
"03/12/2015 08:05:00","EDT","LONGIL",61762,2400.7
"03/12/2015 08:05:00","EDT","MHK VL",61756,1145.7
"03/12/2015 08:05:00","EDT","MILLWD",61759,297.8
"03/12/2015 08:05:00","EDT","N.Y.C.",61761,5874.6
"03/12/2015 08:05:00","EDT","NORTH",61755,581.2
"03/12/2015 08:05:00","EDT","WEST",61752,2019.9
"03/12/2015 08:10:00","EDT","CAPITL",61757,1530
"03/12/2015 08:10:00","EDT","CENTRL",61754,2105.5
"03/12/2015 08:10:00","EDT","DUNWOD",61760,752.2
"03/12/2015 08:10:00","EDT","GENESE",61753,1242.9
"03/12/2015 08:10:00","EDT","HUD VL",61758,1159.2
"03/12/2015 08:10:00","EDT","LONGIL",61762,2394.5
"03/12/2015 08:10:00","EDT","MHK VL",61756,1135
"03/12/2015 08:10:00","EDT","MILLWD",61759,307.9
"03/12/2015 08:10:00","EDT","N.Y.C.",61761,5944.3
"03/12/2015 08:10:00","EDT","NORTH",61755,569
"03/12/2015 08:10:00","EDT","WEST",61752,2015.2
"03/12/2015 08:15:00","EDT","CAPITL",61757,1523
"03/12/2015 08:15:00","EDT","CENTRL",61754,2085
"03/12/2015 08:15:00","EDT","DUNWOD",61760,735.5
"03/12/2015 08:15:00","EDT","GENESE",61753,1245.6
"03/12/2015 08:15:00","EDT","HUD VL",61758,1186.8
"03/12/2015 08:15:00","EDT","LONGIL",61762,2401.8
"03/12/2015 08:15:00","EDT","MHK VL",61756,1134.9
"03/12/2015 08:15:00","EDT","MILLWD",61759,324.3
"03/12/2015 08:15:00","EDT","N.Y.C.",61761,5955.5
"03/12/2015 08:15:00","EDT","NORTH",61755,581.9
"03/12/2015 08:15:00","EDT","WEST",61752,2017.2
"03/12/2015 08:20:00","EDT","CAPITL",61757,1525.4
"03/12/2015 08:20:00","EDT","CENTRL",61754,2094.8
"03/12/2015 08:20:00","EDT","DUNWOD",61760,736.8
"03/12/2015 08:20:00","EDT","GENESE",61753,1240
"03/12/2015 08:20:00","EDT","HUD VL",61758,1156.1
"03/12/2015 08:20:00","EDT","LONGIL",61762,2400.3
"03/12/2015 08:20:00","EDT","MHK VL",61756,1140.3
"03/12/2015 08:20:00","EDT","MILLWD",61759,328.2
"03/12/2015 08:20:00","EDT","N.Y.C.",61761,5995.3
"03/12/2015 08:20:00","EDT","NORTH",61755,566.9
"03/12/2015 08:20:00","EDT","WEST",61752,2025.1
"03/12/2015 08:25:00","EDT","CAPITL",61757,1525.3
"03/12/2015 08:25:00","EDT","CENTRL",61754,2089.4
"03/12/2015 08:25:00","EDT","DUNWOD",61760,731.3
"03/12/2015 08:25:00","EDT","GENESE",61753,1235.2
"03/12/2015 08:25:00","EDT","HUD VL",61758,1174.6
"03/12/2015 08:25:00","EDT","LONGIL",61762,2397.8
"03/12/2015 08:25:00","EDT","MHK VL",61756,1140.9
"03/12/2015 08:25:00","EDT","MILLWD",61759,323.1
"03/12/2015 08:25:00","EDT","N.Y.C.",61761,5994.6
"03/12/2015 08:25:00","EDT","NORTH",61755,577
"03/12/2015 08:25:00","EDT","WEST",61752,2017.3
"03/12/2015 08:30:00","EDT","CAPITL",61757,1522.6
"03/12/2015 08:30:00","EDT","CENTRL",61754,2100
"03/12/2015 08:30:00","EDT","DUNWOD",61760,742
"03/12/2015 08:30:00","EDT","GENESE",61753,1235.8
"03/12/2015 08:30:00","EDT","HUD VL",61758,1186.3
"03/12/2015 08:30:00","EDT","LONGIL",61762,2412.6
"03/12/2015 08:30:00","EDT","MHK VL",61756,1135.1
"03/12/2015 08:30:00","EDT","MILLWD",61759,312.6
"03/12/2015 08:30:00","EDT","N.Y.C.",61761,6019.1
"03/12/2015 08:30:00","EDT","NORTH",61755,591.9
"03/12/2015 08:30:00","EDT","WEST",61752,2030.3
"03/12/2015 08:35:00","EDT","CAPITL",61757,1525.7
"03/12/2015 08:35:00","EDT","CENTRL",61754,2083.2
"03/12/2015 08:35:00","EDT","DUNWOD",61760,743.9
"03/12/2015 08:35:00","EDT","GENESE",61753,1236.1
"03/12/2015 08:35:00","EDT","HUD VL",61758,1199.4
"03/12/2015 08:35:00","EDT","LONGIL",61762,2399.5
"03/12/2015 08:35:00","EDT","MHK VL",61756,1132
"03/12/2015 08:35:00","EDT","MILLWD",61759,309.5
"03/12/2015 08:35:00","EDT","N.Y.C.",61761,6021.3
"03/12/2015 08:35:00","EDT","NORTH",61755,584.9
"03/12/2015 08:35:00","EDT","WEST",61752,2015.9
"03/12/2015 08:40:00","EDT","CAPITL",61757,1525.2
"03/12/2015 08:40:00","EDT","CENTRL",61754,2086
"03/12/2015 08:40:00","EDT","DUNWOD",61760,743.1
"03/12/2015 08:40:00","EDT","GENESE",61753,1223.7
"03/12/2015 08:40:00","EDT","HUD VL",61758,1169
"03/12/2015 08:40:00","EDT","LONGIL",61762,2403.3
"03/12/2015 08:40:00","EDT","MHK VL",61756,1149.5
"03/12/2015 08:40:00","EDT","MILLWD",61759,322
"03/12/2015 08:40:00","EDT","N.Y.C.",61761,6073
"03/12/2015 08:40:00","EDT","NORTH",61755,580.3
"03/12/2015 08:40:00","EDT","WEST",61752,2023.7
"03/12/2015 08:45:00","EDT","CAPITL",61757,1521.1
"03/12/2015 08:45:00","EDT","CENTRL",61754,2091.4
"03/12/2015 08:45:00","EDT","DUNWOD",61760,728.6
"03/12/2015 08:45:00","EDT","GENESE",61753,1227.2
"03/12/2015 08:45:00","EDT","HUD VL",61758,1157.5
"03/12/2015 08:45:00","EDT","LONGIL",61762,2392.5
"03/12/2015 08:45:00","EDT","MHK VL",61756,1123.9
"03/12/2015 08:45:00","EDT","MILLWD",61759,318.6
"03/12/2015 08:45:00","EDT","N.Y.C.",61761,6072.1
"03/12/2015 08:45:00","EDT","NORTH",61755,590.7
"03/12/2015 08:45:00","EDT","WEST",61752,2029.6
"03/12/2015 08:50:00","EDT","CAPITL",61757,1515.6
"03/12/2015 08:50:00","EDT","CENTRL",61754,2095.2
"03/12/2015 08:50:00","EDT","DUNWOD",61760,760.3
"03/12/2015 08:50:00","EDT","GENESE",61753,1223.3
"03/12/2015 08:50:00","EDT","HUD VL",61758,1174.8
"03/12/2015 08:50:00","EDT","LONGIL",61762,2403.7
"03/12/2015 08:50:00","EDT","MHK VL",61756,1148.8
"03/12/2015 08:50:00","EDT","MILLWD",61759,290.7
"03/12/2015 08:50:00","EDT","N.Y.C.",61761,6121.1
"03/12/2015 08:50:00","EDT","NORTH",61755,584.4
"03/12/2015 08:50:00","EDT","WEST",61752,2018.4
"03/12/2015 08:55:00","EDT","CAPITL",61757,1505.2
"03/12/2015 08:55:00","EDT","CENTRL",61754,2071.9
"03/12/2015 08:55:00","EDT","DUNWOD",61760,747.6
"03/12/2015 08:55:00","EDT","GENESE",61753,1229.1
"03/12/2015 08:55:00","EDT","HUD VL",61758,1153.8
"03/12/2015 08:55:00","EDT","LONGIL",61762,2394.1
"03/12/2015 08:55:00","EDT","MHK VL",61756,1140.6
"03/12/2015 08:55:00","EDT","MILLWD",61759,309.1
"03/12/2015 08:55:00","EDT","N.Y.C.",61761,6122
"03/12/2015 08:55:00","EDT","NORTH",61755,583.2
"03/12/2015 08:55:00","EDT","WEST",61752,2021.1
"03/12/2015 09:00:00","EDT","CAPITL",61757,1515.5
"03/12/2015 09:00:00","EDT","CENTRL",61754,2086.5
"03/12/2015 09:00:00","EDT","DUNWOD",61760,733.5
"03/12/2015 09:00:00","EDT","GENESE",61753,1232.2
"03/12/2015 09:00:00","EDT","HUD VL",61758,1175.4
"03/12/2015 09:00:00","EDT","LONGIL",61762,2401.6
"03/12/2015 09:00:00","EDT","MHK VL",61756,1149.9
"03/12/2015 09:00:00","EDT","MILLWD",61759,295.5
"03/12/2015 09:00:00","EDT","N.Y.C.",61761,6169.8
"03/12/2015 09:00:00","EDT","NORTH",61755,580.9
"03/12/2015 09:00:00","EDT","WEST",61752,2038.7
"03/12/2015 09:05:00","EDT","CAPITL",61757,1518.8
"03/12/2015 09:05:00","EDT","CENTRL",61754,2083.7
"03/12/2015 09:05:00","EDT","DUNWOD",61760,735.3
"03/12/2015 09:05:00","EDT","GENESE",61753,1223.8
"03/12/2015 09:05:00","EDT","HUD VL",61758,1146.8
"03/12/2015 09:05:00","EDT","LONGIL",61762,2369.2
"03/12/2015 09:05:00","EDT","MHK VL",61756,1134
"03/12/2015 09:05:00","EDT","MILLWD",61759,300
"03/12/2015 09:05:00","EDT","N.Y.C.",61761,6180.3
"03/12/2015 09:05:00","EDT","NORTH",61755,582.3
"03/12/2015 09:05:00","EDT","WEST",61752,2028
"03/12/2015 09:10:00","EDT","CAPITL",61757,1518.9
"03/12/2015 09:10:00","EDT","CENTRL",61754,2081.7
"03/12/2015 09:10:00","EDT","DUNWOD",61760,841.8
"03/12/2015 09:10:00","EDT","GENESE",61753,1229.7
"03/12/2015 09:10:00","EDT","HUD VL",61758,1158.1
"03/12/2015 09:10:00","EDT","LONGIL",61762,2392.7
"03/12/2015 09:10:00","EDT","MHK VL",61756,1163.8
"03/12/2015 09:10:00","EDT","MILLWD",61759,310.5
"03/12/2015 09:10:00","EDT","N.Y.C.",61761,6115.7
"03/12/2015 09:10:00","EDT","NORTH",61755,576.1
"03/12/2015 09:10:00","EDT","WEST",61752,2013.6
"03/12/2015 09:15:00","EDT","CAPITL",61757,1511.8
"03/12/2015 09:15:00","EDT","CENTRL",61754,2081.1
"03/12/2015 09:15:00","EDT","DUNWOD",61760,856.3
"03/12/2015 09:15:00","EDT","GENESE",61753,1225.4
"03/12/2015 09:15:00","EDT","HUD VL",61758,1170.7
"03/12/2015 09:15:00","EDT","LONGIL",61762,2388.6
"03/12/2015 09:15:00","EDT","MHK VL",61756,1147.3
"03/12/2015 09:15:00","EDT","MILLWD",61759,301.2
"03/12/2015 09:15:00","EDT","N.Y.C.",61761,6130
"03/12/2015 09:15:00","EDT","NORTH",61755,563.7
"03/12/2015 09:15:00","EDT","WEST",61752,2004.2
"03/12/2015 09:20:00","EDT","CAPITL",61757,1510.9
"03/12/2015 09:20:00","EDT","CENTRL",61754,2067.8
"03/12/2015 09:20:00","EDT","DUNWOD",61760,724.7
"03/12/2015 09:20:00","EDT","GENESE",61753,1217.8
"03/12/2015 09:20:00","EDT","HUD VL",61758,1184.2
"03/12/2015 09:20:00","EDT","LONGIL",61762,2397.7
"03/12/2015 09:20:00","EDT","MHK VL",61756,1142.6
"03/12/2015 09:20:00","EDT","MILLWD",61759,302.3
"03/12/2015 09:20:00","EDT","N.Y.C.",61761,6263.7
"03/12/2015 09:20:00","EDT","NORTH",61755,571.6
"03/12/2015 09:20:00","EDT","WEST",61752,2005.4
"03/12/2015 09:25:00","EDT","CAPITL",61757,1512.7
"03/12/2015 09:25:00","EDT","CENTRL",61754,2071.5
"03/12/2015 09:25:00","EDT","DUNWOD",61760,726.6
"03/12/2015 09:25:00","EDT","GENESE",61753,1227.2
"03/12/2015 09:25:00","EDT","HUD VL",61758,1160.7
"03/12/2015 09:25:00","EDT","LONGIL",61762,2388.5
"03/12/2015 09:25:00","EDT","MHK VL",61756,1160.7
"03/12/2015 09:25:00","EDT","MILLWD",61759,313.9
"03/12/2015 09:25:00","EDT","N.Y.C.",61761,6272.6
"03/12/2015 09:25:00","EDT","NORTH",61755,576.8
"03/12/2015 09:25:00","EDT","WEST",61752,2016.4
"03/12/2015 09:30:00","EDT","CAPITL",61757,1501.2
"03/12/2015 09:30:00","EDT","CENTRL",61754,2071.5
"03/12/2015 09:30:00","EDT","DUNWOD",61760,723.3
"03/12/2015 09:30:00","EDT","GENESE",61753,1227.5
"03/12/2015 09:30:00","EDT","HUD VL",61758,1156.1
"03/12/2015 09:30:00","EDT","LONGIL",61762,2388.4
"03/12/2015 09:30:00","EDT","MHK VL",61756,1163.7
"03/12/2015 09:30:00","EDT","MILLWD",61759,315.6
"03/12/2015 09:30:00","EDT","N.Y.C.",61761,6322.4
"03/12/2015 09:30:00","EDT","NORTH",61755,571.5
"03/12/2015 09:30:00","EDT","WEST",61752,2016.4
"03/12/2015 09:35:00","EDT","CAPITL",61757,1505.2
"03/12/2015 09:35:00","EDT","CENTRL",61754,2051.1
"03/12/2015 09:35:00","EDT","DUNWOD",61760,713.4
"03/12/2015 09:35:00","EDT","GENESE",61753,1231.6
"03/12/2015 09:35:00","EDT","HUD VL",61758,1160.4
"03/12/2015 09:35:00","EDT","LONGIL",61762,2397
"03/12/2015 09:35:00","EDT","MHK VL",61756,1161.3
"03/12/2015 09:35:00","EDT","MILLWD",61759,305.8
"03/12/2015 09:35:00","EDT","N.Y.C.",61761,6318
"03/12/2015 09:35:00","EDT","NORTH",61755,588.3
"03/12/2015 09:35:00","EDT","WEST",61752,2021.3
"03/12/2015 09:40:00","EDT","CAPITL",61757,1513.8
"03/12/2015 09:40:00","EDT","CENTRL",61754,2067.7
"03/12/2015 09:40:00","EDT","DUNWOD",61760,732.3
"03/12/2015 09:40:00","EDT","GENESE",61753,1222.6
"03/12/2015 09:40:00","EDT","HUD VL",61758,1159.2
"03/12/2015 09:40:00","EDT","LONGIL",61762,2392.4
"03/12/2015 09:40:00","EDT","MHK VL",61756,1154.7
"03/12/2015 09:40:00","EDT","MILLWD",61759,301.1
"03/12/2015 09:40:00","EDT","N.Y.C.",61761,6332
"03/12/2015 09:40:00","EDT","NORTH",61755,578.2
"03/12/2015 09:40:00","EDT","WEST",61752,2023.9
"03/12/2015 09:45:00","EDT","CAPITL",61757,1501.7
"03/12/2015 09:45:00","EDT","CENTRL",61754,2059
"03/12/2015 09:45:00","EDT","DUNWOD",61760,736.3
"03/12/2015 09:45:00","EDT","GENESE",61753,1234.5
"03/12/2015 09:45:00","EDT","HUD VL",61758,1171.2
"03/12/2015 09:45:00","EDT","LONGIL",61762,2386.5
"03/12/2015 09:45:00","EDT","MHK VL",61756,1156.1
"03/12/2015 09:45:00","EDT","MILLWD",61759,298.4
"03/12/2015 09:45:00","EDT","N.Y.C.",61761,6377.8
"03/12/2015 09:45:00","EDT","NORTH",61755,586.2
"03/12/2015 09:45:00","EDT","WEST",61752,2018.7
"03/12/2015 09:50:00","EDT","CAPITL",61757,1498.2
"03/12/2015 09:50:00","EDT","CENTRL",61754,2069.9
"03/12/2015 09:50:00","EDT","DUNWOD",61760,722.9
"03/12/2015 09:50:00","EDT","GENESE",61753,1230.5
"03/12/2015 09:50:00","EDT","HUD VL",61758,1174.6
"03/12/2015 09:50:00","EDT","LONGIL",61762,2396.1
"03/12/2015 09:50:00","EDT","MHK VL",61756,1159.9
"03/12/2015 09:50:00","EDT","MILLWD",61759,307.8
"03/12/2015 09:50:00","EDT","N.Y.C.",61761,6353
"03/12/2015 09:50:00","EDT","NORTH",61755,578.3
"03/12/2015 09:50:00","EDT","WEST",61752,2032.2
"03/12/2015 09:55:00","EDT","CAPITL",61757,1514.4
"03/12/2015 09:55:00","EDT","CENTRL",61754,2061.6
"03/12/2015 09:55:00","EDT","DUNWOD",61760,712.8
"03/12/2015 09:55:00","EDT","GENESE",61753,1232.1
"03/12/2015 09:55:00","EDT","HUD VL",61758,1153.2
"03/12/2015 09:55:00","EDT","LONGIL",61762,2405.5
"03/12/2015 09:55:00","EDT","MHK VL",61756,1164.8
"03/12/2015 09:55:00","EDT","MILLWD",61759,305.9
"03/12/2015 09:55:00","EDT","N.Y.C.",61761,6338.8
"03/12/2015 09:55:00","EDT","NORTH",61755,572.5
"03/12/2015 09:55:00","EDT","WEST",61752,2005.4
"03/12/2015 10:00:00","EDT","CAPITL",61757,1495.8
"03/12/2015 10:00:00","EDT","CENTRL",61754,2076.3
"03/12/2015 10:00:00","EDT","DUNWOD",61760,727.8
"03/12/2015 10:00:00","EDT","GENESE",61753,1234
"03/12/2015 10:00:00","EDT","HUD VL",61758,1142.2
"03/12/2015 10:00:00","EDT","LONGIL",61762,2404.7
"03/12/2015 10:00:00","EDT","MHK VL",61756,1175.4
"03/12/2015 10:00:00","EDT","MILLWD",61759,310
"03/12/2015 10:00:00","EDT","N.Y.C.",61761,6336.1
"03/12/2015 10:00:00","EDT","NORTH",61755,577.1
"03/12/2015 10:00:00","EDT","WEST",61752,2020.4
"03/12/2015 10:05:00","EDT","CAPITL",61757,1499.6
"03/12/2015 10:05:00","EDT","CENTRL",61754,2073.1
"03/12/2015 10:05:00","EDT","DUNWOD",61760,723.3
"03/12/2015 10:05:00","EDT","GENESE",61753,1232.9
"03/12/2015 10:05:00","EDT","HUD VL",61758,1171.6
"03/12/2015 10:05:00","EDT","LONGIL",61762,2407.2
"03/12/2015 10:05:00","EDT","MHK VL",61756,1175.5
"03/12/2015 10:05:00","EDT","MILLWD",61759,308.8
"03/12/2015 10:05:00","EDT","N.Y.C.",61761,6355.4
"03/12/2015 10:05:00","EDT","NORTH",61755,574.7
"03/12/2015 10:05:00","EDT","WEST",61752,2013.5
"03/12/2015 10:10:00","EDT","CAPITL",61757,1504.4
"03/12/2015 10:10:00","EDT","CENTRL",61754,2068.9
"03/12/2015 10:10:00","EDT","DUNWOD",61760,734.3
"03/12/2015 10:10:00","EDT","GENESE",61753,1229.4
"03/12/2015 10:10:00","EDT","HUD VL",61758,1173.3
"03/12/2015 10:10:00","EDT","LONGIL",61762,2407.2
"03/12/2015 10:10:00","EDT","MHK VL",61756,1195.9
"03/12/2015 10:10:00","EDT","MILLWD",61759,302.1
"03/12/2015 10:10:00","EDT","N.Y.C.",61761,6358.3
"03/12/2015 10:10:00","EDT","NORTH",61755,574.4
"03/12/2015 10:10:00","EDT","WEST",61752,2010.7
"03/12/2015 10:15:00","EDT","CAPITL",61757,1490.2
"03/12/2015 10:15:00","EDT","CENTRL",61754,2074.2
"03/12/2015 10:15:00","EDT","DUNWOD",61760,737
"03/12/2015 10:15:00","EDT","GENESE",61753,1228.3
"03/12/2015 10:15:00","EDT","HUD VL",61758,1203.2
"03/12/2015 10:15:00","EDT","LONGIL",61762,2394.6
"03/12/2015 10:15:00","EDT","MHK VL",61756,1189
"03/12/2015 10:15:00","EDT","MILLWD",61759,277
"03/12/2015 10:15:00","EDT","N.Y.C.",61761,6378.2
"03/12/2015 10:15:00","EDT","NORTH",61755,573.1
"03/12/2015 10:15:00","EDT","WEST",61752,2009.9
"03/12/2015 10:20:00","EDT","CAPITL",61757,1502.2
"03/12/2015 10:20:00","EDT","CENTRL",61754,2074.7
"03/12/2015 10:20:00","EDT","DUNWOD",61760,735.6
"03/12/2015 10:20:00","EDT","GENESE",61753,1231.1
"03/12/2015 10:20:00","EDT","HUD VL",61758,1147.8
"03/12/2015 10:20:00","EDT","LONGIL",61762,2410.2
"03/12/2015 10:20:00","EDT","MHK VL",61756,1202.8
"03/12/2015 10:20:00","EDT","MILLWD",61759,311.1
"03/12/2015 10:20:00","EDT","N.Y.C.",61761,6341.4
"03/12/2015 10:20:00","EDT","NORTH",61755,565.6
"03/12/2015 10:20:00","EDT","WEST",61752,2010.1
"03/12/2015 10:25:00","EDT","CAPITL",61757,1491.8
"03/12/2015 10:25:00","EDT","CENTRL",61754,2071.3
"03/12/2015 10:25:00","EDT","DUNWOD",61760,746.8
"03/12/2015 10:25:00","EDT","GENESE",61753,1226.9
"03/12/2015 10:25:00","EDT","HUD VL",61758,1170.7
"03/12/2015 10:25:00","EDT","LONGIL",61762,2403
"03/12/2015 10:25:00","EDT","MHK VL",61756,1204
"03/12/2015 10:25:00","EDT","MILLWD",61759,293
"03/12/2015 10:25:00","EDT","N.Y.C.",61761,6363.7
"03/12/2015 10:25:00","EDT","NORTH",61755,570.5
"03/12/2015 10:25:00","EDT","WEST",61752,2013.6
"03/12/2015 10:30:00","EDT","CAPITL",61757,1500.9
"03/12/2015 10:30:00","EDT","CENTRL",61754,2069.2
"03/12/2015 10:30:00","EDT","DUNWOD",61760,736.5
"03/12/2015 10:30:00","EDT","GENESE",61753,1225.9
"03/12/2015 10:30:00","EDT","HUD VL",61758,1169.3
"03/12/2015 10:30:00","EDT","LONGIL",61762,2421.7
"03/12/2015 10:30:00","EDT","MHK VL",61756,1209.4
"03/12/2015 10:30:00","EDT","MILLWD",61759,294.1
"03/12/2015 10:30:00","EDT","N.Y.C.",61761,6376.6
"03/12/2015 10:30:00","EDT","NORTH",61755,569.3
"03/12/2015 10:30:00","EDT","WEST",61752,2020.2
"03/12/2015 10:35:00","EDT","CAPITL",61757,1495.4
"03/12/2015 10:35:00","EDT","CENTRL",61754,2059.3
"03/12/2015 10:35:00","EDT","DUNWOD",61760,736.7
"03/12/2015 10:35:00","EDT","GENESE",61753,1222.5
"03/12/2015 10:35:00","EDT","HUD VL",61758,1157.2
"03/12/2015 10:35:00","EDT","LONGIL",61762,2414.5
"03/12/2015 10:35:00","EDT","MHK VL",61756,1208.7
"03/12/2015 10:35:00","EDT","MILLWD",61759,308
"03/12/2015 10:35:00","EDT","N.Y.C.",61761,6366
"03/12/2015 10:35:00","EDT","NORTH",61755,566.3
"03/12/2015 10:35:00","EDT","WEST",61752,2021.8
"03/12/2015 10:40:00","EDT","CAPITL",61757,1497.7
"03/12/2015 10:40:00","EDT","CENTRL",61754,2062.4
"03/12/2015 10:40:00","EDT","DUNWOD",61760,736.2
"03/12/2015 10:40:00","EDT","GENESE",61753,1218.2
"03/12/2015 10:40:00","EDT","HUD VL",61758,1159
"03/12/2015 10:40:00","EDT","LONGIL",61762,2398
"03/12/2015 10:40:00","EDT","MHK VL",61756,1228
"03/12/2015 10:40:00","EDT","MILLWD",61759,304.4
"03/12/2015 10:40:00","EDT","N.Y.C.",61761,6381
"03/12/2015 10:40:00","EDT","NORTH",61755,559.9
"03/12/2015 10:40:00","EDT","WEST",61752,2017
"03/12/2015 10:45:00","EDT","CAPITL",61757,1496.1
"03/12/2015 10:45:00","EDT","CENTRL",61754,2069.7
"03/12/2015 10:45:00","EDT","DUNWOD",61760,733.5
"03/12/2015 10:45:00","EDT","GENESE",61753,1219.1
"03/12/2015 10:45:00","EDT","HUD VL",61758,1145.8
"03/12/2015 10:45:00","EDT","LONGIL",61762,2402
"03/12/2015 10:45:00","EDT","MHK VL",61756,1213.9
"03/12/2015 10:45:00","EDT","MILLWD",61759,301
"03/12/2015 10:45:00","EDT","N.Y.C.",61761,6385.1
"03/12/2015 10:45:00","EDT","NORTH",61755,571.1
"03/12/2015 10:45:00","EDT","WEST",61752,2019
"03/12/2015 10:50:00","EDT","CAPITL",61757,1503.3
"03/12/2015 10:50:00","EDT","CENTRL",61754,2060.3
"03/12/2015 10:50:00","EDT","DUNWOD",61760,731.8
"03/12/2015 10:50:00","EDT","GENESE",61753,1214.2
"03/12/2015 10:50:00","EDT","HUD VL",61758,1137
"03/12/2015 10:50:00","EDT","LONGIL",61762,2398.6
"03/12/2015 10:50:00","EDT","MHK VL",61756,1220.8
"03/12/2015 10:50:00","EDT","MILLWD",61759,301.7
"03/12/2015 10:50:00","EDT","N.Y.C.",61761,6378.6
"03/12/2015 10:50:00","EDT","NORTH",61755,569.6
"03/12/2015 10:50:00","EDT","WEST",61752,2014
"03/12/2015 10:55:00","EDT","CAPITL",61757,1499.3
"03/12/2015 10:55:00","EDT","CENTRL",61754,2055.4
"03/12/2015 10:55:00","EDT","DUNWOD",61760,729.5
"03/12/2015 10:55:00","EDT","GENESE",61753,1216.9
"03/12/2015 10:55:00","EDT","HUD VL",61758,1159.1
"03/12/2015 10:55:00","EDT","LONGIL",61762,2391.1
"03/12/2015 10:55:00","EDT","MHK VL",61756,1211.5
"03/12/2015 10:55:00","EDT","MILLWD",61759,282.5
"03/12/2015 10:55:00","EDT","N.Y.C.",61761,6394.9
"03/12/2015 10:55:00","EDT","NORTH",61755,572.5
"03/12/2015 10:55:00","EDT","WEST",61752,2033.7
"03/12/2015 11:00:00","EDT","CAPITL",61757,1488.1
"03/12/2015 11:00:00","EDT","CENTRL",61754,2055
"03/12/2015 11:00:00","EDT","DUNWOD",61760,720.4
"03/12/2015 11:00:00","EDT","GENESE",61753,1216.1
"03/12/2015 11:00:00","EDT","HUD VL",61758,1133
"03/12/2015 11:00:00","EDT","LONGIL",61762,2382.2
"03/12/2015 11:00:00","EDT","MHK VL",61756,1225.4
"03/12/2015 11:00:00","EDT","MILLWD",61759,308
"03/12/2015 11:00:00","EDT","N.Y.C.",61761,6395.1
"03/12/2015 11:00:00","EDT","NORTH",61755,567.7
"03/12/2015 11:00:00","EDT","WEST",61752,2014.3
"03/12/2015 11:05:00","EDT","CAPITL",61757,1486.8
"03/12/2015 11:05:00","EDT","CENTRL",61754,2046.6
"03/12/2015 11:05:00","EDT","DUNWOD",61760,726.1
"03/12/2015 11:05:00","EDT","GENESE",61753,1215.9
"03/12/2015 11:05:00","EDT","HUD VL",61758,1135
"03/12/2015 11:05:00","EDT","LONGIL",61762,2380.5
"03/12/2015 11:05:00","EDT","MHK VL",61756,1231.6
"03/12/2015 11:05:00","EDT","MILLWD",61759,308.1
"03/12/2015 11:05:00","EDT","N.Y.C.",61761,6393.7
"03/12/2015 11:05:00","EDT","NORTH",61755,560.2
"03/12/2015 11:05:00","EDT","WEST",61752,2020.1
"03/12/2015 11:08:57","EDT","CAPITL",61757,1494.3
"03/12/2015 11:08:57","EDT","CENTRL",61754,2052.6
"03/12/2015 11:08:57","EDT","DUNWOD",61760,715.8
"03/12/2015 11:08:57","EDT","GENESE",61753,1213.3
"03/12/2015 11:08:57","EDT","HUD VL",61758,1163.5
"03/12/2015 11:08:57","EDT","LONGIL",61762,2390.5
"03/12/2015 11:08:57","EDT","MHK VL",61756,1229.5
"03/12/2015 11:08:57","EDT","MILLWD",61759,300.7
"03/12/2015 11:08:57","EDT","N.Y.C.",61761,6388.6
"03/12/2015 11:08:57","EDT","NORTH",61755,572.1
"03/12/2015 11:08:57","EDT","WEST",61752,2020.4
"03/12/2015 11:10:00","EDT","CAPITL",61757,1482.3
"03/12/2015 11:10:00","EDT","CENTRL",61754,2057.2
"03/12/2015 11:10:00","EDT","DUNWOD",61760,721
"03/12/2015 11:10:00","EDT","GENESE",61753,1211.2
"03/12/2015 11:10:00","EDT","HUD VL",61758,1146.6
"03/12/2015 11:10:00","EDT","LONGIL",61762,2394
"03/12/2015 11:10:00","EDT","MHK VL",61756,1223.9
"03/12/2015 11:10:00","EDT","MILLWD",61759,294.3
"03/12/2015 11:10:00","EDT","N.Y.C.",61761,6393.4
"03/12/2015 11:10:00","EDT","NORTH",61755,569.2
"03/12/2015 11:10:00","EDT","WEST",61752,2026.3
"03/12/2015 11:10:57","EDT","CAPITL",61757,1488.5
"03/12/2015 11:10:57","EDT","CENTRL",61754,2048.5
"03/12/2015 11:10:57","EDT","DUNWOD",61760,733.4
"03/12/2015 11:10:57","EDT","GENESE",61753,1222
"03/12/2015 11:10:57","EDT","HUD VL",61758,1161.9
"03/12/2015 11:10:57","EDT","LONGIL",61762,2388.9
"03/12/2015 11:10:57","EDT","MHK VL",61756,1204.6
"03/12/2015 11:10:57","EDT","MILLWD",61759,286.1
"03/12/2015 11:10:57","EDT","N.Y.C.",61761,6366.2
"03/12/2015 11:10:57","EDT","NORTH",61755,566.5
"03/12/2015 11:10:57","EDT","WEST",61752,2024.7
"03/12/2015 11:15:00","EDT","CAPITL",61757,1489.1
"03/12/2015 11:15:00","EDT","CENTRL",61754,2071.1
"03/12/2015 11:15:00","EDT","DUNWOD",61760,714.3
"03/12/2015 11:15:00","EDT","GENESE",61753,1214.6
"03/12/2015 11:15:00","EDT","HUD VL",61758,1137.2
"03/12/2015 11:15:00","EDT","LONGIL",61762,2384.7
"03/12/2015 11:15:00","EDT","MHK VL",61756,1212.1
"03/12/2015 11:15:00","EDT","MILLWD",61759,301.8
"03/12/2015 11:15:00","EDT","N.Y.C.",61761,6394.1
"03/12/2015 11:15:00","EDT","NORTH",61755,562.2
"03/12/2015 11:15:00","EDT","WEST",61752,2027.7
"03/12/2015 11:20:00","EDT","CAPITL",61757,1487.5
"03/12/2015 11:20:00","EDT","CENTRL",61754,2050.4
"03/12/2015 11:20:00","EDT","DUNWOD",61760,738.1
"03/12/2015 11:20:00","EDT","GENESE",61753,1218
"03/12/2015 11:20:00","EDT","HUD VL",61758,1140.1
"03/12/2015 11:20:00","EDT","LONGIL",61762,2399
"03/12/2015 11:20:00","EDT","MHK VL",61756,1203
"03/12/2015 11:20:00","EDT","MILLWD",61759,291.9
"03/12/2015 11:20:00","EDT","N.Y.C.",61761,6377.2
"03/12/2015 11:20:00","EDT","NORTH",61755,571
"03/12/2015 11:20:00","EDT","WEST",61752,2027.5
"03/12/2015 11:25:00","EDT","CAPITL",61757,1485.7
"03/12/2015 11:25:00","EDT","CENTRL",61754,2060.4
"03/12/2015 11:25:00","EDT","DUNWOD",61760,727.5
"03/12/2015 11:25:00","EDT","GENESE",61753,1208.1
"03/12/2015 11:25:00","EDT","HUD VL",61758,1144.7
"03/12/2015 11:25:00","EDT","LONGIL",61762,2388.7
"03/12/2015 11:25:00","EDT","MHK VL",61756,1200.9
"03/12/2015 11:25:00","EDT","MILLWD",61759,295
"03/12/2015 11:25:00","EDT","N.Y.C.",61761,6410.5
"03/12/2015 11:25:00","EDT","NORTH",61755,559.4
"03/12/2015 11:25:00","EDT","WEST",61752,2021.9
"03/12/2015 11:30:00","EDT","CAPITL",61757,1485.2
"03/12/2015 11:30:00","EDT","CENTRL",61754,2071
"03/12/2015 11:30:00","EDT","DUNWOD",61760,726.2
"03/12/2015 11:30:00","EDT","GENESE",61753,1199.8
"03/12/2015 11:30:00","EDT","HUD VL",61758,1155.8
"03/12/2015 11:30:00","EDT","LONGIL",61762,2398.9
"03/12/2015 11:30:00","EDT","MHK VL",61756,1195.9
"03/12/2015 11:30:00","EDT","MILLWD",61759,289
"03/12/2015 11:30:00","EDT","N.Y.C.",61761,6388.3
"03/12/2015 11:30:00","EDT","NORTH",61755,564.5
"03/12/2015 11:30:00","EDT","WEST",61752,2023.3
"03/12/2015 11:35:00","EDT","CAPITL",61757,1483.3
"03/12/2015 11:35:00","EDT","CENTRL",61754,2049.4
"03/12/2015 11:35:00","EDT","DUNWOD",61760,718.7
"03/12/2015 11:35:00","EDT","GENESE",61753,1221.2
"03/12/2015 11:35:00","EDT","HUD VL",61758,1148.3
"03/12/2015 11:35:00","EDT","LONGIL",61762,2395
"03/12/2015 11:35:00","EDT","MHK VL",61756,1198.5
"03/12/2015 11:35:00","EDT","MILLWD",61759,285.8
"03/12/2015 11:35:00","EDT","N.Y.C.",61761,6428.5
"03/12/2015 11:35:00","EDT","NORTH",61755,574.9
"03/12/2015 11:35:00","EDT","WEST",61752,2008.1
"03/12/2015 11:40:00","EDT","CAPITL",61757,1482.2
"03/12/2015 11:40:00","EDT","CENTRL",61754,2048
"03/12/2015 11:40:00","EDT","DUNWOD",61760,717.7
"03/12/2015 11:40:00","EDT","GENESE",61753,1210.9
"03/12/2015 11:40:00","EDT","HUD VL",61758,1160.3
"03/12/2015 11:40:00","EDT","LONGIL",61762,2391.7
"03/12/2015 11:40:00","EDT","MHK VL",61756,1205.8
"03/12/2015 11:40:00","EDT","MILLWD",61759,294.8
"03/12/2015 11:40:00","EDT","N.Y.C.",61761,6393.7
"03/12/2015 11:40:00","EDT","NORTH",61755,570.9
"03/12/2015 11:40:00","EDT","WEST",61752,1990.2
"03/12/2015 11:45:00","EDT","CAPITL",61757,1472.8
"03/12/2015 11:45:00","EDT","CENTRL",61754,2056.8
"03/12/2015 11:45:00","EDT","DUNWOD",61760,719.3
"03/12/2015 11:45:00","EDT","GENESE",61753,1204.5
"03/12/2015 11:45:00","EDT","HUD VL",61758,1156.2
"03/12/2015 11:45:00","EDT","LONGIL",61762,2382.3
"03/12/2015 11:45:00","EDT","MHK VL",61756,1202.2
"03/12/2015 11:45:00","EDT","MILLWD",61759,292.8
"03/12/2015 11:45:00","EDT","N.Y.C.",61761,6409.3
"03/12/2015 11:45:00","EDT","NORTH",61755,565.7
"03/12/2015 11:45:00","EDT","WEST",61752,1999.9
"03/12/2015 11:50:00","EDT","CAPITL",61757,1493.1
"03/12/2015 11:50:00","EDT","CENTRL",61754,2058.3
"03/12/2015 11:50:00","EDT","DUNWOD",61760,727.1
"03/12/2015 11:50:00","EDT","GENESE",61753,1204.3
"03/12/2015 11:50:00","EDT","HUD VL",61758,1153.7
"03/12/2015 11:50:00","EDT","LONGIL",61762,2370.3
"03/12/2015 11:50:00","EDT","MHK VL",61756,1208.5
"03/12/2015 11:50:00","EDT","MILLWD",61759,298.5
"03/12/2015 11:50:00","EDT","N.Y.C.",61761,6387.5
"03/12/2015 11:50:00","EDT","NORTH",61755,561.1
"03/12/2015 11:50:00","EDT","WEST",61752,1980.1
"03/12/2015 11:55:00","EDT","CAPITL",61757,1469.9
"03/12/2015 11:55:00","EDT","CENTRL",61754,2033.4
"03/12/2015 11:55:00","EDT","DUNWOD",61760,721.1
"03/12/2015 11:55:00","EDT","GENESE",61753,1198.3
"03/12/2015 11:55:00","EDT","HUD VL",61758,1147.7
"03/12/2015 11:55:00","EDT","LONGIL",61762,2370.2
"03/12/2015 11:55:00","EDT","MHK VL",61756,1202.4
"03/12/2015 11:55:00","EDT","MILLWD",61759,286.2
"03/12/2015 11:55:00","EDT","N.Y.C.",61761,6368.3
"03/12/2015 11:55:00","EDT","NORTH",61755,560.1
"03/12/2015 11:55:00","EDT","WEST",61752,1985.6
"03/12/2015 12:00:00","EDT","CAPITL",61757,1469.1
"03/12/2015 12:00:00","EDT","CENTRL",61754,2043.6
"03/12/2015 12:00:00","EDT","DUNWOD",61760,724.6
"03/12/2015 12:00:00","EDT","GENESE",61753,1206.1
"03/12/2015 12:00:00","EDT","HUD VL",61758,1115.4
"03/12/2015 12:00:00","EDT","LONGIL",61762,2369.2
"03/12/2015 12:00:00","EDT","MHK VL",61756,1212.3
"03/12/2015 12:00:00","EDT","MILLWD",61759,271.8
"03/12/2015 12:00:00","EDT","N.Y.C.",61761,6409.5
"03/12/2015 12:00:00","EDT","NORTH",61755,570.8
"03/12/2015 12:00:00","EDT","WEST",61752,1988.3
"03/12/2015 12:05:00","EDT","CAPITL",61757,1468
"03/12/2015 12:05:00","EDT","CENTRL",61754,2061.9
"03/12/2015 12:05:00","EDT","DUNWOD",61760,728.8
"03/12/2015 12:05:00","EDT","GENESE",61753,1197.6
"03/12/2015 12:05:00","EDT","HUD VL",61758,1132.3
"03/12/2015 12:05:00","EDT","LONGIL",61762,2360.8
"03/12/2015 12:05:00","EDT","MHK VL",61756,1198.6
"03/12/2015 12:05:00","EDT","MILLWD",61759,306.6
"03/12/2015 12:05:00","EDT","N.Y.C.",61761,6366
"03/12/2015 12:05:00","EDT","NORTH",61755,561.5
"03/12/2015 12:05:00","EDT","WEST",61752,1964
"03/12/2015 12:10:00","EDT","CAPITL",61757,1464.1
"03/12/2015 12:10:00","EDT","CENTRL",61754,2045.7
"03/12/2015 12:10:00","EDT","DUNWOD",61760,717.7
"03/12/2015 12:10:00","EDT","GENESE",61753,1188.9
"03/12/2015 12:10:00","EDT","HUD VL",61758,1112
"03/12/2015 12:10:00","EDT","LONGIL",61762,2351.3
"03/12/2015 12:10:00","EDT","MHK VL",61756,1212.7
"03/12/2015 12:10:00","EDT","MILLWD",61759,288.8
"03/12/2015 12:10:00","EDT","N.Y.C.",61761,6388.1
"03/12/2015 12:10:00","EDT","NORTH",61755,551.9
"03/12/2015 12:10:00","EDT","WEST",61752,1982.9
"03/12/2015 12:15:00","EDT","CAPITL",61757,1455.1
"03/12/2015 12:15:00","EDT","CENTRL",61754,2052
"03/12/2015 12:15:00","EDT","DUNWOD",61760,710.8
"03/12/2015 12:15:00","EDT","GENESE",61753,1200.2
"03/12/2015 12:15:00","EDT","HUD VL",61758,1116.3
"03/12/2015 12:15:00","EDT","LONGIL",61762,2350.5
"03/12/2015 12:15:00","EDT","MHK VL",61756,1077.5
"03/12/2015 12:15:00","EDT","MILLWD",61759,302.4
"03/12/2015 12:15:00","EDT","N.Y.C.",61761,6409.3
"03/12/2015 12:15:00","EDT","NORTH",61755,571.8
"03/12/2015 12:15:00","EDT","WEST",61752,1989.8
"03/12/2015 12:20:00","EDT","CAPITL",61757,1455
"03/12/2015 12:20:00","EDT","CENTRL",61754,2043
"03/12/2015 12:20:00","EDT","DUNWOD",61760,717.8
"03/12/2015 12:20:00","EDT","GENESE",61753,1193.1
"03/12/2015 12:20:00","EDT","HUD VL",61758,1118
"03/12/2015 12:20:00","EDT","LONGIL",61762,2359.2
"03/12/2015 12:20:00","EDT","MHK VL",61756,1057.9
"03/12/2015 12:20:00","EDT","MILLWD",61759,294.6
"03/12/2015 12:20:00","EDT","N.Y.C.",61761,6385.4
"03/12/2015 12:20:00","EDT","NORTH",61755,566.2
"03/12/2015 12:20:00","EDT","WEST",61752,1961
"03/12/2015 12:25:00","EDT","CAPITL",61757,1445.3
"03/12/2015 12:25:00","EDT","CENTRL",61754,2054.8
"03/12/2015 12:25:00","EDT","DUNWOD",61760,711.7
"03/12/2015 12:25:00","EDT","GENESE",61753,1194.1
"03/12/2015 12:25:00","EDT","HUD VL",61758,1122.7
"03/12/2015 12:25:00","EDT","LONGIL",61762,2358.1
"03/12/2015 12:25:00","EDT","MHK VL",61756,1069.5
"03/12/2015 12:25:00","EDT","MILLWD",61759,284.5
"03/12/2015 12:25:00","EDT","N.Y.C.",61761,6403.7
"03/12/2015 12:25:00","EDT","NORTH",61755,564
"03/12/2015 12:25:00","EDT","WEST",61752,1961.3
"03/12/2015 12:30:00","EDT","CAPITL",61757,1455.5
"03/12/2015 12:30:00","EDT","CENTRL",61754,2037.8
"03/12/2015 12:30:00","EDT","DUNWOD",61760,714.3
"03/12/2015 12:30:00","EDT","GENESE",61753,1179.5
"03/12/2015 12:30:00","EDT","HUD VL",61758,1121
"03/12/2015 12:30:00","EDT","LONGIL",61762,2354
"03/12/2015 12:30:00","EDT","MHK VL",61756,1067.1
"03/12/2015 12:30:00","EDT","MILLWD",61759,293.3
"03/12/2015 12:30:00","EDT","N.Y.C.",61761,6367.9
"03/12/2015 12:30:00","EDT","NORTH",61755,562.8
"03/12/2015 12:30:00","EDT","WEST",61752,1954.7
"03/12/2015 12:35:00","EDT","CAPITL",61757,1460.7
"03/12/2015 12:35:00","EDT","CENTRL",61754,2015.3
"03/12/2015 12:35:00","EDT","DUNWOD",61760,718.5
"03/12/2015 12:35:00","EDT","GENESE",61753,1187.9
"03/12/2015 12:35:00","EDT","HUD VL",61758,1113.5
"03/12/2015 12:35:00","EDT","LONGIL",61762,2341.3
"03/12/2015 12:35:00","EDT","MHK VL",61756,1066.6
"03/12/2015 12:35:00","EDT","MILLWD",61759,290.2
"03/12/2015 12:35:00","EDT","N.Y.C.",61761,6373.6
"03/12/2015 12:35:00","EDT","NORTH",61755,566.4
"03/12/2015 12:35:00","EDT","WEST",61752,1966.8
"03/12/2015 12:40:00","EDT","CAPITL",61757,1458.3
"03/12/2015 12:40:00","EDT","CENTRL",61754,2009.6
"03/12/2015 12:40:00","EDT","DUNWOD",61760,732.3
"03/12/2015 12:40:00","EDT","GENESE",61753,1200.2
"03/12/2015 12:40:00","EDT","HUD VL",61758,1104
"03/12/2015 12:40:00","EDT","LONGIL",61762,2335.3
"03/12/2015 12:40:00","EDT","MHK VL",61756,1080.5
"03/12/2015 12:40:00","EDT","MILLWD",61759,275.7
"03/12/2015 12:40:00","EDT","N.Y.C.",61761,6382.9
"03/12/2015 12:40:00","EDT","NORTH",61755,567.2
"03/12/2015 12:40:00","EDT","WEST",61752,1976
"03/12/2015 12:45:00","EDT","CAPITL",61757,1460.6
"03/12/2015 12:45:00","EDT","CENTRL",61754,2041
"03/12/2015 12:45:00","EDT","DUNWOD",61760,714.9
"03/12/2015 12:45:00","EDT","GENESE",61753,1201.3
"03/12/2015 12:45:00","EDT","HUD VL",61758,1107.7
"03/12/2015 12:45:00","EDT","LONGIL",61762,2315.5
"03/12/2015 12:45:00","EDT","MHK VL",61756,1074
"03/12/2015 12:45:00","EDT","MILLWD",61759,292
"03/12/2015 12:45:00","EDT","N.Y.C.",61761,6383.1
"03/12/2015 12:45:00","EDT","NORTH",61755,566.3
"03/12/2015 12:45:00","EDT","WEST",61752,1972.3
"03/12/2015 12:50:00","EDT","CAPITL",61757,1476
"03/12/2015 12:50:00","EDT","CENTRL",61754,2022.8
"03/12/2015 12:50:00","EDT","DUNWOD",61760,722.2
"03/12/2015 12:50:00","EDT","GENESE",61753,1198.3
"03/12/2015 12:50:00","EDT","HUD VL",61758,1106.2
"03/12/2015 12:50:00","EDT","LONGIL",61762,2311.9
"03/12/2015 12:50:00","EDT","MHK VL",61756,1088.7
"03/12/2015 12:50:00","EDT","MILLWD",61759,291.7
"03/12/2015 12:50:00","EDT","N.Y.C.",61761,6382.1
"03/12/2015 12:50:00","EDT","NORTH",61755,559.4
"03/12/2015 12:50:00","EDT","WEST",61752,1974.1
"03/12/2015 12:55:00","EDT","CAPITL",61757,1455.4
"03/12/2015 12:55:00","EDT","CENTRL",61754,2033.3
"03/12/2015 12:55:00","EDT","DUNWOD",61760,718.6
"03/12/2015 12:55:00","EDT","GENESE",61753,1195.9
"03/12/2015 12:55:00","EDT","HUD VL",61758,1116.3
"03/12/2015 12:55:00","EDT","LONGIL",61762,2317.7
"03/12/2015 12:55:00","EDT","MHK VL",61756,1081.5
"03/12/2015 12:55:00","EDT","MILLWD",61759,276
"03/12/2015 12:55:00","EDT","N.Y.C.",61761,6392.9
"03/12/2015 12:55:00","EDT","NORTH",61755,556.2
"03/12/2015 12:55:00","EDT","WEST",61752,1976.3
"03/12/2015 13:00:00","EDT","CAPITL",61757,1456.5
"03/12/2015 13:00:00","EDT","CENTRL",61754,2028.7
"03/12/2015 13:00:00","EDT","DUNWOD",61760,723.1
"03/12/2015 13:00:00","EDT","GENESE",61753,1194.4
"03/12/2015 13:00:00","EDT","HUD VL",61758,1116.5
"03/12/2015 13:00:00","EDT","LONGIL",61762,2314.4
"03/12/2015 13:00:00","EDT","MHK VL",61756,1074.4
"03/12/2015 13:00:00","EDT","MILLWD",61759,275.3
"03/12/2015 13:00:00","EDT","N.Y.C.",61761,6360.4
"03/12/2015 13:00:00","EDT","NORTH",61755,560.8
"03/12/2015 13:00:00","EDT","WEST",61752,1979
"03/12/2015 13:05:00","EDT","CAPITL",61757,1469.5
"03/12/2015 13:05:00","EDT","CENTRL",61754,2022.1
"03/12/2015 13:05:00","EDT","DUNWOD",61760,719.6
"03/12/2015 13:05:00","EDT","GENESE",61753,1191.6
"03/12/2015 13:05:00","EDT","HUD VL",61758,1108.2
"03/12/2015 13:05:00","EDT","LONGIL",61762,2323.8
"03/12/2015 13:05:00","EDT","MHK VL",61756,1086.9
"03/12/2015 13:05:00","EDT","MILLWD",61759,286.8
"03/12/2015 13:05:00","EDT","N.Y.C.",61761,6368.3
"03/12/2015 13:05:00","EDT","NORTH",61755,561.9
"03/12/2015 13:05:00","EDT","WEST",61752,1974.5
"03/12/2015 13:10:00","EDT","CAPITL",61757,1463.3
"03/12/2015 13:10:00","EDT","CENTRL",61754,2030.3
"03/12/2015 13:10:00","EDT","DUNWOD",61760,722.7
"03/12/2015 13:10:00","EDT","GENESE",61753,1188.7
"03/12/2015 13:10:00","EDT","HUD VL",61758,1108.3
"03/12/2015 13:10:00","EDT","LONGIL",61762,2307.7
"03/12/2015 13:10:00","EDT","MHK VL",61756,1060.1
"03/12/2015 13:10:00","EDT","MILLWD",61759,283.6
"03/12/2015 13:10:00","EDT","N.Y.C.",61761,6386.7
"03/12/2015 13:10:00","EDT","NORTH",61755,573.7
"03/12/2015 13:10:00","EDT","WEST",61752,1991.7
"03/12/2015 13:15:00","EDT","CAPITL",61757,1467.7
"03/12/2015 13:15:00","EDT","CENTRL",61754,2030.2
"03/12/2015 13:15:00","EDT","DUNWOD",61760,709.9
"03/12/2015 13:15:00","EDT","GENESE",61753,1192.8
"03/12/2015 13:15:00","EDT","HUD VL",61758,1098
"03/12/2015 13:15:00","EDT","LONGIL",61762,2321
"03/12/2015 13:15:00","EDT","MHK VL",61756,1072.2
"03/12/2015 13:15:00","EDT","MILLWD",61759,290.1
"03/12/2015 13:15:00","EDT","N.Y.C.",61761,6386.9
"03/12/2015 13:15:00","EDT","NORTH",61755,558
"03/12/2015 13:15:00","EDT","WEST",61752,1967.6
"03/12/2015 13:20:00","EDT","CAPITL",61757,1456.6
"03/12/2015 13:20:00","EDT","CENTRL",61754,2033.4
"03/12/2015 13:20:00","EDT","DUNWOD",61760,719
"03/12/2015 13:20:00","EDT","GENESE",61753,1185.7
"03/12/2015 13:20:00","EDT","HUD VL",61758,1105.7
"03/12/2015 13:20:00","EDT","LONGIL",61762,2314.5
"03/12/2015 13:20:00","EDT","MHK VL",61756,1058.1
"03/12/2015 13:20:00","EDT","MILLWD",61759,276.4
"03/12/2015 13:20:00","EDT","N.Y.C.",61761,6369.1
"03/12/2015 13:20:00","EDT","NORTH",61755,562
"03/12/2015 13:20:00","EDT","WEST",61752,1965.7
"03/12/2015 13:25:00","EDT","CAPITL",61757,1449.5
"03/12/2015 13:25:00","EDT","CENTRL",61754,2030.3
"03/12/2015 13:25:00","EDT","DUNWOD",61760,711.5
"03/12/2015 13:25:00","EDT","GENESE",61753,1186.8
"03/12/2015 13:25:00","EDT","HUD VL",61758,1096.2
"03/12/2015 13:25:00","EDT","LONGIL",61762,2314.7
"03/12/2015 13:25:00","EDT","MHK VL",61756,1070.2
"03/12/2015 13:25:00","EDT","MILLWD",61759,288.1
"03/12/2015 13:25:00","EDT","N.Y.C.",61761,6376
"03/12/2015 13:25:00","EDT","NORTH",61755,561.1
"03/12/2015 13:25:00","EDT","WEST",61752,1968.9
"03/12/2015 13:30:00","EDT","CAPITL",61757,1500.1
"03/12/2015 13:30:00","EDT","CENTRL",61754,1990.9
"03/12/2015 13:30:00","EDT","DUNWOD",61760,718.4
"03/12/2015 13:30:00","EDT","GENESE",61753,1191.9
"03/12/2015 13:30:00","EDT","HUD VL",61758,1084
"03/12/2015 13:30:00","EDT","LONGIL",61762,2314
"03/12/2015 13:30:00","EDT","MHK VL",61756,1078.2
"03/12/2015 13:30:00","EDT","MILLWD",61759,287.8
"03/12/2015 13:30:00","EDT","N.Y.C.",61761,6401.7
"03/12/2015 13:30:00","EDT","NORTH",61755,565.5
"03/12/2015 13:30:00","EDT","WEST",61752,1968.9
"03/12/2015 13:35:00","EDT","CAPITL",61757,1462.6
"03/12/2015 13:35:00","EDT","CENTRL",61754,2031.2
"03/12/2015 13:35:00","EDT","DUNWOD",61760,713.6
"03/12/2015 13:35:00","EDT","GENESE",61753,1180.9
"03/12/2015 13:35:00","EDT","HUD VL",61758,1098.2
"03/12/2015 13:35:00","EDT","LONGIL",61762,2304.9
"03/12/2015 13:35:00","EDT","MHK VL",61756,1059.4
"03/12/2015 13:35:00","EDT","MILLWD",61759,275
"03/12/2015 13:35:00","EDT","N.Y.C.",61761,6387.8
"03/12/2015 13:35:00","EDT","NORTH",61755,555.5
"03/12/2015 13:35:00","EDT","WEST",61752,1951.9
"03/12/2015 13:40:00","EDT","CAPITL",61757,1456.1
"03/12/2015 13:40:00","EDT","CENTRL",61754,2022.7
"03/12/2015 13:40:00","EDT","DUNWOD",61760,721.7
"03/12/2015 13:40:00","EDT","GENESE",61753,1176
"03/12/2015 13:40:00","EDT","HUD VL",61758,1098.8
"03/12/2015 13:40:00","EDT","LONGIL",61762,2313.8
"03/12/2015 13:40:00","EDT","MHK VL",61756,1065.7
"03/12/2015 13:40:00","EDT","MILLWD",61759,284
"03/12/2015 13:40:00","EDT","N.Y.C.",61761,6342.8
"03/12/2015 13:40:00","EDT","NORTH",61755,546.4
"03/12/2015 13:40:00","EDT","WEST",61752,1953.3
"03/12/2015 13:45:00","EDT","CAPITL",61757,1444.6
"03/12/2015 13:45:00","EDT","CENTRL",61754,2012.6
"03/12/2015 13:45:00","EDT","DUNWOD",61760,724.5
"03/12/2015 13:45:00","EDT","GENESE",61753,1176.7
"03/12/2015 13:45:00","EDT","HUD VL",61758,1098
"03/12/2015 13:45:00","EDT","LONGIL",61762,2310.4
"03/12/2015 13:45:00","EDT","MHK VL",61756,1063
"03/12/2015 13:45:00","EDT","MILLWD",61759,271.1
"03/12/2015 13:45:00","EDT","N.Y.C.",61761,6383
"03/12/2015 13:45:00","EDT","NORTH",61755,565.7
"03/12/2015 13:45:00","EDT","WEST",61752,1944.5
"03/12/2015 13:50:00","EDT","CAPITL",61757,1455.6
"03/12/2015 13:50:00","EDT","CENTRL",61754,1985.8
"03/12/2015 13:50:00","EDT","DUNWOD",61760,729.1
"03/12/2015 13:50:00","EDT","GENESE",61753,1184.6
"03/12/2015 13:50:00","EDT","HUD VL",61758,1072.2
"03/12/2015 13:50:00","EDT","LONGIL",61762,2293.6
"03/12/2015 13:50:00","EDT","MHK VL",61756,1064.2
"03/12/2015 13:50:00","EDT","MILLWD",61759,282.3
"03/12/2015 13:50:00","EDT","N.Y.C.",61761,6343.9
"03/12/2015 13:50:00","EDT","NORTH",61755,566.3
"03/12/2015 13:50:00","EDT","WEST",61752,1967.3
"03/12/2015 13:55:00","EDT","CAPITL",61757,1443.8
"03/12/2015 13:55:00","EDT","CENTRL",61754,1972
"03/12/2015 13:55:00","EDT","DUNWOD",61760,724.6
"03/12/2015 13:55:00","EDT","GENESE",61753,1183.8
"03/12/2015 13:55:00","EDT","HUD VL",61758,1095.6
"03/12/2015 13:55:00","EDT","LONGIL",61762,2289.9
"03/12/2015 13:55:00","EDT","MHK VL",61756,1056.8
"03/12/2015 13:55:00","EDT","MILLWD",61759,281.1
"03/12/2015 13:55:00","EDT","N.Y.C.",61761,6372.1
"03/12/2015 13:55:00","EDT","NORTH",61755,557
"03/12/2015 13:55:00","EDT","WEST",61752,1949.6
"03/12/2015 14:00:00","EDT","CAPITL",61757,1452.7
"03/12/2015 14:00:00","EDT","CENTRL",61754,1999.5
"03/12/2015 14:00:00","EDT","DUNWOD",61760,704.3
"03/12/2015 14:00:00","EDT","GENESE",61753,1176.3
"03/12/2015 14:00:00","EDT","HUD VL",61758,1089.1
"03/12/2015 14:00:00","EDT","LONGIL",61762,2293.6
"03/12/2015 14:00:00","EDT","MHK VL",61756,1052.4
"03/12/2015 14:00:00","EDT","MILLWD",61759,291
"03/12/2015 14:00:00","EDT","N.Y.C.",61761,6364.4
"03/12/2015 14:00:00","EDT","NORTH",61755,557.6
"03/12/2015 14:00:00","EDT","WEST",61752,1946.6
"03/12/2015 14:05:00","EDT","CAPITL",61757,1439.6
"03/12/2015 14:05:00","EDT","CENTRL",61754,1984.9
"03/12/2015 14:05:00","EDT","DUNWOD",61760,702.2
"03/12/2015 14:05:00","EDT","GENESE",61753,1174.9
"03/12/2015 14:05:00","EDT","HUD VL",61758,1096
"03/12/2015 14:05:00","EDT","LONGIL",61762,2301
"03/12/2015 14:05:00","EDT","MHK VL",61756,1061.2
"03/12/2015 14:05:00","EDT","MILLWD",61759,269.4
"03/12/2015 14:05:00","EDT","N.Y.C.",61761,6375.7
"03/12/2015 14:05:00","EDT","NORTH",61755,560.5
"03/12/2015 14:05:00","EDT","WEST",61752,1957.3
"03/12/2015 14:10:00","EDT","CAPITL",61757,1448.1
"03/12/2015 14:10:00","EDT","CENTRL",61754,2004.4
"03/12/2015 14:10:00","EDT","DUNWOD",61760,702.8
"03/12/2015 14:10:00","EDT","GENESE",61753,1175.4
"03/12/2015 14:10:00","EDT","HUD VL",61758,1086.3
"03/12/2015 14:10:00","EDT","LONGIL",61762,2290.3
"03/12/2015 14:10:00","EDT","MHK VL",61756,1047.6
"03/12/2015 14:10:00","EDT","MILLWD",61759,282.4
"03/12/2015 14:10:00","EDT","N.Y.C.",61761,6347
"03/12/2015 14:10:00","EDT","NORTH",61755,561.7
"03/12/2015 14:10:00","EDT","WEST",61752,1955.1
"03/12/2015 14:15:00","EDT","CAPITL",61757,1445.7
"03/12/2015 14:15:00","EDT","CENTRL",61754,1999
"03/12/2015 14:15:00","EDT","DUNWOD",61760,715.9
"03/12/2015 14:15:00","EDT","GENESE",61753,1169.2
"03/12/2015 14:15:00","EDT","HUD VL",61758,1087.5
"03/12/2015 14:15:00","EDT","LONGIL",61762,2287.9
"03/12/2015 14:15:00","EDT","MHK VL",61756,1043
"03/12/2015 14:15:00","EDT","MILLWD",61759,274.8
"03/12/2015 14:15:00","EDT","N.Y.C.",61761,6352.2
"03/12/2015 14:15:00","EDT","NORTH",61755,557.1
"03/12/2015 14:15:00","EDT","WEST",61752,1960.4
"03/12/2015 14:20:00","EDT","CAPITL",61757,1438.4
"03/12/2015 14:20:00","EDT","CENTRL",61754,1985.2
"03/12/2015 14:20:00","EDT","DUNWOD",61760,716.5
"03/12/2015 14:20:00","EDT","GENESE",61753,1174
"03/12/2015 14:20:00","EDT","HUD VL",61758,1092.8
"03/12/2015 14:20:00","EDT","LONGIL",61762,2303.6
"03/12/2015 14:20:00","EDT","MHK VL",61756,1043
"03/12/2015 14:20:00","EDT","MILLWD",61759,273.9
"03/12/2015 14:20:00","EDT","N.Y.C.",61761,6341
"03/12/2015 14:20:00","EDT","NORTH",61755,560.5
"03/12/2015 14:20:00","EDT","WEST",61752,1956
"03/12/2015 14:25:00","EDT","CAPITL",61757,1436.3
"03/12/2015 14:25:00","EDT","CENTRL",61754,2001.8
"03/12/2015 14:25:00","EDT","DUNWOD",61760,707
"03/12/2015 14:25:00","EDT","GENESE",61753,1172.1
"03/12/2015 14:25:00","EDT","HUD VL",61758,1089.3
"03/12/2015 14:25:00","EDT","LONGIL",61762,2310.3
"03/12/2015 14:25:00","EDT","MHK VL",61756,1040.1
"03/12/2015 14:25:00","EDT","MILLWD",61759,273.9
"03/12/2015 14:25:00","EDT","N.Y.C.",61761,6366.3
"03/12/2015 14:25:00","EDT","NORTH",61755,559
"03/12/2015 14:25:00","EDT","WEST",61752,1958.2
"03/12/2015 14:30:00","EDT","CAPITL",61757,1440.4
"03/12/2015 14:30:00","EDT","CENTRL",61754,1988.6
"03/12/2015 14:30:00","EDT","DUNWOD",61760,695.9
"03/12/2015 14:30:00","EDT","GENESE",61753,1170.5
"03/12/2015 14:30:00","EDT","HUD VL",61758,1096.3
"03/12/2015 14:30:00","EDT","LONGIL",61762,2300
"03/12/2015 14:30:00","EDT","MHK VL",61756,1032.6
"03/12/2015 14:30:00","EDT","MILLWD",61759,286.7
"03/12/2015 14:30:00","EDT","N.Y.C.",61761,6331.5
"03/12/2015 14:30:00","EDT","NORTH",61755,545.7
"03/12/2015 14:30:00","EDT","WEST",61752,1943.8
"03/12/2015 14:35:00","EDT","CAPITL",61757,1438.7
"03/12/2015 14:35:00","EDT","CENTRL",61754,1987.1
"03/12/2015 14:35:00","EDT","DUNWOD",61760,694
"03/12/2015 14:35:00","EDT","GENESE",61753,1176.6
"03/12/2015 14:35:00","EDT","HUD VL",61758,1103.8
"03/12/2015 14:35:00","EDT","LONGIL",61762,2313.1
"03/12/2015 14:35:00","EDT","MHK VL",61756,1032.9
"03/12/2015 14:35:00","EDT","MILLWD",61759,279.8
"03/12/2015 14:35:00","EDT","N.Y.C.",61761,6315.4
"03/12/2015 14:35:00","EDT","NORTH",61755,566.4
"03/12/2015 14:35:00","EDT","WEST",61752,1936.5
"03/12/2015 14:35:40","EDT","CAPITL",61757,1442
"03/12/2015 14:35:40","EDT","CENTRL",61754,1965.5
"03/12/2015 14:35:40","EDT","DUNWOD",61760,712.4
"03/12/2015 14:35:40","EDT","GENESE",61753,1163.6
"03/12/2015 14:35:40","EDT","HUD VL",61758,1108.1
"03/12/2015 14:35:40","EDT","LONGIL",61762,2299.1
"03/12/2015 14:35:40","EDT","MHK VL",61756,1035.5
"03/12/2015 14:35:40","EDT","MILLWD",61759,268.4
"03/12/2015 14:35:40","EDT","N.Y.C.",61761,6312.6
"03/12/2015 14:35:40","EDT","NORTH",61755,550.8
"03/12/2015 14:35:40","EDT","WEST",61752,1929
"03/12/2015 14:40:00","EDT","CAPITL",61757,1439
"03/12/2015 14:40:00","EDT","CENTRL",61754,1968.8
"03/12/2015 14:40:00","EDT","DUNWOD",61760,718.5
"03/12/2015 14:40:00","EDT","GENESE",61753,1169.5
"03/12/2015 14:40:00","EDT","HUD VL",61758,1098.1
"03/12/2015 14:40:00","EDT","LONGIL",61762,2297.2
"03/12/2015 14:40:00","EDT","MHK VL",61756,1027.3
"03/12/2015 14:40:00","EDT","MILLWD",61759,273.6
"03/12/2015 14:40:00","EDT","N.Y.C.",61761,6311.2
"03/12/2015 14:40:00","EDT","NORTH",61755,548.7
"03/12/2015 14:40:00","EDT","WEST",61752,1933.3
"03/12/2015 14:45:00","EDT","CAPITL",61757,1424.7
"03/12/2015 14:45:00","EDT","CENTRL",61754,1983.6
"03/12/2015 14:45:00","EDT","DUNWOD",61760,701.5
"03/12/2015 14:45:00","EDT","GENESE",61753,1164.4
"03/12/2015 14:45:00","EDT","HUD VL",61758,1086.7
"03/12/2015 14:45:00","EDT","LONGIL",61762,2293.3
"03/12/2015 14:45:00","EDT","MHK VL",61756,1019.6
"03/12/2015 14:45:00","EDT","MILLWD",61759,271.2
"03/12/2015 14:45:00","EDT","N.Y.C.",61761,6336.1
"03/12/2015 14:45:00","EDT","NORTH",61755,564.3
"03/12/2015 14:45:00","EDT","WEST",61752,1944.9
"03/12/2015 14:50:00","EDT","CAPITL",61757,1411.2
"03/12/2015 14:50:00","EDT","CENTRL",61754,1981.7
"03/12/2015 14:50:00","EDT","DUNWOD",61760,701.9
"03/12/2015 14:50:00","EDT","GENESE",61753,1166.7
"03/12/2015 14:50:00","EDT","HUD VL",61758,1144.2
"03/12/2015 14:50:00","EDT","LONGIL",61762,2295.5
"03/12/2015 14:50:00","EDT","MHK VL",61756,1022.6
"03/12/2015 14:50:00","EDT","MILLWD",61759,269.1
"03/12/2015 14:50:00","EDT","N.Y.C.",61761,6315.3
"03/12/2015 14:50:00","EDT","NORTH",61755,556.8
"03/12/2015 14:50:00","EDT","WEST",61752,1936.9
"03/12/2015 14:55:00","EDT","CAPITL",61757,1432.9
"03/12/2015 14:55:00","EDT","CENTRL",61754,1990.6
"03/12/2015 14:55:00","EDT","DUNWOD",61760,708.2
"03/12/2015 14:55:00","EDT","GENESE",61753,1160.7
"03/12/2015 14:55:00","EDT","HUD VL",61758,1102.9
"03/12/2015 14:55:00","EDT","LONGIL",61762,2292.4
"03/12/2015 14:55:00","EDT","MHK VL",61756,1026.3
"03/12/2015 14:55:00","EDT","MILLWD",61759,263.4
"03/12/2015 14:55:00","EDT","N.Y.C.",61761,6337.7
"03/12/2015 14:55:00","EDT","NORTH",61755,553.2
"03/12/2015 14:55:00","EDT","WEST",61752,1954.9
"03/12/2015 15:00:00","EDT","CAPITL",61757,1441.2
"03/12/2015 15:00:00","EDT","CENTRL",61754,1975.1
"03/12/2015 15:00:00","EDT","DUNWOD",61760,715.5
"03/12/2015 15:00:00","EDT","GENESE",61753,1169.9
"03/12/2015 15:00:00","EDT","HUD VL",61758,1097.1
"03/12/2015 15:00:00","EDT","LONGIL",61762,2291.3
"03/12/2015 15:00:00","EDT","MHK VL",61756,1023.9
"03/12/2015 15:00:00","EDT","MILLWD",61759,275.2
"03/12/2015 15:00:00","EDT","N.Y.C.",61761,6286.2
"03/12/2015 15:00:00","EDT","NORTH",61755,553
"03/12/2015 15:00:00","EDT","WEST",61752,1917.1
"03/12/2015 15:05:00","EDT","CAPITL",61757,1431.7
"03/12/2015 15:05:00","EDT","CENTRL",61754,1984.9
"03/12/2015 15:05:00","EDT","DUNWOD",61760,704.7
"03/12/2015 15:05:00","EDT","GENESE",61753,1158.9
"03/12/2015 15:05:00","EDT","HUD VL",61758,1118.3
"03/12/2015 15:05:00","EDT","LONGIL",61762,2276.5
"03/12/2015 15:05:00","EDT","MHK VL",61756,1014.7
"03/12/2015 15:05:00","EDT","MILLWD",61759,265
"03/12/2015 15:05:00","EDT","N.Y.C.",61761,6321.5
"03/12/2015 15:05:00","EDT","NORTH",61755,548.6
"03/12/2015 15:05:00","EDT","WEST",61752,1933.4
"03/12/2015 15:10:00","EDT","CAPITL",61757,1418.9
"03/12/2015 15:10:00","EDT","CENTRL",61754,1969
"03/12/2015 15:10:00","EDT","DUNWOD",61760,705.6
"03/12/2015 15:10:00","EDT","GENESE",61753,1159.9
"03/12/2015 15:10:00","EDT","HUD VL",61758,1111.1
"03/12/2015 15:10:00","EDT","LONGIL",61762,2286.2
"03/12/2015 15:10:00","EDT","MHK VL",61756,1027.1
"03/12/2015 15:10:00","EDT","MILLWD",61759,271.5
"03/12/2015 15:10:00","EDT","N.Y.C.",61761,6342.5
"03/12/2015 15:10:00","EDT","NORTH",61755,553.3
"03/12/2015 15:10:00","EDT","WEST",61752,1929.8
"03/12/2015 15:15:00","EDT","CAPITL",61757,1431.8
"03/12/2015 15:15:00","EDT","CENTRL",61754,1973.9
"03/12/2015 15:15:00","EDT","DUNWOD",61760,719.9
"03/12/2015 15:15:00","EDT","GENESE",61753,1162.7
"03/12/2015 15:15:00","EDT","HUD VL",61758,1105.7
"03/12/2015 15:15:00","EDT","LONGIL",61762,2281.1
"03/12/2015 15:15:00","EDT","MHK VL",61756,1025.9
"03/12/2015 15:15:00","EDT","MILLWD",61759,274.1
"03/12/2015 15:15:00","EDT","N.Y.C.",61761,6314.4
"03/12/2015 15:15:00","EDT","NORTH",61755,554.9
"03/12/2015 15:15:00","EDT","WEST",61752,1924.9
"03/12/2015 15:20:00","EDT","CAPITL",61757,1449
"03/12/2015 15:20:00","EDT","CENTRL",61754,1968.1
"03/12/2015 15:20:00","EDT","DUNWOD",61760,710.5
"03/12/2015 15:20:00","EDT","GENESE",61753,1160.5
"03/12/2015 15:20:00","EDT","HUD VL",61758,1114.8
"03/12/2015 15:20:00","EDT","LONGIL",61762,2275.9
"03/12/2015 15:20:00","EDT","MHK VL",61756,1022.4
"03/12/2015 15:20:00","EDT","MILLWD",61759,268.5
"03/12/2015 15:20:00","EDT","N.Y.C.",61761,6334.5
"03/12/2015 15:20:00","EDT","NORTH",61755,554.1
"03/12/2015 15:20:00","EDT","WEST",61752,1932.3
"03/12/2015 15:25:00","EDT","CAPITL",61757,1439.5
"03/12/2015 15:25:00","EDT","CENTRL",61754,1960.6
"03/12/2015 15:25:00","EDT","DUNWOD",61760,693.1
"03/12/2015 15:25:00","EDT","GENESE",61753,1164.9
"03/12/2015 15:25:00","EDT","HUD VL",61758,1091.9
"03/12/2015 15:25:00","EDT","LONGIL",61762,2302.2
"03/12/2015 15:25:00","EDT","MHK VL",61756,1028.2
"03/12/2015 15:25:00","EDT","MILLWD",61759,278.4
"03/12/2015 15:25:00","EDT","N.Y.C.",61761,6320.2
"03/12/2015 15:25:00","EDT","NORTH",61755,564.4
"03/12/2015 15:25:00","EDT","WEST",61752,1924.9
"03/12/2015 15:30:00","EDT","CAPITL",61757,1432.9
"03/12/2015 15:30:00","EDT","CENTRL",61754,1951.3
"03/12/2015 15:30:00","EDT","DUNWOD",61760,723.3
"03/12/2015 15:30:00","EDT","GENESE",61753,1158.5
"03/12/2015 15:30:00","EDT","HUD VL",61758,1105.9
"03/12/2015 15:30:00","EDT","LONGIL",61762,2286.5
"03/12/2015 15:30:00","EDT","MHK VL",61756,1021.7
"03/12/2015 15:30:00","EDT","MILLWD",61759,267.7
"03/12/2015 15:30:00","EDT","N.Y.C.",61761,6302.8
"03/12/2015 15:30:00","EDT","NORTH",61755,552.7
"03/12/2015 15:30:00","EDT","WEST",61752,1926.5
"03/12/2015 15:35:00","EDT","CAPITL",61757,1431.7
"03/12/2015 15:35:00","EDT","CENTRL",61754,1947.4
"03/12/2015 15:35:00","EDT","DUNWOD",61760,705.7
"03/12/2015 15:35:00","EDT","GENESE",61753,1156.2
"03/12/2015 15:35:00","EDT","HUD VL",61758,1093.2
"03/12/2015 15:35:00","EDT","LONGIL",61762,2309.7
"03/12/2015 15:35:00","EDT","MHK VL",61756,1031.4
"03/12/2015 15:35:00","EDT","MILLWD",61759,277.6
"03/12/2015 15:35:00","EDT","N.Y.C.",61761,6345.8
"03/12/2015 15:35:00","EDT","NORTH",61755,542
"03/12/2015 15:35:00","EDT","WEST",61752,1906.6
"03/12/2015 15:40:00","EDT","CAPITL",61757,1423.7
"03/12/2015 15:40:00","EDT","CENTRL",61754,1941.2
"03/12/2015 15:40:00","EDT","DUNWOD",61760,716.5
"03/12/2015 15:40:00","EDT","GENESE",61753,1152.7
"03/12/2015 15:40:00","EDT","HUD VL",61758,1105.1
"03/12/2015 15:40:00","EDT","LONGIL",61762,2300.6
"03/12/2015 15:40:00","EDT","MHK VL",61756,1026.9
"03/12/2015 15:40:00","EDT","MILLWD",61759,271.1
"03/12/2015 15:40:00","EDT","N.Y.C.",61761,6314.5
"03/12/2015 15:40:00","EDT","NORTH",61755,551.5
"03/12/2015 15:40:00","EDT","WEST",61752,1902.3
"03/12/2015 15:45:00","EDT","CAPITL",61757,1441.8
"03/12/2015 15:45:00","EDT","CENTRL",61754,1927.7
"03/12/2015 15:45:00","EDT","DUNWOD",61760,694.8
"03/12/2015 15:45:00","EDT","GENESE",61753,1149.5
"03/12/2015 15:45:00","EDT","HUD VL",61758,1081.3
"03/12/2015 15:45:00","EDT","LONGIL",61762,2309.3
"03/12/2015 15:45:00","EDT","MHK VL",61756,1025
"03/12/2015 15:45:00","EDT","MILLWD",61759,285.3
"03/12/2015 15:45:00","EDT","N.Y.C.",61761,6301.1
"03/12/2015 15:45:00","EDT","NORTH",61755,538.2
"03/12/2015 15:45:00","EDT","WEST",61752,1894.6
"03/12/2015 15:50:00","EDT","CAPITL",61757,1451.7
"03/12/2015 15:50:00","EDT","CENTRL",61754,1948.6
"03/12/2015 15:50:00","EDT","DUNWOD",61760,699.2
"03/12/2015 15:50:00","EDT","GENESE",61753,1148.7
"03/12/2015 15:50:00","EDT","HUD VL",61758,1070.5
"03/12/2015 15:50:00","EDT","LONGIL",61762,2300.8
"03/12/2015 15:50:00","EDT","MHK VL",61756,1019.5
"03/12/2015 15:50:00","EDT","MILLWD",61759,280.9
"03/12/2015 15:50:00","EDT","N.Y.C.",61761,6295.9
"03/12/2015 15:50:00","EDT","NORTH",61755,551.9
"03/12/2015 15:50:00","EDT","WEST",61752,1897.5
"03/12/2015 15:55:00","EDT","CAPITL",61757,1437.7
"03/12/2015 15:55:00","EDT","CENTRL",61754,1954.4
"03/12/2015 15:55:00","EDT","DUNWOD",61760,710.8
"03/12/2015 15:55:00","EDT","GENESE",61753,1152.4
"03/12/2015 15:55:00","EDT","HUD VL",61758,1104.9
"03/12/2015 15:55:00","EDT","LONGIL",61762,2304.9
"03/12/2015 15:55:00","EDT","MHK VL",61756,1022
"03/12/2015 15:55:00","EDT","MILLWD",61759,279.3
"03/12/2015 15:55:00","EDT","N.Y.C.",61761,6324.3
"03/12/2015 15:55:00","EDT","NORTH",61755,548.5
"03/12/2015 15:55:00","EDT","WEST",61752,1904.9
"03/12/2015 16:00:00","EDT","CAPITL",61757,1432.8
"03/12/2015 16:00:00","EDT","CENTRL",61754,1956.5
"03/12/2015 16:00:00","EDT","DUNWOD",61760,702
"03/12/2015 16:00:00","EDT","GENESE",61753,1154.2
"03/12/2015 16:00:00","EDT","HUD VL",61758,1067.1
"03/12/2015 16:00:00","EDT","LONGIL",61762,2299.3
"03/12/2015 16:00:00","EDT","MHK VL",61756,1019.7
"03/12/2015 16:00:00","EDT","MILLWD",61759,283.9
"03/12/2015 16:00:00","EDT","N.Y.C.",61761,6318.4
"03/12/2015 16:00:00","EDT","NORTH",61755,566.8
"03/12/2015 16:00:00","EDT","WEST",61752,1928.6
"03/12/2015 16:05:00","EDT","CAPITL",61757,1438.1
"03/12/2015 16:05:00","EDT","CENTRL",61754,1944
"03/12/2015 16:05:00","EDT","DUNWOD",61760,720.2
"03/12/2015 16:05:00","EDT","GENESE",61753,1153.7
"03/12/2015 16:05:00","EDT","HUD VL",61758,1103.1
"03/12/2015 16:05:00","EDT","LONGIL",61762,2298.9
"03/12/2015 16:05:00","EDT","MHK VL",61756,1018
"03/12/2015 16:05:00","EDT","MILLWD",61759,272.2
"03/12/2015 16:05:00","EDT","N.Y.C.",61761,6337
"03/12/2015 16:05:00","EDT","NORTH",61755,547.7
"03/12/2015 16:05:00","EDT","WEST",61752,1914.6
"03/12/2015 16:10:00","EDT","CAPITL",61757,1431.3
"03/12/2015 16:10:00","EDT","CENTRL",61754,1948.9
"03/12/2015 16:10:00","EDT","DUNWOD",61760,714.7
"03/12/2015 16:10:00","EDT","GENESE",61753,1143.4
"03/12/2015 16:10:00","EDT","HUD VL",61758,1107.1
"03/12/2015 16:10:00","EDT","LONGIL",61762,2300.4
"03/12/2015 16:10:00","EDT","MHK VL",61756,1017.2
"03/12/2015 16:10:00","EDT","MILLWD",61759,267.1
"03/12/2015 16:10:00","EDT","N.Y.C.",61761,6332.9
"03/12/2015 16:10:00","EDT","NORTH",61755,552.9
"03/12/2015 16:10:00","EDT","WEST",61752,1902.7
"03/12/2015 16:15:00","EDT","CAPITL",61757,1437.5
"03/12/2015 16:15:00","EDT","CENTRL",61754,1934.8
"03/12/2015 16:15:00","EDT","DUNWOD",61760,696.1
"03/12/2015 16:15:00","EDT","GENESE",61753,1149.9
"03/12/2015 16:15:00","EDT","HUD VL",61758,1091.5
"03/12/2015 16:15:00","EDT","LONGIL",61762,2294.5
"03/12/2015 16:15:00","EDT","MHK VL",61756,1012.5
"03/12/2015 16:15:00","EDT","MILLWD",61759,280.9
"03/12/2015 16:15:00","EDT","N.Y.C.",61761,6339.1
"03/12/2015 16:15:00","EDT","NORTH",61755,548.8
"03/12/2015 16:15:00","EDT","WEST",61752,1892.3
"03/12/2015 16:20:00","EDT","CAPITL",61757,1445.5
"03/12/2015 16:20:00","EDT","CENTRL",61754,1942.5
"03/12/2015 16:20:00","EDT","DUNWOD",61760,720.3
"03/12/2015 16:20:00","EDT","GENESE",61753,1148.7
"03/12/2015 16:20:00","EDT","HUD VL",61758,1098.1
"03/12/2015 16:20:00","EDT","LONGIL",61762,2312.8
"03/12/2015 16:20:00","EDT","MHK VL",61756,1025.6
"03/12/2015 16:20:00","EDT","MILLWD",61759,280
"03/12/2015 16:20:00","EDT","N.Y.C.",61761,6294.1
"03/12/2015 16:20:00","EDT","NORTH",61755,554.5
"03/12/2015 16:20:00","EDT","WEST",61752,1896.8
"03/12/2015 16:25:00","EDT","CAPITL",61757,1447.9
"03/12/2015 16:25:00","EDT","CENTRL",61754,1949.9
"03/12/2015 16:25:00","EDT","DUNWOD",61760,704.6
"03/12/2015 16:25:00","EDT","GENESE",61753,1152.8
"03/12/2015 16:25:00","EDT","HUD VL",61758,1111.7
"03/12/2015 16:25:00","EDT","LONGIL",61762,2316.7
"03/12/2015 16:25:00","EDT","MHK VL",61756,1028.8
"03/12/2015 16:25:00","EDT","MILLWD",61759,276.3
"03/12/2015 16:25:00","EDT","N.Y.C.",61761,6320.5
"03/12/2015 16:25:00","EDT","NORTH",61755,555.8
"03/12/2015 16:25:00","EDT","WEST",61752,1902.5
"03/12/2015 16:30:00","EDT","CAPITL",61757,1452.8
"03/12/2015 16:30:00","EDT","CENTRL",61754,1952.9
"03/12/2015 16:30:00","EDT","DUNWOD",61760,717
"03/12/2015 16:30:00","EDT","GENESE",61753,1144.6
"03/12/2015 16:30:00","EDT","HUD VL",61758,1100.3
"03/12/2015 16:30:00","EDT","LONGIL",61762,2332.3
"03/12/2015 16:30:00","EDT","MHK VL",61756,1030.3
"03/12/2015 16:30:00","EDT","MILLWD",61759,274.4
"03/12/2015 16:30:00","EDT","N.Y.C.",61761,6317.3
"03/12/2015 16:30:00","EDT","NORTH",61755,545.2
"03/12/2015 16:30:00","EDT","WEST",61752,1891.6
"03/12/2015 16:35:00","EDT","CAPITL",61757,1453.8
"03/12/2015 16:35:00","EDT","CENTRL",61754,1965.3
"03/12/2015 16:35:00","EDT","DUNWOD",61760,713.7
"03/12/2015 16:35:00","EDT","GENESE",61753,1146.6
"03/12/2015 16:35:00","EDT","HUD VL",61758,1120.5
"03/12/2015 16:35:00","EDT","LONGIL",61762,2318.5
"03/12/2015 16:35:00","EDT","MHK VL",61756,1026.6
"03/12/2015 16:35:00","EDT","MILLWD",61759,282.1
"03/12/2015 16:35:00","EDT","N.Y.C.",61761,6336.1
"03/12/2015 16:35:00","EDT","NORTH",61755,545.1
"03/12/2015 16:35:00","EDT","WEST",61752,1901.6
"03/12/2015 16:40:00","EDT","CAPITL",61757,1461.2
"03/12/2015 16:40:00","EDT","CENTRL",61754,1950.9
"03/12/2015 16:40:00","EDT","DUNWOD",61760,714.4
"03/12/2015 16:40:00","EDT","GENESE",61753,1144.1
"03/12/2015 16:40:00","EDT","HUD VL",61758,1116.8
"03/12/2015 16:40:00","EDT","LONGIL",61762,2332.2
"03/12/2015 16:40:00","EDT","MHK VL",61756,1043.7
"03/12/2015 16:40:00","EDT","MILLWD",61759,287.3
"03/12/2015 16:40:00","EDT","N.Y.C.",61761,6348.8
"03/12/2015 16:40:00","EDT","NORTH",61755,546.6
"03/12/2015 16:40:00","EDT","WEST",61752,1907.1
"03/12/2015 16:45:00","EDT","CAPITL",61757,1447.6
"03/12/2015 16:45:00","EDT","CENTRL",61754,1952.5
"03/12/2015 16:45:00","EDT","DUNWOD",61760,715.6
"03/12/2015 16:45:00","EDT","GENESE",61753,1150.8
"03/12/2015 16:45:00","EDT","HUD VL",61758,1125.5
"03/12/2015 16:45:00","EDT","LONGIL",61762,2333
"03/12/2015 16:45:00","EDT","MHK VL",61756,1034.9
"03/12/2015 16:45:00","EDT","MILLWD",61759,274.1
"03/12/2015 16:45:00","EDT","N.Y.C.",61761,6337.8
"03/12/2015 16:45:00","EDT","NORTH",61755,560.1
"03/12/2015 16:45:00","EDT","WEST",61752,1894
"03/12/2015 16:50:00","EDT","CAPITL",61757,1448.9
"03/12/2015 16:50:00","EDT","CENTRL",61754,1957.8
"03/12/2015 16:50:00","EDT","DUNWOD",61760,718.8
"03/12/2015 16:50:00","EDT","GENESE",61753,1146.3
"03/12/2015 16:50:00","EDT","HUD VL",61758,1126.3
"03/12/2015 16:50:00","EDT","LONGIL",61762,2329.2
"03/12/2015 16:50:00","EDT","MHK VL",61756,1021.5
"03/12/2015 16:50:00","EDT","MILLWD",61759,278.7
"03/12/2015 16:50:00","EDT","N.Y.C.",61761,6311.2
"03/12/2015 16:50:00","EDT","NORTH",61755,558.5
"03/12/2015 16:50:00","EDT","WEST",61752,1897.4
"03/12/2015 16:55:00","EDT","CAPITL",61757,1455.2
"03/12/2015 16:55:00","EDT","CENTRL",61754,1958.8
"03/12/2015 16:55:00","EDT","DUNWOD",61760,720.5
"03/12/2015 16:55:00","EDT","GENESE",61753,1145.4
"03/12/2015 16:55:00","EDT","HUD VL",61758,1135.3
"03/12/2015 16:55:00","EDT","LONGIL",61762,2352.2
"03/12/2015 16:55:00","EDT","MHK VL",61756,1042
"03/12/2015 16:55:00","EDT","MILLWD",61759,255.1
"03/12/2015 16:55:00","EDT","N.Y.C.",61761,6346
"03/12/2015 16:55:00","EDT","NORTH",61755,553.3
"03/12/2015 16:55:00","EDT","WEST",61752,1902.3
"03/12/2015 17:00:00","EDT","CAPITL",61757,1449
"03/12/2015 17:00:00","EDT","CENTRL",61754,1954.7
"03/12/2015 17:00:00","EDT","DUNWOD",61760,703.9
"03/12/2015 17:00:00","EDT","GENESE",61753,1146.1
"03/12/2015 17:00:00","EDT","HUD VL",61758,1115.8
"03/12/2015 17:00:00","EDT","LONGIL",61762,2328
"03/12/2015 17:00:00","EDT","MHK VL",61756,1036.3
"03/12/2015 17:00:00","EDT","MILLWD",61759,271.2
"03/12/2015 17:00:00","EDT","N.Y.C.",61761,6369.4
"03/12/2015 17:00:00","EDT","NORTH",61755,557.5
"03/12/2015 17:00:00","EDT","WEST",61752,1900.6
"03/12/2015 17:05:00","EDT","CAPITL",61757,1464.1
"03/12/2015 17:05:00","EDT","CENTRL",61754,1956.1
"03/12/2015 17:05:00","EDT","DUNWOD",61760,722.7
"03/12/2015 17:05:00","EDT","GENESE",61753,1144.3
"03/12/2015 17:05:00","EDT","HUD VL",61758,1120.5
"03/12/2015 17:05:00","EDT","LONGIL",61762,2345.8
"03/12/2015 17:05:00","EDT","MHK VL",61756,1042.7
"03/12/2015 17:05:00","EDT","MILLWD",61759,281.1
"03/12/2015 17:05:00","EDT","N.Y.C.",61761,6322.2
"03/12/2015 17:05:00","EDT","NORTH",61755,555
"03/12/2015 17:05:00","EDT","WEST",61752,1888.7
"03/12/2015 17:10:00","EDT","CAPITL",61757,1452.8
"03/12/2015 17:10:00","EDT","CENTRL",61754,1953.7
"03/12/2015 17:10:00","EDT","DUNWOD",61760,722.3
"03/12/2015 17:10:00","EDT","GENESE",61753,1150.9
"03/12/2015 17:10:00","EDT","HUD VL",61758,1137.9
"03/12/2015 17:10:00","EDT","LONGIL",61762,2349.9
"03/12/2015 17:10:00","EDT","MHK VL",61756,1034.6
"03/12/2015 17:10:00","EDT","MILLWD",61759,277.3
"03/12/2015 17:10:00","EDT","N.Y.C.",61761,6347.9
"03/12/2015 17:10:00","EDT","NORTH",61755,554.4
"03/12/2015 17:10:00","EDT","WEST",61752,1885.1
"03/12/2015 17:15:00","EDT","CAPITL",61757,1457.5
"03/12/2015 17:15:00","EDT","CENTRL",61754,1947.7
"03/12/2015 17:15:00","EDT","DUNWOD",61760,723.2
"03/12/2015 17:15:00","EDT","GENESE",61753,1149.6
"03/12/2015 17:15:00","EDT","HUD VL",61758,1117.3
"03/12/2015 17:15:00","EDT","LONGIL",61762,2357.5
"03/12/2015 17:15:00","EDT","MHK VL",61756,1042.4
"03/12/2015 17:15:00","EDT","MILLWD",61759,280.1
"03/12/2015 17:15:00","EDT","N.Y.C.",61761,6322.5
"03/12/2015 17:15:00","EDT","NORTH",61755,557.1
"03/12/2015 17:15:00","EDT","WEST",61752,1895.6
"03/12/2015 17:20:00","EDT","CAPITL",61757,1474.4
"03/12/2015 17:20:00","EDT","CENTRL",61754,1973
"03/12/2015 17:20:00","EDT","DUNWOD",61760,712.9
"03/12/2015 17:20:00","EDT","GENESE",61753,1149.1
"03/12/2015 17:20:00","EDT","HUD VL",61758,1150.1
"03/12/2015 17:20:00","EDT","LONGIL",61762,2354
"03/12/2015 17:20:00","EDT","MHK VL",61756,1052.4
"03/12/2015 17:20:00","EDT","MILLWD",61759,273.6
"03/12/2015 17:20:00","EDT","N.Y.C.",61761,6308.2
"03/12/2015 17:20:00","EDT","NORTH",61755,547.3
"03/12/2015 17:20:00","EDT","WEST",61752,1875.3
"03/12/2015 17:25:00","EDT","CAPITL",61757,1485.7
"03/12/2015 17:25:00","EDT","CENTRL",61754,1963.9
"03/12/2015 17:25:00","EDT","DUNWOD",61760,719.1
"03/12/2015 17:25:00","EDT","GENESE",61753,1154.5
"03/12/2015 17:25:00","EDT","HUD VL",61758,1130.9
"03/12/2015 17:25:00","EDT","LONGIL",61762,2364.9
"03/12/2015 17:25:00","EDT","MHK VL",61756,1050.8
"03/12/2015 17:25:00","EDT","MILLWD",61759,299.1
"03/12/2015 17:25:00","EDT","N.Y.C.",61761,6321.4
"03/12/2015 17:25:00","EDT","NORTH",61755,551
"03/12/2015 17:25:00","EDT","WEST",61752,1900.7
"03/12/2015 17:30:00","EDT","CAPITL",61757,1509.6
"03/12/2015 17:30:00","EDT","CENTRL",61754,1971.8
"03/12/2015 17:30:00","EDT","DUNWOD",61760,705.9
"03/12/2015 17:30:00","EDT","GENESE",61753,1153.9
"03/12/2015 17:30:00","EDT","HUD VL",61758,1130.7
"03/12/2015 17:30:00","EDT","LONGIL",61762,2383.8
"03/12/2015 17:30:00","EDT","MHK VL",61756,1013.1
"03/12/2015 17:30:00","EDT","MILLWD",61759,302.9
"03/12/2015 17:30:00","EDT","N.Y.C.",61761,6292
"03/12/2015 17:30:00","EDT","NORTH",61755,551.3
"03/12/2015 17:30:00","EDT","WEST",61752,1897.4
"03/12/2015 17:35:00","EDT","CAPITL",61757,1486.8
"03/12/2015 17:35:00","EDT","CENTRL",61754,1987.9
"03/12/2015 17:35:00","EDT","DUNWOD",61760,725.7
"03/12/2015 17:35:00","EDT","GENESE",61753,1148.3
"03/12/2015 17:35:00","EDT","HUD VL",61758,1138.9
"03/12/2015 17:35:00","EDT","LONGIL",61762,2394.9
"03/12/2015 17:35:00","EDT","MHK VL",61756,1040.5
"03/12/2015 17:35:00","EDT","MILLWD",61759,299.1
"03/12/2015 17:35:00","EDT","N.Y.C.",61761,6322.2
"03/12/2015 17:35:00","EDT","NORTH",61755,559.4
"03/12/2015 17:35:00","EDT","WEST",61752,1885.7
"03/12/2015 17:40:00","EDT","CAPITL",61757,1477.2
"03/12/2015 17:40:00","EDT","CENTRL",61754,1984.3
"03/12/2015 17:40:00","EDT","DUNWOD",61760,709.4
"03/12/2015 17:40:00","EDT","GENESE",61753,1149
"03/12/2015 17:40:00","EDT","HUD VL",61758,1158.5
"03/12/2015 17:40:00","EDT","LONGIL",61762,2404.2
"03/12/2015 17:40:00","EDT","MHK VL",61756,1056.9
"03/12/2015 17:40:00","EDT","MILLWD",61759,304.1
"03/12/2015 17:40:00","EDT","N.Y.C.",61761,6356.7
"03/12/2015 17:40:00","EDT","NORTH",61755,554
"03/12/2015 17:40:00","EDT","WEST",61752,1877.7
"03/12/2015 17:45:00","EDT","CAPITL",61757,1479.9
"03/12/2015 17:45:00","EDT","CENTRL",61754,1970.5
"03/12/2015 17:45:00","EDT","DUNWOD",61760,712.3
"03/12/2015 17:45:00","EDT","GENESE",61753,1158.5
"03/12/2015 17:45:00","EDT","HUD VL",61758,1143.1
"03/12/2015 17:45:00","EDT","LONGIL",61762,2398.5
"03/12/2015 17:45:00","EDT","MHK VL",61756,1050.4
"03/12/2015 17:45:00","EDT","MILLWD",61759,299.7
"03/12/2015 17:45:00","EDT","N.Y.C.",61761,6319
"03/12/2015 17:45:00","EDT","NORTH",61755,555.6
"03/12/2015 17:45:00","EDT","WEST",61752,1898.6
"03/12/2015 17:50:00","EDT","CAPITL",61757,1498
"03/12/2015 17:50:00","EDT","CENTRL",61754,1986.3
"03/12/2015 17:50:00","EDT","DUNWOD",61760,728.8
"03/12/2015 17:50:00","EDT","GENESE",61753,1159.5
"03/12/2015 17:50:00","EDT","HUD VL",61758,1157.6
"03/12/2015 17:50:00","EDT","LONGIL",61762,2424.8
"03/12/2015 17:50:00","EDT","MHK VL",61756,1058.4
"03/12/2015 17:50:00","EDT","MILLWD",61759,287.2
"03/12/2015 17:50:00","EDT","N.Y.C.",61761,6334.3
"03/12/2015 17:50:00","EDT","NORTH",61755,561
"03/12/2015 17:50:00","EDT","WEST",61752,1926.1
"03/12/2015 17:55:00","EDT","CAPITL",61757,1500.2
"03/12/2015 17:55:00","EDT","CENTRL",61754,1995.9
"03/12/2015 17:55:00","EDT","DUNWOD",61760,707.2
"03/12/2015 17:55:00","EDT","GENESE",61753,1162.6
"03/12/2015 17:55:00","EDT","HUD VL",61758,1133.4
"03/12/2015 17:55:00","EDT","LONGIL",61762,2428.1
"03/12/2015 17:55:00","EDT","MHK VL",61756,1065.2
"03/12/2015 17:55:00","EDT","MILLWD",61759,317.9
"03/12/2015 17:55:00","EDT","N.Y.C.",61761,6310.6
"03/12/2015 17:55:00","EDT","NORTH",61755,555.4
"03/12/2015 17:55:00","EDT","WEST",61752,1908.4
"03/12/2015 18:00:00","EDT","CAPITL",61757,1515.5
"03/12/2015 18:00:00","EDT","CENTRL",61754,1993.7
"03/12/2015 18:00:00","EDT","DUNWOD",61760,723
"03/12/2015 18:00:00","EDT","GENESE",61753,1160.4
"03/12/2015 18:00:00","EDT","HUD VL",61758,1170.1
"03/12/2015 18:00:00","EDT","LONGIL",61762,2435.6
"03/12/2015 18:00:00","EDT","MHK VL",61756,1061.7
"03/12/2015 18:00:00","EDT","MILLWD",61759,299.9
"03/12/2015 18:00:00","EDT","N.Y.C.",61761,6324.4
"03/12/2015 18:00:00","EDT","NORTH",61755,555
"03/12/2015 18:00:00","EDT","WEST",61752,1908.4
"03/12/2015 18:05:00","EDT","CAPITL",61757,1527
"03/12/2015 18:05:00","EDT","CENTRL",61754,1980.9
"03/12/2015 18:05:00","EDT","DUNWOD",61760,724.4
"03/12/2015 18:05:00","EDT","GENESE",61753,1170.2
"03/12/2015 18:05:00","EDT","HUD VL",61758,1143.5
"03/12/2015 18:05:00","EDT","LONGIL",61762,2455.9
"03/12/2015 18:05:00","EDT","MHK VL",61756,1082.2
"03/12/2015 18:05:00","EDT","MILLWD",61759,326
"03/12/2015 18:05:00","EDT","N.Y.C.",61761,6285.7
"03/12/2015 18:05:00","EDT","NORTH",61755,558.6
"03/12/2015 18:05:00","EDT","WEST",61752,1907.7
"03/12/2015 18:10:00","EDT","CAPITL",61757,1524.3
"03/12/2015 18:10:00","EDT","CENTRL",61754,1977.7
"03/12/2015 18:10:00","EDT","DUNWOD",61760,724.2
"03/12/2015 18:10:00","EDT","GENESE",61753,1160.3
"03/12/2015 18:10:00","EDT","HUD VL",61758,1184.8
"03/12/2015 18:10:00","EDT","LONGIL",61762,2444.1
"03/12/2015 18:10:00","EDT","MHK VL",61756,1071.2
"03/12/2015 18:10:00","EDT","MILLWD",61759,284.4
"03/12/2015 18:10:00","EDT","N.Y.C.",61761,6251.7
"03/12/2015 18:10:00","EDT","NORTH",61755,566.3
"03/12/2015 18:10:00","EDT","WEST",61752,1911.3
"03/12/2015 18:15:00","EDT","CAPITL",61757,1523.4
"03/12/2015 18:15:00","EDT","CENTRL",61754,1992.5
"03/12/2015 18:15:00","EDT","DUNWOD",61760,718.4
"03/12/2015 18:15:00","EDT","GENESE",61753,1162.2
"03/12/2015 18:15:00","EDT","HUD VL",61758,1183.1
"03/12/2015 18:15:00","EDT","LONGIL",61762,2467.9
"03/12/2015 18:15:00","EDT","MHK VL",61756,1065.5
"03/12/2015 18:15:00","EDT","MILLWD",61759,305.6
"03/12/2015 18:15:00","EDT","N.Y.C.",61761,6190.3
"03/12/2015 18:15:00","EDT","NORTH",61755,560.5
"03/12/2015 18:15:00","EDT","WEST",61752,1909.4
"03/12/2015 18:20:00","EDT","CAPITL",61757,1527.3
"03/12/2015 18:20:00","EDT","CENTRL",61754,1980.7
"03/12/2015 18:20:00","EDT","DUNWOD",61760,723.7
"03/12/2015 18:20:00","EDT","GENESE",61753,1167.9
"03/12/2015 18:20:00","EDT","HUD VL",61758,1177.2
"03/12/2015 18:20:00","EDT","LONGIL",61762,2468.6
"03/12/2015 18:20:00","EDT","MHK VL",61756,1089.5
"03/12/2015 18:20:00","EDT","MILLWD",61759,294.7
"03/12/2015 18:20:00","EDT","N.Y.C.",61761,6196.6
"03/12/2015 18:20:00","EDT","NORTH",61755,546.1
"03/12/2015 18:20:00","EDT","WEST",61752,1892
"03/12/2015 18:25:00","EDT","CAPITL",61757,1526.7
"03/12/2015 18:25:00","EDT","CENTRL",61754,2006.3
"03/12/2015 18:25:00","EDT","DUNWOD",61760,747.3
"03/12/2015 18:25:00","EDT","GENESE",61753,1167.1
"03/12/2015 18:25:00","EDT","HUD VL",61758,1206.8
"03/12/2015 18:25:00","EDT","LONGIL",61762,2499.2
"03/12/2015 18:25:00","EDT","MHK VL",61756,1071.5
"03/12/2015 18:25:00","EDT","MILLWD",61759,294.8
"03/12/2015 18:25:00","EDT","N.Y.C.",61761,6214.2
"03/12/2015 18:25:00","EDT","NORTH",61755,566
"03/12/2015 18:25:00","EDT","WEST",61752,1909.9
"03/12/2015 18:30:00","EDT","CAPITL",61757,1530.9
"03/12/2015 18:30:00","EDT","CENTRL",61754,2009.9
"03/12/2015 18:30:00","EDT","DUNWOD",61760,725.7
"03/12/2015 18:30:00","EDT","GENESE",61753,1173.6
"03/12/2015 18:30:00","EDT","HUD VL",61758,1186.7
"03/12/2015 18:30:00","EDT","LONGIL",61762,2492.2
"03/12/2015 18:30:00","EDT","MHK VL",61756,1077.7
"03/12/2015 18:30:00","EDT","MILLWD",61759,299.7
"03/12/2015 18:30:00","EDT","N.Y.C.",61761,6211
"03/12/2015 18:30:00","EDT","NORTH",61755,561.5
"03/12/2015 18:30:00","EDT","WEST",61752,1911.2
"03/12/2015 18:35:00","EDT","CAPITL",61757,1543.3
"03/12/2015 18:35:00","EDT","CENTRL",61754,2001.2
"03/12/2015 18:35:00","EDT","DUNWOD",61760,741.5
"03/12/2015 18:35:00","EDT","GENESE",61753,1173.9
"03/12/2015 18:35:00","EDT","HUD VL",61758,1184.6
"03/12/2015 18:35:00","EDT","LONGIL",61762,2516.7
"03/12/2015 18:35:00","EDT","MHK VL",61756,1087.1
"03/12/2015 18:35:00","EDT","MILLWD",61759,315
"03/12/2015 18:35:00","EDT","N.Y.C.",61761,6184.7
"03/12/2015 18:35:00","EDT","NORTH",61755,563.9
"03/12/2015 18:35:00","EDT","WEST",61752,1902.3
"03/12/2015 18:40:00","EDT","CAPITL",61757,1549.8
"03/12/2015 18:40:00","EDT","CENTRL",61754,2002.1
"03/12/2015 18:40:00","EDT","DUNWOD",61760,743.8
"03/12/2015 18:40:00","EDT","GENESE",61753,1172.6
"03/12/2015 18:40:00","EDT","HUD VL",61758,1200.9
"03/12/2015 18:40:00","EDT","LONGIL",61762,2502.9
"03/12/2015 18:40:00","EDT","MHK VL",61756,1088.7
"03/12/2015 18:40:00","EDT","MILLWD",61759,311.1
"03/12/2015 18:40:00","EDT","N.Y.C.",61761,6213.1
"03/12/2015 18:40:00","EDT","NORTH",61755,563.6
"03/12/2015 18:40:00","EDT","WEST",61752,1900.8
"03/12/2015 18:45:00","EDT","CAPITL",61757,1544.1
"03/12/2015 18:45:00","EDT","CENTRL",61754,2019.1
"03/12/2015 18:45:00","EDT","DUNWOD",61760,735.1
"03/12/2015 18:45:00","EDT","GENESE",61753,1182.2
"03/12/2015 18:45:00","EDT","HUD VL",61758,1229.4
"03/12/2015 18:45:00","EDT","LONGIL",61762,2532
"03/12/2015 18:45:00","EDT","MHK VL",61756,1088.5
"03/12/2015 18:45:00","EDT","MILLWD",61759,281.7
"03/12/2015 18:45:00","EDT","N.Y.C.",61761,6231.9
"03/12/2015 18:45:00","EDT","NORTH",61755,573.6
"03/12/2015 18:45:00","EDT","WEST",61752,1890.7
"03/12/2015 18:50:00","EDT","CAPITL",61757,1548.2
"03/12/2015 18:50:00","EDT","CENTRL",61754,2021.4
"03/12/2015 18:50:00","EDT","DUNWOD",61760,758.2
"03/12/2015 18:50:00","EDT","GENESE",61753,1185
"03/12/2015 18:50:00","EDT","HUD VL",61758,1211.4
"03/12/2015 18:50:00","EDT","LONGIL",61762,2531.6
"03/12/2015 18:50:00","EDT","MHK VL",61756,1074.5
"03/12/2015 18:50:00","EDT","MILLWD",61759,302.8
"03/12/2015 18:50:00","EDT","N.Y.C.",61761,6221.5
"03/12/2015 18:50:00","EDT","NORTH",61755,584.8
"03/12/2015 18:50:00","EDT","WEST",61752,1895.2
"03/12/2015 18:55:00","EDT","CAPITL",61757,1562.6
"03/12/2015 18:55:00","EDT","CENTRL",61754,2050.6
"03/12/2015 18:55:00","EDT","DUNWOD",61760,720.6
"03/12/2015 18:55:00","EDT","GENESE",61753,1182.6
"03/12/2015 18:55:00","EDT","HUD VL",61758,1221
"03/12/2015 18:55:00","EDT","LONGIL",61762,2542.9
"03/12/2015 18:55:00","EDT","MHK VL",61756,1090.3
"03/12/2015 18:55:00","EDT","MILLWD",61759,323
"03/12/2015 18:55:00","EDT","N.Y.C.",61761,6235.8
"03/12/2015 18:55:00","EDT","NORTH",61755,578.9
"03/12/2015 18:55:00","EDT","WEST",61752,1934.1
"03/12/2015 19:00:00","EDT","CAPITL",61757,1579.9
"03/12/2015 19:00:00","EDT","CENTRL",61754,2046.7
"03/12/2015 19:00:00","EDT","DUNWOD",61760,736
"03/12/2015 19:00:00","EDT","GENESE",61753,1190.8
"03/12/2015 19:00:00","EDT","HUD VL",61758,1217.5
"03/12/2015 19:00:00","EDT","LONGIL",61762,2575.7
"03/12/2015 19:00:00","EDT","MHK VL",61756,1102
"03/12/2015 19:00:00","EDT","MILLWD",61759,332.1
"03/12/2015 19:00:00","EDT","N.Y.C.",61761,6220.8
"03/12/2015 19:00:00","EDT","NORTH",61755,569.9
"03/12/2015 19:00:00","EDT","WEST",61752,1916.3
"03/12/2015 19:05:00","EDT","CAPITL",61757,1583.4
"03/12/2015 19:05:00","EDT","CENTRL",61754,2059.3
"03/12/2015 19:05:00","EDT","DUNWOD",61760,765.2
"03/12/2015 19:05:00","EDT","GENESE",61753,1195.1
"03/12/2015 19:05:00","EDT","HUD VL",61758,1219
"03/12/2015 19:05:00","EDT","LONGIL",61762,2602.9
"03/12/2015 19:05:00","EDT","MHK VL",61756,1102.8
"03/12/2015 19:05:00","EDT","MILLWD",61759,328.7
"03/12/2015 19:05:00","EDT","N.Y.C.",61761,6232.5
"03/12/2015 19:05:00","EDT","NORTH",61755,582.3
"03/12/2015 19:05:00","EDT","WEST",61752,1905.7
"03/12/2015 19:10:00","EDT","CAPITL",61757,1601.3
"03/12/2015 19:10:00","EDT","CENTRL",61754,2068.2
"03/12/2015 19:10:00","EDT","DUNWOD",61760,762.6
"03/12/2015 19:10:00","EDT","GENESE",61753,1208.2
"03/12/2015 19:10:00","EDT","HUD VL",61758,1248.4
"03/12/2015 19:10:00","EDT","LONGIL",61762,2630.2
"03/12/2015 19:10:00","EDT","MHK VL",61756,1116
"03/12/2015 19:10:00","EDT","MILLWD",61759,329.3
"03/12/2015 19:10:00","EDT","N.Y.C.",61761,6251.8
"03/12/2015 19:10:00","EDT","NORTH",61755,574.8
"03/12/2015 19:10:00","EDT","WEST",61752,1915.3
"03/12/2015 19:15:00","EDT","CAPITL",61757,1600.9
"03/12/2015 19:15:00","EDT","CENTRL",61754,2081
"03/12/2015 19:15:00","EDT","DUNWOD",61760,773.1
"03/12/2015 19:15:00","EDT","GENESE",61753,1215
"03/12/2015 19:15:00","EDT","HUD VL",61758,1247.3
"03/12/2015 19:15:00","EDT","LONGIL",61762,2667.8
"03/12/2015 19:15:00","EDT","MHK VL",61756,1139.7
"03/12/2015 19:15:00","EDT","MILLWD",61759,335.4
"03/12/2015 19:15:00","EDT","N.Y.C.",61761,6262.1
"03/12/2015 19:15:00","EDT","NORTH",61755,580.8
"03/12/2015 19:15:00","EDT","WEST",61752,1905.6
"03/12/2015 19:20:00","EDT","CAPITL",61757,1609.3
"03/12/2015 19:20:00","EDT","CENTRL",61754,2094.8
"03/12/2015 19:20:00","EDT","DUNWOD",61760,788.7
"03/12/2015 19:20:00","EDT","GENESE",61753,1225.9
"03/12/2015 19:20:00","EDT","HUD VL",61758,1262.1
"03/12/2015 19:20:00","EDT","LONGIL",61762,2690.8
"03/12/2015 19:20:00","EDT","MHK VL",61756,1132.6
"03/12/2015 19:20:00","EDT","MILLWD",61759,338
"03/12/2015 19:20:00","EDT","N.Y.C.",61761,6292.4
"03/12/2015 19:20:00","EDT","NORTH",61755,590.3
"03/12/2015 19:20:00","EDT","WEST",61752,1928.2
"03/12/2015 19:25:00","EDT","CAPITL",61757,1635.1
"03/12/2015 19:25:00","EDT","CENTRL",61754,2089.9
"03/12/2015 19:25:00","EDT","DUNWOD",61760,798.8
"03/12/2015 19:25:00","EDT","GENESE",61753,1234.9
"03/12/2015 19:25:00","EDT","HUD VL",61758,1285
"03/12/2015 19:25:00","EDT","LONGIL",61762,2705.6
"03/12/2015 19:25:00","EDT","MHK VL",61756,1160.4
"03/12/2015 19:25:00","EDT","MILLWD",61759,344.1
"03/12/2015 19:25:00","EDT","N.Y.C.",61761,6310.2
"03/12/2015 19:25:00","EDT","NORTH",61755,582.8
"03/12/2015 19:25:00","EDT","WEST",61752,1939.3
"03/12/2015 19:30:00","EDT","CAPITL",61757,1646.9
"03/12/2015 19:30:00","EDT","CENTRL",61754,2119.7
"03/12/2015 19:30:00","EDT","DUNWOD",61760,785.7
"03/12/2015 19:30:00","EDT","GENESE",61753,1258.1
"03/12/2015 19:30:00","EDT","HUD VL",61758,1286
"03/12/2015 19:30:00","EDT","LONGIL",61762,2717.3
"03/12/2015 19:30:00","EDT","MHK VL",61756,1166.9
"03/12/2015 19:30:00","EDT","MILLWD",61759,357.6
"03/12/2015 19:30:00","EDT","N.Y.C.",61761,6320.5
"03/12/2015 19:30:00","EDT","NORTH",61755,571.8
"03/12/2015 19:30:00","EDT","WEST",61752,1958.2
"03/12/2015 19:35:00","EDT","CAPITL",61757,1657.9
"03/12/2015 19:35:00","EDT","CENTRL",61754,2150.6
"03/12/2015 19:35:00","EDT","DUNWOD",61760,767.3
"03/12/2015 19:35:00","EDT","GENESE",61753,1271
"03/12/2015 19:35:00","EDT","HUD VL",61758,1278.8
"03/12/2015 19:35:00","EDT","LONGIL",61762,2718.5
"03/12/2015 19:35:00","EDT","MHK VL",61756,1163.3
"03/12/2015 19:35:00","EDT","MILLWD",61759,372.4
"03/12/2015 19:35:00","EDT","N.Y.C.",61761,6310.7
"03/12/2015 19:35:00","EDT","NORTH",61755,574.7
"03/12/2015 19:35:00","EDT","WEST",61752,1963.9
"03/12/2015 19:40:00","EDT","CAPITL",61757,1654.2
"03/12/2015 19:40:00","EDT","CENTRL",61754,2153.2
"03/12/2015 19:40:00","EDT","DUNWOD",61760,776.6
"03/12/2015 19:40:00","EDT","GENESE",61753,1269.8
"03/12/2015 19:40:00","EDT","HUD VL",61758,1315.3
"03/12/2015 19:40:00","EDT","LONGIL",61762,2721.3
"03/12/2015 19:40:00","EDT","MHK VL",61756,1155.2
"03/12/2015 19:40:00","EDT","MILLWD",61759,356.5
"03/12/2015 19:40:00","EDT","N.Y.C.",61761,6330.4
"03/12/2015 19:40:00","EDT","NORTH",61755,577.5
"03/12/2015 19:40:00","EDT","WEST",61752,1970.5
"03/12/2015 19:45:00","EDT","CAPITL",61757,1653.9
"03/12/2015 19:45:00","EDT","CENTRL",61754,2156.3
"03/12/2015 19:45:00","EDT","DUNWOD",61760,776.8
"03/12/2015 19:45:00","EDT","GENESE",61753,1266.6
"03/12/2015 19:45:00","EDT","HUD VL",61758,1315.5
"03/12/2015 19:45:00","EDT","LONGIL",61762,2723.5
"03/12/2015 19:45:00","EDT","MHK VL",61756,1155.4
"03/12/2015 19:45:00","EDT","MILLWD",61759,350.4
"03/12/2015 19:45:00","EDT","N.Y.C.",61761,6359.2
"03/12/2015 19:45:00","EDT","NORTH",61755,591.7
"03/12/2015 19:45:00","EDT","WEST",61752,2003.7
"03/12/2015 19:50:00","EDT","CAPITL",61757,1654
"03/12/2015 19:50:00","EDT","CENTRL",61754,2181.4
"03/12/2015 19:50:00","EDT","DUNWOD",61760,778.1
"03/12/2015 19:50:00","EDT","GENESE",61753,1275.8
"03/12/2015 19:50:00","EDT","HUD VL",61758,1321.6
"03/12/2015 19:50:00","EDT","LONGIL",61762,2730.3
"03/12/2015 19:50:00","EDT","MHK VL",61756,1158
"03/12/2015 19:50:00","EDT","MILLWD",61759,343.6
"03/12/2015 19:50:00","EDT","N.Y.C.",61761,6319.4
"03/12/2015 19:50:00","EDT","NORTH",61755,587.6
"03/12/2015 19:50:00","EDT","WEST",61752,2001
"03/12/2015 19:55:00","EDT","CAPITL",61757,1651.5
"03/12/2015 19:55:00","EDT","CENTRL",61754,2172
"03/12/2015 19:55:00","EDT","DUNWOD",61760,783.3
"03/12/2015 19:55:00","EDT","GENESE",61753,1275
"03/12/2015 19:55:00","EDT","HUD VL",61758,1293.5
"03/12/2015 19:55:00","EDT","LONGIL",61762,2741.8
"03/12/2015 19:55:00","EDT","MHK VL",61756,1143.8
"03/12/2015 19:55:00","EDT","MILLWD",61759,350.1
"03/12/2015 19:55:00","EDT","N.Y.C.",61761,6322.6
"03/12/2015 19:55:00","EDT","NORTH",61755,598.8
"03/12/2015 19:55:00","EDT","WEST",61752,2008.1
"03/12/2015 20:00:00","EDT","CAPITL",61757,1646.7
"03/12/2015 20:00:00","EDT","CENTRL",61754,2160.5
"03/12/2015 20:00:00","EDT","DUNWOD",61760,789.1
"03/12/2015 20:00:00","EDT","GENESE",61753,1282.8
"03/12/2015 20:00:00","EDT","HUD VL",61758,1320.5
"03/12/2015 20:00:00","EDT","LONGIL",61762,2735.7
"03/12/2015 20:00:00","EDT","MHK VL",61756,1152.2
"03/12/2015 20:00:00","EDT","MILLWD",61759,331.2
"03/12/2015 20:00:00","EDT","N.Y.C.",61761,6323.4
"03/12/2015 20:00:00","EDT","NORTH",61755,585.3
"03/12/2015 20:00:00","EDT","WEST",61752,2015
"03/12/2015 20:05:00","EDT","CAPITL",61757,1655.3
"03/12/2015 20:05:00","EDT","CENTRL",61754,2162.5
"03/12/2015 20:05:00","EDT","DUNWOD",61760,784
"03/12/2015 20:05:00","EDT","GENESE",61753,1268.4
"03/12/2015 20:05:00","EDT","HUD VL",61758,1315.5
"03/12/2015 20:05:00","EDT","LONGIL",61762,2739.6
"03/12/2015 20:05:00","EDT","MHK VL",61756,1140.9
"03/12/2015 20:05:00","EDT","MILLWD",61759,353.5
"03/12/2015 20:05:00","EDT","N.Y.C.",61761,6273
"03/12/2015 20:05:00","EDT","NORTH",61755,586.6
"03/12/2015 20:05:00","EDT","WEST",61752,2006.6
"03/12/2015 20:10:00","EDT","CAPITL",61757,1642.8
"03/12/2015 20:10:00","EDT","CENTRL",61754,2148
"03/12/2015 20:10:00","EDT","DUNWOD",61760,781.9
"03/12/2015 20:10:00","EDT","GENESE",61753,1274.2
"03/12/2015 20:10:00","EDT","HUD VL",61758,1287.7
"03/12/2015 20:10:00","EDT","LONGIL",61762,2720.1
"03/12/2015 20:10:00","EDT","MHK VL",61756,1140.3
"03/12/2015 20:10:00","EDT","MILLWD",61759,370.7
"03/12/2015 20:10:00","EDT","N.Y.C.",61761,6253.6
"03/12/2015 20:10:00","EDT","NORTH",61755,592.2
"03/12/2015 20:10:00","EDT","WEST",61752,1978.3
"03/12/2015 20:15:00","EDT","CAPITL",61757,1644.8
"03/12/2015 20:15:00","EDT","CENTRL",61754,2157.4
"03/12/2015 20:15:00","EDT","DUNWOD",61760,784.4
"03/12/2015 20:15:00","EDT","GENESE",61753,1269.7
"03/12/2015 20:15:00","EDT","HUD VL",61758,1303.4
"03/12/2015 20:15:00","EDT","LONGIL",61762,2711.2
"03/12/2015 20:15:00","EDT","MHK VL",61756,1127.8
"03/12/2015 20:15:00","EDT","MILLWD",61759,348.5
"03/12/2015 20:15:00","EDT","N.Y.C.",61761,6293
"03/12/2015 20:15:00","EDT","NORTH",61755,603.2
"03/12/2015 20:15:00","EDT","WEST",61752,2018.8
"03/12/2015 20:20:00","EDT","CAPITL",61757,1643
"03/12/2015 20:20:00","EDT","CENTRL",61754,2151.4
"03/12/2015 20:20:00","EDT","DUNWOD",61760,776.5
"03/12/2015 20:20:00","EDT","GENESE",61753,1275.2
"03/12/2015 20:20:00","EDT","HUD VL",61758,1312.1
"03/12/2015 20:20:00","EDT","LONGIL",61762,2721.1
"03/12/2015 20:20:00","EDT","MHK VL",61756,1134.1
"03/12/2015 20:20:00","EDT","MILLWD",61759,353.5
"03/12/2015 20:20:00","EDT","N.Y.C.",61761,6245.4
"03/12/2015 20:20:00","EDT","NORTH",61755,593
"03/12/2015 20:20:00","EDT","WEST",61752,1990.4
"03/12/2015 20:25:00","EDT","CAPITL",61757,1631.1
"03/12/2015 20:25:00","EDT","CENTRL",61754,2145.6
"03/12/2015 20:25:00","EDT","DUNWOD",61760,791.7
"03/12/2015 20:25:00","EDT","GENESE",61753,1274
"03/12/2015 20:25:00","EDT","HUD VL",61758,1296
"03/12/2015 20:25:00","EDT","LONGIL",61762,2732.9
"03/12/2015 20:25:00","EDT","MHK VL",61756,1126.9
"03/12/2015 20:25:00","EDT","MILLWD",61759,349.5
"03/12/2015 20:25:00","EDT","N.Y.C.",61761,6244.7
"03/12/2015 20:25:00","EDT","NORTH",61755,591.5
"03/12/2015 20:25:00","EDT","WEST",61752,1997.5
"03/12/2015 20:30:00","EDT","CAPITL",61757,1625.9
"03/12/2015 20:30:00","EDT","CENTRL",61754,2146.2
"03/12/2015 20:30:00","EDT","DUNWOD",61760,767.6
"03/12/2015 20:30:00","EDT","GENESE",61753,1270.5
"03/12/2015 20:30:00","EDT","HUD VL",61758,1280.8
"03/12/2015 20:30:00","EDT","LONGIL",61762,2703.3
"03/12/2015 20:30:00","EDT","MHK VL",61756,1132.5
"03/12/2015 20:30:00","EDT","MILLWD",61759,360.8
"03/12/2015 20:30:00","EDT","N.Y.C.",61761,6231
"03/12/2015 20:30:00","EDT","NORTH",61755,594
"03/12/2015 20:30:00","EDT","WEST",61752,1982.8
"03/12/2015 20:35:00","EDT","CAPITL",61757,1623.2
"03/12/2015 20:35:00","EDT","CENTRL",61754,2135
"03/12/2015 20:35:00","EDT","DUNWOD",61760,777.7
"03/12/2015 20:35:00","EDT","GENESE",61753,1264.1
"03/12/2015 20:35:00","EDT","HUD VL",61758,1295.7
"03/12/2015 20:35:00","EDT","LONGIL",61762,2700.2
"03/12/2015 20:35:00","EDT","MHK VL",61756,1133.2
"03/12/2015 20:35:00","EDT","MILLWD",61759,344.7
"03/12/2015 20:35:00","EDT","N.Y.C.",61761,6232.4
"03/12/2015 20:35:00","EDT","NORTH",61755,588.5
"03/12/2015 20:35:00","EDT","WEST",61752,1982.2
"03/12/2015 20:40:00","EDT","CAPITL",61757,1626.7
"03/12/2015 20:40:00","EDT","CENTRL",61754,2136.8
"03/12/2015 20:40:00","EDT","DUNWOD",61760,764
"03/12/2015 20:40:00","EDT","GENESE",61753,1266.3
"03/12/2015 20:40:00","EDT","HUD VL",61758,1277.8
"03/12/2015 20:40:00","EDT","LONGIL",61762,2699.1
"03/12/2015 20:40:00","EDT","MHK VL",61756,1118.6
"03/12/2015 20:40:00","EDT","MILLWD",61759,346
"03/12/2015 20:40:00","EDT","N.Y.C.",61761,6226.3
"03/12/2015 20:40:00","EDT","NORTH",61755,585.4
"03/12/2015 20:40:00","EDT","WEST",61752,1992.1
"03/12/2015 20:45:00","EDT","CAPITL",61757,1611.6
"03/12/2015 20:45:00","EDT","CENTRL",61754,2139
"03/12/2015 20:45:00","EDT","DUNWOD",61760,767
"03/12/2015 20:45:00","EDT","GENESE",61753,1264.3
"03/12/2015 20:45:00","EDT","HUD VL",61758,1299.8
"03/12/2015 20:45:00","EDT","LONGIL",61762,2681.8
"03/12/2015 20:45:00","EDT","MHK VL",61756,1123
"03/12/2015 20:45:00","EDT","MILLWD",61759,329.5
"03/12/2015 20:45:00","EDT","N.Y.C.",61761,6235.3
"03/12/2015 20:45:00","EDT","NORTH",61755,591.6
"03/12/2015 20:45:00","EDT","WEST",61752,1992.5
"03/12/2015 20:50:00","EDT","CAPITL",61757,1614.1
"03/12/2015 20:50:00","EDT","CENTRL",61754,2126.8
"03/12/2015 20:50:00","EDT","DUNWOD",61760,769.6
"03/12/2015 20:50:00","EDT","GENESE",61753,1258.3
"03/12/2015 20:50:00","EDT","HUD VL",61758,1290.2
"03/12/2015 20:50:00","EDT","LONGIL",61762,2693
"03/12/2015 20:50:00","EDT","MHK VL",61756,1124.3
"03/12/2015 20:50:00","EDT","MILLWD",61759,342.8
"03/12/2015 20:50:00","EDT","N.Y.C.",61761,6174.6
"03/12/2015 20:50:00","EDT","NORTH",61755,598.8
"03/12/2015 20:50:00","EDT","WEST",61752,2004.9
"03/12/2015 20:55:00","EDT","CAPITL",61757,1608.7
"03/12/2015 20:55:00","EDT","CENTRL",61754,2118.5
"03/12/2015 20:55:00","EDT","DUNWOD",61760,760.1
"03/12/2015 20:55:00","EDT","GENESE",61753,1256.1
"03/12/2015 20:55:00","EDT","HUD VL",61758,1264.3
"03/12/2015 20:55:00","EDT","LONGIL",61762,2677.6
"03/12/2015 20:55:00","EDT","MHK VL",61756,1127.2
"03/12/2015 20:55:00","EDT","MILLWD",61759,355.9
"03/12/2015 20:55:00","EDT","N.Y.C.",61761,6201.3
"03/12/2015 20:55:00","EDT","NORTH",61755,582.8
"03/12/2015 20:55:00","EDT","WEST",61752,1989
"03/12/2015 21:00:00","EDT","CAPITL",61757,1607.2
"03/12/2015 21:00:00","EDT","CENTRL",61754,2114.2
"03/12/2015 21:00:00","EDT","DUNWOD",61760,748
"03/12/2015 21:00:00","EDT","GENESE",61753,1241.8
"03/12/2015 21:00:00","EDT","HUD VL",61758,1253.5
"03/12/2015 21:00:00","EDT","LONGIL",61762,2678.3
"03/12/2015 21:00:00","EDT","MHK VL",61756,1124.2
"03/12/2015 21:00:00","EDT","MILLWD",61759,361.9
"03/12/2015 21:00:00","EDT","N.Y.C.",61761,6140.1
"03/12/2015 21:00:00","EDT","NORTH",61755,579.5
"03/12/2015 21:00:00","EDT","WEST",61752,1978.9
"03/12/2015 21:05:00","EDT","CAPITL",61757,1586.9
"03/12/2015 21:05:00","EDT","CENTRL",61754,2118.8
"03/12/2015 21:05:00","EDT","DUNWOD",61760,755.8
"03/12/2015 21:05:00","EDT","GENESE",61753,1239.3
"03/12/2015 21:05:00","EDT","HUD VL",61758,1264.6
"03/12/2015 21:05:00","EDT","LONGIL",61762,2655.3
"03/12/2015 21:05:00","EDT","MHK VL",61756,1113.1
"03/12/2015 21:05:00","EDT","MILLWD",61759,351.2
"03/12/2015 21:05:00","EDT","N.Y.C.",61761,6130
"03/12/2015 21:05:00","EDT","NORTH",61755,574.6
"03/12/2015 21:05:00","EDT","WEST",61752,1991.6
"03/12/2015 21:10:00","EDT","CAPITL",61757,1590.9
"03/12/2015 21:10:00","EDT","CENTRL",61754,2103.3
"03/12/2015 21:10:00","EDT","DUNWOD",61760,753.7
"03/12/2015 21:10:00","EDT","GENESE",61753,1224.9
"03/12/2015 21:10:00","EDT","HUD VL",61758,1270.9
"03/12/2015 21:10:00","EDT","LONGIL",61762,2653.1
"03/12/2015 21:10:00","EDT","MHK VL",61756,1112
"03/12/2015 21:10:00","EDT","MILLWD",61759,344.6
"03/12/2015 21:10:00","EDT","N.Y.C.",61761,6103.1
"03/12/2015 21:10:00","EDT","NORTH",61755,573.3
"03/12/2015 21:10:00","EDT","WEST",61752,1964.1
"03/12/2015 21:15:00","EDT","CAPITL",61757,1573.2
"03/12/2015 21:15:00","EDT","CENTRL",61754,2108.6
"03/12/2015 21:15:00","EDT","DUNWOD",61760,733.2
"03/12/2015 21:15:00","EDT","GENESE",61753,1226.6
"03/12/2015 21:15:00","EDT","HUD VL",61758,1252
"03/12/2015 21:15:00","EDT","LONGIL",61762,2645.4
"03/12/2015 21:15:00","EDT","MHK VL",61756,1096.7
"03/12/2015 21:15:00","EDT","MILLWD",61759,350.7
"03/12/2015 21:15:00","EDT","N.Y.C.",61761,6105.8
"03/12/2015 21:15:00","EDT","NORTH",61755,578.6
"03/12/2015 21:15:00","EDT","WEST",61752,1975.9
"03/12/2015 21:20:00","EDT","CAPITL",61757,1574.6
"03/12/2015 21:20:00","EDT","CENTRL",61754,2090
"03/12/2015 21:20:00","EDT","DUNWOD",61760,752.3
"03/12/2015 21:20:00","EDT","GENESE",61753,1230.3
"03/12/2015 21:20:00","EDT","HUD VL",61758,1267.6
"03/12/2015 21:20:00","EDT","LONGIL",61762,2623.8
"03/12/2015 21:20:00","EDT","MHK VL",61756,1090.9
"03/12/2015 21:20:00","EDT","MILLWD",61759,325.2
"03/12/2015 21:20:00","EDT","N.Y.C.",61761,6091
"03/12/2015 21:20:00","EDT","NORTH",61755,576.7
"03/12/2015 21:20:00","EDT","WEST",61752,1960.9
"03/12/2015 21:25:00","EDT","CAPITL",61757,1566.3
"03/12/2015 21:25:00","EDT","CENTRL",61754,2076.7
"03/12/2015 21:25:00","EDT","DUNWOD",61760,721.7
"03/12/2015 21:25:00","EDT","GENESE",61753,1218.8
"03/12/2015 21:25:00","EDT","HUD VL",61758,1236.5
"03/12/2015 21:25:00","EDT","LONGIL",61762,2628.1
"03/12/2015 21:25:00","EDT","MHK VL",61756,1090.9
"03/12/2015 21:25:00","EDT","MILLWD",61759,351.7
"03/12/2015 21:25:00","EDT","N.Y.C.",61761,6040.9
"03/12/2015 21:25:00","EDT","NORTH",61755,574.5
"03/12/2015 21:25:00","EDT","WEST",61752,1965.8
"03/12/2015 21:30:00","EDT","CAPITL",61757,1555.7
"03/12/2015 21:30:00","EDT","CENTRL",61754,2086.1
"03/12/2015 21:30:00","EDT","DUNWOD",61760,749.3
"03/12/2015 21:30:00","EDT","GENESE",61753,1220.4
"03/12/2015 21:30:00","EDT","HUD VL",61758,1243.6
"03/12/2015 21:30:00","EDT","LONGIL",61762,2611.1
"03/12/2015 21:30:00","EDT","MHK VL",61756,1098.9
"03/12/2015 21:30:00","EDT","MILLWD",61759,332.4
"03/12/2015 21:30:00","EDT","N.Y.C.",61761,6019.5
"03/12/2015 21:30:00","EDT","NORTH",61755,575.3
"03/12/2015 21:30:00","EDT","WEST",61752,1982.5
"03/12/2015 21:35:00","EDT","CAPITL",61757,1551
"03/12/2015 21:35:00","EDT","CENTRL",61754,2112.3
"03/12/2015 21:35:00","EDT","DUNWOD",61760,738
"03/12/2015 21:35:00","EDT","GENESE",61753,1207.6
"03/12/2015 21:35:00","EDT","HUD VL",61758,1223.7
"03/12/2015 21:35:00","EDT","LONGIL",61762,2580.2
"03/12/2015 21:35:00","EDT","MHK VL",61756,1092
"03/12/2015 21:35:00","EDT","MILLWD",61759,338.2
"03/12/2015 21:35:00","EDT","N.Y.C.",61761,6036.4
"03/12/2015 21:35:00","EDT","NORTH",61755,581.6
"03/12/2015 21:35:00","EDT","WEST",61752,1978.5
"03/12/2015 21:40:00","EDT","CAPITL",61757,1534.6
"03/12/2015 21:40:00","EDT","CENTRL",61754,2087.6
"03/12/2015 21:40:00","EDT","DUNWOD",61760,726
"03/12/2015 21:40:00","EDT","GENESE",61753,1200.4
"03/12/2015 21:40:00","EDT","HUD VL",61758,1198.2
"03/12/2015 21:40:00","EDT","LONGIL",61762,2587.7
"03/12/2015 21:40:00","EDT","MHK VL",61756,1098.2
"03/12/2015 21:40:00","EDT","MILLWD",61759,348.6
"03/12/2015 21:40:00","EDT","N.Y.C.",61761,5988.4
"03/12/2015 21:40:00","EDT","NORTH",61755,561.2
"03/12/2015 21:40:00","EDT","WEST",61752,1942.5
"03/12/2015 21:45:00","EDT","CAPITL",61757,1528
"03/12/2015 21:45:00","EDT","CENTRL",61754,2094.5
"03/12/2015 21:45:00","EDT","DUNWOD",61760,734.2
"03/12/2015 21:45:00","EDT","GENESE",61753,1201.5
"03/12/2015 21:45:00","EDT","HUD VL",61758,1236.7
"03/12/2015 21:45:00","EDT","LONGIL",61762,2560.9
"03/12/2015 21:45:00","EDT","MHK VL",61756,1075.6
"03/12/2015 21:45:00","EDT","MILLWD",61759,325.4
"03/12/2015 21:45:00","EDT","N.Y.C.",61761,5961.5
"03/12/2015 21:45:00","EDT","NORTH",61755,565.6
"03/12/2015 21:45:00","EDT","WEST",61752,1944.5
"03/12/2015 21:50:00","EDT","CAPITL",61757,1498.9
"03/12/2015 21:50:00","EDT","CENTRL",61754,2041
"03/12/2015 21:50:00","EDT","DUNWOD",61760,747.6
"03/12/2015 21:50:00","EDT","GENESE",61753,1200
"03/12/2015 21:50:00","EDT","HUD VL",61758,1266.4
"03/12/2015 21:50:00","EDT","LONGIL",61762,2549.4
"03/12/2015 21:50:00","EDT","MHK VL",61756,1044.3
"03/12/2015 21:50:00","EDT","MILLWD",61759,324.5
"03/12/2015 21:50:00","EDT","N.Y.C.",61761,5924.6
"03/12/2015 21:50:00","EDT","NORTH",61755,569.5
"03/12/2015 21:50:00","EDT","WEST",61752,1909.1
"03/12/2015 21:55:00","EDT","CAPITL",61757,1522
"03/12/2015 21:55:00","EDT","CENTRL",61754,2013.6
"03/12/2015 21:55:00","EDT","DUNWOD",61760,711.4
"03/12/2015 21:55:00","EDT","GENESE",61753,1182.2
"03/12/2015 21:55:00","EDT","HUD VL",61758,1187.3
"03/12/2015 21:55:00","EDT","LONGIL",61762,2524.3
"03/12/2015 21:55:00","EDT","MHK VL",61756,1063
"03/12/2015 21:55:00","EDT","MILLWD",61759,319.3
"03/12/2015 21:55:00","EDT","N.Y.C.",61761,5898.7
"03/12/2015 21:55:00","EDT","NORTH",61755,563.8
"03/12/2015 21:55:00","EDT","WEST",61752,1924.1
"03/12/2015 22:00:00","EDT","CAPITL",61757,1508.9
"03/12/2015 22:00:00","EDT","CENTRL",61754,2008.3
"03/12/2015 22:00:00","EDT","DUNWOD",61760,711.7
"03/12/2015 22:00:00","EDT","GENESE",61753,1195.8
"03/12/2015 22:00:00","EDT","HUD VL",61758,1176.6
"03/12/2015 22:00:00","EDT","LONGIL",61762,2505.2
"03/12/2015 22:00:00","EDT","MHK VL",61756,1054.3
"03/12/2015 22:00:00","EDT","MILLWD",61759,330.9
"03/12/2015 22:00:00","EDT","N.Y.C.",61761,5891.2
"03/12/2015 22:00:00","EDT","NORTH",61755,571.1
"03/12/2015 22:00:00","EDT","WEST",61752,1911.5
"03/12/2015 22:05:00","EDT","CAPITL",61757,1491.6
"03/12/2015 22:05:00","EDT","CENTRL",61754,2006.5
"03/12/2015 22:05:00","EDT","DUNWOD",61760,703.7
"03/12/2015 22:05:00","EDT","GENESE",61753,1173.6
"03/12/2015 22:05:00","EDT","HUD VL",61758,1168
"03/12/2015 22:05:00","EDT","LONGIL",61762,2507.9
"03/12/2015 22:05:00","EDT","MHK VL",61756,1046.7
"03/12/2015 22:05:00","EDT","MILLWD",61759,309.9
"03/12/2015 22:05:00","EDT","N.Y.C.",61761,5869.5
"03/12/2015 22:05:00","EDT","NORTH",61755,565
"03/12/2015 22:05:00","EDT","WEST",61752,1910.9
"03/12/2015 22:10:00","EDT","CAPITL",61757,1471.5
"03/12/2015 22:10:00","EDT","CENTRL",61754,2018.9
"03/12/2015 22:10:00","EDT","DUNWOD",61760,714.1
"03/12/2015 22:10:00","EDT","GENESE",61753,1156.6
"03/12/2015 22:10:00","EDT","HUD VL",61758,1212.5
"03/12/2015 22:10:00","EDT","LONGIL",61762,2475
"03/12/2015 22:10:00","EDT","MHK VL",61756,1040.9
"03/12/2015 22:10:00","EDT","MILLWD",61759,284
"03/12/2015 22:10:00","EDT","N.Y.C.",61761,5848.3
"03/12/2015 22:10:00","EDT","NORTH",61755,563
"03/12/2015 22:10:00","EDT","WEST",61752,1876.8
"03/12/2015 22:15:00","EDT","CAPITL",61757,1477.8
"03/12/2015 22:15:00","EDT","CENTRL",61754,2008.7
"03/12/2015 22:15:00","EDT","DUNWOD",61760,701.6
"03/12/2015 22:15:00","EDT","GENESE",61753,1146.2
"03/12/2015 22:15:00","EDT","HUD VL",61758,1151.2
"03/12/2015 22:15:00","EDT","LONGIL",61762,2452.7
"03/12/2015 22:15:00","EDT","MHK VL",61756,1042
"03/12/2015 22:15:00","EDT","MILLWD",61759,313.6
"03/12/2015 22:15:00","EDT","N.Y.C.",61761,5805.6
"03/12/2015 22:15:00","EDT","NORTH",61755,558
"03/12/2015 22:15:00","EDT","WEST",61752,1865.4
"03/12/2015 22:20:00","EDT","CAPITL",61757,1459
"03/12/2015 22:20:00","EDT","CENTRL",61754,2000.6
"03/12/2015 22:20:00","EDT","DUNWOD",61760,725.4
"03/12/2015 22:20:00","EDT","GENESE",61753,1137.6
"03/12/2015 22:20:00","EDT","HUD VL",61758,1158.7
"03/12/2015 22:20:00","EDT","LONGIL",61762,2441.8
"03/12/2015 22:20:00","EDT","MHK VL",61756,1026.9
"03/12/2015 22:20:00","EDT","MILLWD",61759,296.7
"03/12/2015 22:20:00","EDT","N.Y.C.",61761,5774.2
"03/12/2015 22:20:00","EDT","NORTH",61755,559.5
"03/12/2015 22:20:00","EDT","WEST",61752,1846.6
"03/12/2015 22:25:00","EDT","CAPITL",61757,1448.7
"03/12/2015 22:25:00","EDT","CENTRL",61754,2005.6
"03/12/2015 22:25:00","EDT","DUNWOD",61760,684.4
"03/12/2015 22:25:00","EDT","GENESE",61753,1135.2
"03/12/2015 22:25:00","EDT","HUD VL",61758,1136.8
"03/12/2015 22:25:00","EDT","LONGIL",61762,2420.8
"03/12/2015 22:25:00","EDT","MHK VL",61756,1015.2
"03/12/2015 22:25:00","EDT","MILLWD",61759,310.6
"03/12/2015 22:25:00","EDT","N.Y.C.",61761,5713.4
"03/12/2015 22:25:00","EDT","NORTH",61755,554.8
"03/12/2015 22:25:00","EDT","WEST",61752,1809.3
"03/12/2015 22:30:00","EDT","CAPITL",61757,1445.3
"03/12/2015 22:30:00","EDT","CENTRL",61754,1992.8
"03/12/2015 22:30:00","EDT","DUNWOD",61760,679.6
"03/12/2015 22:30:00","EDT","GENESE",61753,1126.3
"03/12/2015 22:30:00","EDT","HUD VL",61758,1158.6
"03/12/2015 22:30:00","EDT","LONGIL",61762,2398.6
"03/12/2015 22:30:00","EDT","MHK VL",61756,1013
"03/12/2015 22:30:00","EDT","MILLWD",61759,286.2
"03/12/2015 22:30:00","EDT","N.Y.C.",61761,5673.8
"03/12/2015 22:30:00","EDT","NORTH",61755,550.9
"03/12/2015 22:30:00","EDT","WEST",61752,1824.8
"03/12/2015 22:35:00","EDT","CAPITL",61757,1427.8
"03/12/2015 22:35:00","EDT","CENTRL",61754,1946.4
"03/12/2015 22:35:00","EDT","DUNWOD",61760,689.6
"03/12/2015 22:35:00","EDT","GENESE",61753,1115.2
"03/12/2015 22:35:00","EDT","HUD VL",61758,1128.1
"03/12/2015 22:35:00","EDT","LONGIL",61762,2396.7
"03/12/2015 22:35:00","EDT","MHK VL",61756,1004.7
"03/12/2015 22:35:00","EDT","MILLWD",61759,307.5
"03/12/2015 22:35:00","EDT","N.Y.C.",61761,5633
"03/12/2015 22:35:00","EDT","NORTH",61755,560.2
"03/12/2015 22:35:00","EDT","WEST",61752,1828.3
"03/12/2015 22:40:00","EDT","CAPITL",61757,1425.6
"03/12/2015 22:40:00","EDT","CENTRL",61754,1903.7
"03/12/2015 22:40:00","EDT","DUNWOD",61760,665.5
"03/12/2015 22:40:00","EDT","GENESE",61753,1111
"03/12/2015 22:40:00","EDT","HUD VL",61758,1112.3
"03/12/2015 22:40:00","EDT","LONGIL",61762,2354.5
"03/12/2015 22:40:00","EDT","MHK VL",61756,1005.6
"03/12/2015 22:40:00","EDT","MILLWD",61759,309.1
"03/12/2015 22:40:00","EDT","N.Y.C.",61761,5584.2
"03/12/2015 22:40:00","EDT","NORTH",61755,548.8
"03/12/2015 22:40:00","EDT","WEST",61752,1807.2
"03/12/2015 22:45:00","EDT","CAPITL",61757,1406.7
"03/12/2015 22:45:00","EDT","CENTRL",61754,1909.7
"03/12/2015 22:45:00","EDT","DUNWOD",61760,664.1
"03/12/2015 22:45:00","EDT","GENESE",61753,1104.7
"03/12/2015 22:45:00","EDT","HUD VL",61758,1118.2
"03/12/2015 22:45:00","EDT","LONGIL",61762,2338.3
"03/12/2015 22:45:00","EDT","MHK VL",61756,980.7
"03/12/2015 22:45:00","EDT","MILLWD",61759,293.2
"03/12/2015 22:45:00","EDT","N.Y.C.",61761,5581.9
"03/12/2015 22:45:00","EDT","NORTH",61755,558.1
"03/12/2015 22:45:00","EDT","WEST",61752,1801.2
"03/12/2015 22:50:00","EDT","CAPITL",61757,1414.7
"03/12/2015 22:50:00","EDT","CENTRL",61754,1892.8
"03/12/2015 22:50:00","EDT","DUNWOD",61760,670.2
"03/12/2015 22:50:00","EDT","GENESE",61753,1096.2
"03/12/2015 22:50:00","EDT","HUD VL",61758,1097
"03/12/2015 22:50:00","EDT","LONGIL",61762,2313.3
"03/12/2015 22:50:00","EDT","MHK VL",61756,986.7
"03/12/2015 22:50:00","EDT","MILLWD",61759,285.1
"03/12/2015 22:50:00","EDT","N.Y.C.",61761,5548
"03/12/2015 22:50:00","EDT","NORTH",61755,558.3
"03/12/2015 22:50:00","EDT","WEST",61752,1784.7
"03/12/2015 22:55:00","EDT","CAPITL",61757,1401.8
"03/12/2015 22:55:00","EDT","CENTRL",61754,1885.4
"03/12/2015 22:55:00","EDT","DUNWOD",61760,657.6
"03/12/2015 22:55:00","EDT","GENESE",61753,1088.2
"03/12/2015 22:55:00","EDT","HUD VL",61758,1080.9
"03/12/2015 22:55:00","EDT","LONGIL",61762,2319.9
"03/12/2015 22:55:00","EDT","MHK VL",61756,981.3
"03/12/2015 22:55:00","EDT","MILLWD",61759,289.9
"03/12/2015 22:55:00","EDT","N.Y.C.",61761,5532.4
"03/12/2015 22:55:00","EDT","NORTH",61755,556.6
"03/12/2015 22:55:00","EDT","WEST",61752,1785.5
"03/12/2015 23:00:00","EDT","CAPITL",61757,1372.5
"03/12/2015 23:00:00","EDT","CENTRL",61754,1884.8
"03/12/2015 23:00:00","EDT","DUNWOD",61760,655
"03/12/2015 23:00:00","EDT","GENESE",61753,1085
"03/12/2015 23:00:00","EDT","HUD VL",61758,1112.2
"03/12/2015 23:00:00","EDT","LONGIL",61762,2299.9
"03/12/2015 23:00:00","EDT","MHK VL",61756,980.8
"03/12/2015 23:00:00","EDT","MILLWD",61759,269.8
"03/12/2015 23:00:00","EDT","N.Y.C.",61761,5512.6
"03/12/2015 23:00:00","EDT","NORTH",61755,541.9
"03/12/2015 23:00:00","EDT","WEST",61752,1769.7
"03/12/2015 23:05:00","EDT","CAPITL",61757,1379.2
"03/12/2015 23:05:00","EDT","CENTRL",61754,1870.5
"03/12/2015 23:05:00","EDT","DUNWOD",61760,651.2
"03/12/2015 23:05:00","EDT","GENESE",61753,1079.7
"03/12/2015 23:05:00","EDT","HUD VL",61758,1088.6
"03/12/2015 23:05:00","EDT","LONGIL",61762,2260.3
"03/12/2015 23:05:00","EDT","MHK VL",61756,962.7
"03/12/2015 23:05:00","EDT","MILLWD",61759,271.8
"03/12/2015 23:05:00","EDT","N.Y.C.",61761,5438
"03/12/2015 23:05:00","EDT","NORTH",61755,563.6
"03/12/2015 23:05:00","EDT","WEST",61752,1780.2
"03/12/2015 23:10:00","EDT","CAPITL",61757,1371.8
"03/12/2015 23:10:00","EDT","CENTRL",61754,1862
"03/12/2015 23:10:00","EDT","DUNWOD",61760,646.3
"03/12/2015 23:10:00","EDT","GENESE",61753,1069.6
"03/12/2015 23:10:00","EDT","HUD VL",61758,1072.7
"03/12/2015 23:10:00","EDT","LONGIL",61762,2249.1
"03/12/2015 23:10:00","EDT","MHK VL",61756,968.7
"03/12/2015 23:10:00","EDT","MILLWD",61759,283.9
"03/12/2015 23:10:00","EDT","N.Y.C.",61761,5406.4
"03/12/2015 23:10:00","EDT","NORTH",61755,540.9
"03/12/2015 23:10:00","EDT","WEST",61752,1753.2
"03/12/2015 23:15:00","EDT","CAPITL",61757,1364.9
"03/12/2015 23:15:00","EDT","CENTRL",61754,1851.5
"03/12/2015 23:15:00","EDT","DUNWOD",61760,643.9
"03/12/2015 23:15:00","EDT","GENESE",61753,1058.8
"03/12/2015 23:15:00","EDT","HUD VL",61758,1083.1
"03/12/2015 23:15:00","EDT","LONGIL",61762,2211.7
"03/12/2015 23:15:00","EDT","MHK VL",61756,964.4
"03/12/2015 23:15:00","EDT","MILLWD",61759,268.7
"03/12/2015 23:15:00","EDT","N.Y.C.",61761,5365.6
"03/12/2015 23:15:00","EDT","NORTH",61755,539.7
"03/12/2015 23:15:00","EDT","WEST",61752,1738.8
"03/12/2015 23:20:00","EDT","CAPITL",61757,1358.2
"03/12/2015 23:20:00","EDT","CENTRL",61754,1841.7
"03/12/2015 23:20:00","EDT","DUNWOD",61760,640.4
"03/12/2015 23:20:00","EDT","GENESE",61753,1054.6
"03/12/2015 23:20:00","EDT","HUD VL",61758,1049.1
"03/12/2015 23:20:00","EDT","LONGIL",61762,2193.7
"03/12/2015 23:20:00","EDT","MHK VL",61756,958.4
"03/12/2015 23:20:00","EDT","MILLWD",61759,271.3
"03/12/2015 23:20:00","EDT","N.Y.C.",61761,5365.1
"03/12/2015 23:20:00","EDT","NORTH",61755,537.8
"03/12/2015 23:20:00","EDT","WEST",61752,1736
"03/12/2015 23:25:00","EDT","CAPITL",61757,1355.1
"03/12/2015 23:25:00","EDT","CENTRL",61754,1816.6
"03/12/2015 23:25:00","EDT","DUNWOD",61760,640.1
"03/12/2015 23:25:00","EDT","GENESE",61753,1047.9
"03/12/2015 23:25:00","EDT","HUD VL",61758,1040.5
"03/12/2015 23:25:00","EDT","LONGIL",61762,2193.5
"03/12/2015 23:25:00","EDT","MHK VL",61756,958.2
"03/12/2015 23:25:00","EDT","MILLWD",61759,280.1
"03/12/2015 23:25:00","EDT","N.Y.C.",61761,5324.8
"03/12/2015 23:25:00","EDT","NORTH",61755,547.7
"03/12/2015 23:25:00","EDT","WEST",61752,1721.4
"03/12/2015 23:30:00","EDT","CAPITL",61757,1344.4
"03/12/2015 23:30:00","EDT","CENTRL",61754,1828.8
"03/12/2015 23:30:00","EDT","DUNWOD",61760,627.8
"03/12/2015 23:30:00","EDT","GENESE",61753,1049.6
"03/12/2015 23:30:00","EDT","HUD VL",61758,1064.6
"03/12/2015 23:30:00","EDT","LONGIL",61762,2188.9
"03/12/2015 23:30:00","EDT","MHK VL",61756,945.2
"03/12/2015 23:30:00","EDT","MILLWD",61759,268.4
"03/12/2015 23:30:00","EDT","N.Y.C.",61761,5273.4
"03/12/2015 23:30:00","EDT","NORTH",61755,548
"03/12/2015 23:30:00","EDT","WEST",61752,1720.3
"03/12/2015 23:35:00","EDT","CAPITL",61757,1338
"03/12/2015 23:35:00","EDT","CENTRL",61754,1846.8
"03/12/2015 23:35:00","EDT","DUNWOD",61760,636.7
"03/12/2015 23:35:00","EDT","GENESE",61753,1036.3
"03/12/2015 23:35:00","EDT","HUD VL",61758,1041.4
"03/12/2015 23:35:00","EDT","LONGIL",61762,2159.6
"03/12/2015 23:35:00","EDT","MHK VL",61756,933.1
"03/12/2015 23:35:00","EDT","MILLWD",61759,257.4
"03/12/2015 23:35:00","EDT","N.Y.C.",61761,5266.9
"03/12/2015 23:35:00","EDT","NORTH",61755,542
"03/12/2015 23:35:00","EDT","WEST",61752,1723.2
"03/12/2015 23:40:00","EDT","CAPITL",61757,1327.8
"03/12/2015 23:40:00","EDT","CENTRL",61754,1838.5
"03/12/2015 23:40:00","EDT","DUNWOD",61760,614.6
"03/12/2015 23:40:00","EDT","GENESE",61753,1026.9
"03/12/2015 23:40:00","EDT","HUD VL",61758,1019.1
"03/12/2015 23:40:00","EDT","LONGIL",61762,2136.9
"03/12/2015 23:40:00","EDT","MHK VL",61756,939.4
"03/12/2015 23:40:00","EDT","MILLWD",61759,276.3
"03/12/2015 23:40:00","EDT","N.Y.C.",61761,5239.4
"03/12/2015 23:40:00","EDT","NORTH",61755,545.7
"03/12/2015 23:40:00","EDT","WEST",61752,1711.6
"03/12/2015 23:45:00","EDT","CAPITL",61757,1309
"03/12/2015 23:45:00","EDT","CENTRL",61754,1776.9
"03/12/2015 23:45:00","EDT","DUNWOD",61760,605.6
"03/12/2015 23:45:00","EDT","GENESE",61753,1022.3
"03/12/2015 23:45:00","EDT","HUD VL",61758,1002.9
"03/12/2015 23:45:00","EDT","LONGIL",61762,2112.1
"03/12/2015 23:45:00","EDT","MHK VL",61756,940.4
"03/12/2015 23:45:00","EDT","MILLWD",61759,280.1
"03/12/2015 23:45:00","EDT","N.Y.C.",61761,5163.4
"03/12/2015 23:45:00","EDT","NORTH",61755,536.7
"03/12/2015 23:45:00","EDT","WEST",61752,1709.7
"03/12/2015 23:50:00","EDT","CAPITL",61757,1305.4
"03/12/2015 23:50:00","EDT","CENTRL",61754,1785.2
"03/12/2015 23:50:00","EDT","DUNWOD",61760,599.5
"03/12/2015 23:50:00","EDT","GENESE",61753,1022.2
"03/12/2015 23:50:00","EDT","HUD VL",61758,1002.7
"03/12/2015 23:50:00","EDT","LONGIL",61762,2101.7
"03/12/2015 23:50:00","EDT","MHK VL",61756,927.5
"03/12/2015 23:50:00","EDT","MILLWD",61759,275.1
"03/12/2015 23:50:00","EDT","N.Y.C.",61761,5126.9
"03/12/2015 23:50:00","EDT","NORTH",61755,542.8
"03/12/2015 23:50:00","EDT","WEST",61752,1687.8
"03/12/2015 23:55:00","EDT","CAPITL",61757,1303.1
"03/12/2015 23:55:00","EDT","CENTRL",61754,1768.3
"03/12/2015 23:55:00","EDT","DUNWOD",61760,597.6
"03/12/2015 23:55:00","EDT","GENESE",61753,1018.5
"03/12/2015 23:55:00","EDT","HUD VL",61758,1003.2
"03/12/2015 23:55:00","EDT","LONGIL",61762,2083.3
"03/12/2015 23:55:00","EDT","MHK VL",61756,921.2
"03/12/2015 23:55:00","EDT","MILLWD",61759,266.3
"03/12/2015 23:55:00","EDT","N.Y.C.",61761,5127.1
"03/12/2015 23:55:00","EDT","NORTH",61755,545.9
"03/12/2015 23:55:00","EDT","WEST",61752,1698.3
