"Time Stamp","Name","PTID","LBMP ($/MWHr)","Marginal Cost Losses ($/MWHr)","Marginal Cost Congestion ($/MWHr)"
"07/01/2015 00:05:00","CAPITL",61757,7.62,0.41,0.00
"07/01/2015 00:05:00","CENTRL",61754,7.32,0.11,0.00
"07/01/2015 00:05:00","DUNWOD",61760,7.97,0.76,0.00
"07/01/2015 00:05:00","GENESE",61753,7.17,-0.04,0.00
"07/01/2015 00:05:00","H Q",61844,7.00,-0.21,0.00
"07/01/2015 00:05:00","HUD VL",61758,7.95,0.74,0.00
"07/01/2015 00:05:00","LONGIL",61762,8.04,0.84,0.00
"07/01/2015 00:05:00","MHK VL",61756,7.32,0.11,0.00
"07/01/2015 00:05:00","MILLWD",61759,7.97,0.76,0.00
"07/01/2015 00:05:00","N.Y.C.",61761,8.07,0.86,0.00
"07/01/2015 00:05:00","NORTH",61755,6.89,-0.32,0.00
"07/01/2015 00:05:00","NPX",61845,7.75,0.54,0.00
"07/01/2015 00:05:00","O H",61846,7.01,-0.19,0.00
"07/01/2015 00:05:00","PJM",61847,7.63,0.42,0.00
"07/01/2015 00:05:00","WEST",61752,7.12,-0.09,0.00
"07/01/2015 00:10:00","CAPITL",61757,6.50,0.35,0.00
"07/01/2015 00:10:00","CENTRL",61754,6.27,0.12,0.00
"07/01/2015 00:10:00","DUNWOD",61760,6.78,0.63,0.00
"07/01/2015 00:10:00","GENESE",61753,6.17,0.01,0.00
"07/01/2015 00:10:00","H Q",61844,5.97,-0.18,0.00
"07/01/2015 00:10:00","HUD VL",61758,6.77,0.62,0.00
"07/01/2015 00:10:00","LONGIL",61762,6.84,0.69,0.00
"07/01/2015 00:10:00","MHK VL",61756,6.25,0.10,0.00
"07/01/2015 00:10:00","MILLWD",61759,6.78,0.63,0.00
"07/01/2015 00:10:00","N.Y.C.",61761,6.84,0.69,0.00
"07/01/2015 00:10:00","NORTH",61755,5.88,-0.27,0.00
"07/01/2015 00:10:00","NPX",61845,6.60,0.44,0.00
"07/01/2015 00:10:00","O H",61846,6.06,-0.09,0.00
"07/01/2015 00:10:00","PJM",61847,6.52,0.37,0.00
"07/01/2015 00:10:00","WEST",61752,6.16,0.01,0.00
"07/01/2015 00:15:00","CAPITL",61757,6.60,0.37,0.00
"07/01/2015 00:15:00","CENTRL",61754,6.32,0.09,0.00
"07/01/2015 00:15:00","DUNWOD",61760,6.85,0.62,0.00
"07/01/2015 00:15:00","GENESE",61753,6.19,-0.03,0.00
"07/01/2015 00:15:00","H Q",61844,6.05,-0.17,0.00
"07/01/2015 00:15:00","HUD VL",61758,6.83,0.61,0.00
"07/01/2015 00:15:00","LONGIL",61762,6.91,0.69,0.00
"07/01/2015 00:15:00","MHK VL",61756,6.32,0.10,0.00
"07/01/2015 00:15:00","MILLWD",61759,6.85,0.62,0.00
"07/01/2015 00:15:00","N.Y.C.",61761,6.90,0.67,0.00
"07/01/2015 00:15:00","NORTH",61755,5.96,-0.26,0.00
"07/01/2015 00:15:00","NPX",61845,6.68,0.46,0.00
"07/01/2015 00:15:00","O H",61846,6.07,-0.16,0.00
"07/01/2015 00:15:00","PJM",61847,6.57,0.34,0.00
"07/01/2015 00:15:00","WEST",61752,6.16,-0.07,0.00
"07/01/2015 00:20:00","CAPITL",61757,6.54,0.36,0.00
"07/01/2015 00:20:00","CENTRL",61754,6.29,0.12,0.00
"07/01/2015 00:20:00","DUNWOD",61760,6.78,0.61,0.00
"07/01/2015 00:20:00","GENESE",61753,6.17,0.00,0.00
"07/01/2015 00:20:00","H Q",61844,6.00,-0.17,0.00
"07/01/2015 00:20:00","HUD VL",61758,6.77,0.59,0.00
"07/01/2015 00:20:00","LONGIL",61762,6.84,0.67,0.00
"07/01/2015 00:20:00","MHK VL",61756,6.28,0.10,0.00
"07/01/2015 00:20:00","MILLWD",61759,6.78,0.61,0.00
"07/01/2015 00:20:00","N.Y.C.",61761,6.83,0.65,0.00
"07/01/2015 00:20:00","NORTH",61755,5.91,-0.26,0.00
"07/01/2015 00:20:00","NPX",61845,6.62,0.44,0.00
"07/01/2015 00:20:00","O H",61846,6.07,-0.10,0.00
"07/01/2015 00:20:00","PJM",61847,6.53,0.36,0.00
"07/01/2015 00:20:00","WEST",61752,6.16,-0.01,0.00
"07/01/2015 00:25:00","CAPITL",61757,6.51,0.36,0.00
"07/01/2015 00:25:00","CENTRL",61754,6.28,0.12,0.00
"07/01/2015 00:25:00","DUNWOD",61760,6.75,0.60,0.00
"07/01/2015 00:25:00","GENESE",61753,6.17,0.01,0.00
"07/01/2015 00:25:00","H Q",61844,5.98,-0.17,0.00
"07/01/2015 00:25:00","HUD VL",61758,6.74,0.58,0.00
"07/01/2015 00:25:00","LONGIL",61762,6.81,0.65,0.00
"07/01/2015 00:25:00","MHK VL",61756,6.26,0.10,0.00
"07/01/2015 00:25:00","MILLWD",61759,6.75,0.60,0.00
"07/01/2015 00:25:00","N.Y.C.",61761,6.79,0.64,0.00
"07/01/2015 00:25:00","NORTH",61755,5.89,-0.26,0.00
"07/01/2015 00:25:00","NPX",61845,6.60,0.44,0.00
"07/01/2015 00:25:00","O H",61846,6.07,-0.08,0.00
"07/01/2015 00:25:00","PJM",61847,6.52,0.36,0.00
"07/01/2015 00:25:00","WEST",61752,6.16,0.01,0.00
"07/01/2015 00:30:00","CAPITL",61757,6.60,0.37,0.00
"07/01/2015 00:30:00","CENTRL",61754,6.32,0.09,0.00
"07/01/2015 00:30:00","DUNWOD",61760,6.85,0.62,0.00
"07/01/2015 00:30:00","GENESE",61753,6.20,-0.03,0.00
"07/01/2015 00:30:00","H Q",61844,6.06,-0.17,0.00
"07/01/2015 00:30:00","HUD VL",61758,6.84,0.61,0.00
"07/01/2015 00:30:00","LONGIL",61762,6.92,0.69,0.00
"07/01/2015 00:30:00","MHK VL",61756,6.33,0.10,0.00
"07/01/2015 00:30:00","MILLWD",61759,6.85,0.62,0.00
"07/01/2015 00:30:00","N.Y.C.",61761,6.91,0.68,0.00
"07/01/2015 00:30:00","NORTH",61755,5.96,-0.27,0.00
"07/01/2015 00:30:00","NPX",61845,6.70,0.47,0.00
"07/01/2015 00:30:00","O H",61846,6.06,-0.17,0.00
"07/01/2015 00:30:00","PJM",61847,6.57,0.34,0.00
"07/01/2015 00:30:00","WEST",61752,6.15,-0.08,0.00
"07/01/2015 00:35:00","CAPITL",61757,6.63,0.38,0.00
"07/01/2015 00:35:00","CENTRL",61754,6.34,0.09,0.00
"07/01/2015 00:35:00","DUNWOD",61760,6.88,0.63,0.00
"07/01/2015 00:35:00","GENESE",61753,6.21,-0.04,0.00
"07/01/2015 00:35:00","H Q",61844,6.08,-0.17,0.00
"07/01/2015 00:35:00","HUD VL",61758,6.86,0.61,0.00
"07/01/2015 00:35:00","LONGIL",61762,6.94,0.69,0.00
"07/01/2015 00:35:00","MHK VL",61756,6.35,0.10,0.00
"07/01/2015 00:35:00","MILLWD",61759,6.88,0.63,0.00
"07/01/2015 00:35:00","N.Y.C.",61761,6.93,0.68,0.00
"07/01/2015 00:35:00","NORTH",61755,5.99,-0.26,0.00
"07/01/2015 00:35:00","NPX",61845,6.72,0.47,0.00
"07/01/2015 00:35:00","O H",61846,6.06,-0.19,0.00
"07/01/2015 00:35:00","PJM",61847,6.58,0.33,0.00
"07/01/2015 00:35:00","WEST",61752,6.15,-0.10,0.00
"07/01/2015 00:40:00","CAPITL",61757,6.62,0.38,0.00
"07/01/2015 00:40:00","CENTRL",61754,6.32,0.08,0.00
"07/01/2015 00:40:00","DUNWOD",61760,6.86,0.62,0.00
"07/01/2015 00:40:00","GENESE",61753,6.19,-0.04,0.00
"07/01/2015 00:40:00","H Q",61844,6.06,-0.17,0.00
"07/01/2015 00:40:00","HUD VL",61758,6.84,0.60,0.00
"07/01/2015 00:40:00","LONGIL",61762,6.92,0.69,0.00
"07/01/2015 00:40:00","MHK VL",61756,6.34,0.10,0.00
"07/01/2015 00:40:00","MILLWD",61759,6.85,0.62,0.00
"07/01/2015 00:40:00","N.Y.C.",61761,6.91,0.67,0.00
"07/01/2015 00:40:00","NORTH",61755,5.98,-0.26,0.00
"07/01/2015 00:40:00","NPX",61845,6.71,0.47,0.00
"07/01/2015 00:40:00","O H",61846,6.05,-0.19,0.00
"07/01/2015 00:40:00","PJM",61847,6.55,0.32,0.00
"07/01/2015 00:40:00","WEST",61752,6.14,-0.09,0.00
"07/01/2015 00:45:00","CAPITL",61757,6.59,0.37,0.00
"07/01/2015 00:45:00","CENTRL",61754,6.32,0.10,0.00
"07/01/2015 00:45:00","DUNWOD",61760,6.83,0.62,0.00
"07/01/2015 00:45:00","GENESE",61753,6.19,-0.03,0.00
"07/01/2015 00:45:00","H Q",61844,6.04,-0.18,0.00
"07/01/2015 00:45:00","HUD VL",61758,6.82,0.60,0.00
"07/01/2015 00:45:00","LONGIL",61762,6.90,0.68,0.00
"07/01/2015 00:45:00","MHK VL",61756,6.32,0.10,0.00
"07/01/2015 00:45:00","MILLWD",61759,6.83,0.62,0.00
"07/01/2015 00:45:00","N.Y.C.",61761,6.89,0.67,0.00
"07/01/2015 00:45:00","NORTH",61755,5.95,-0.27,0.00
"07/01/2015 00:45:00","NPX",61845,6.68,0.47,0.00
"07/01/2015 00:45:00","O H",61846,6.06,-0.16,0.00
"07/01/2015 00:45:00","PJM",61847,6.56,0.34,0.00
"07/01/2015 00:45:00","WEST",61752,6.16,-0.06,0.00
"07/01/2015 00:50:00","CAPITL",61757,6.68,0.38,0.00
"07/01/2015 00:50:00","CENTRL",61754,6.38,0.08,0.00
"07/01/2015 00:50:00","DUNWOD",61760,6.93,0.64,0.00
"07/01/2015 00:50:00","GENESE",61753,6.21,-0.08,0.00
"07/01/2015 00:50:00","H Q",61844,6.12,-0.18,0.00
"07/01/2015 00:50:00","HUD VL",61758,6.91,0.62,0.00
"07/01/2015 00:50:00","LONGIL",61762,7.01,0.71,0.00
"07/01/2015 00:50:00","MHK VL",61756,6.40,0.11,0.00
"07/01/2015 00:50:00","MILLWD",61759,6.93,0.64,0.00
"07/01/2015 00:50:00","N.Y.C.",61761,6.99,0.69,0.00
"07/01/2015 00:50:00","NORTH",61755,6.03,-0.26,0.00
"07/01/2015 00:50:00","NPX",61845,6.78,0.48,0.00
"07/01/2015 00:50:00","O H",61846,6.08,-0.22,0.00
"07/01/2015 00:50:00","PJM",61847,6.63,0.33,0.00
"07/01/2015 00:50:00","WEST",61752,6.16,-0.14,0.00
"07/01/2015 00:55:00","CAPITL",61757,6.69,0.38,0.00
"07/01/2015 00:55:00","CENTRL",61754,6.38,0.07,0.00
"07/01/2015 00:55:00","DUNWOD",61760,6.96,0.65,0.00
"07/01/2015 00:55:00","GENESE",61753,6.21,-0.09,0.00
"07/01/2015 00:55:00","H Q",61844,6.13,-0.18,0.00
"07/01/2015 00:55:00","HUD VL",61758,6.94,0.63,0.00
"07/01/2015 00:55:00","LONGIL",61762,7.03,0.73,0.00
"07/01/2015 00:55:00","MHK VL",61756,6.41,0.10,0.00
"07/01/2015 00:55:00","MILLWD",61759,6.95,0.64,0.00
"07/01/2015 00:55:00","N.Y.C.",61761,7.02,0.71,0.00
"07/01/2015 00:55:00","NORTH",61755,6.04,-0.26,0.00
"07/01/2015 00:55:00","NPX",61845,6.80,0.49,0.00
"07/01/2015 00:55:00","O H",61846,6.07,-0.24,0.00
"07/01/2015 00:55:00","PJM",61847,6.64,0.33,0.00
"07/01/2015 00:55:00","WEST",61752,6.14,-0.16,0.00
"07/01/2015 01:00:00","CAPITL",61757,8.98,0.50,0.00
"07/01/2015 01:00:00","CENTRL",61754,8.55,0.07,0.00
"07/01/2015 01:00:00","DUNWOD",61760,9.34,0.86,0.00
"07/01/2015 01:00:00","GENESE",61753,8.31,-0.17,0.00
"07/01/2015 01:00:00","H Q",61844,8.26,-0.22,0.00
"07/01/2015 01:00:00","HUD VL",61758,9.32,0.83,0.00
"07/01/2015 01:00:00","LONGIL",61762,9.46,0.98,0.00
"07/01/2015 01:00:00","MHK VL",61756,8.62,0.14,0.00
"07/01/2015 01:00:00","MILLWD",61759,9.34,0.86,0.00
"07/01/2015 01:00:00","N.Y.C.",61761,9.42,0.94,0.00
"07/01/2015 01:00:00","NORTH",61755,8.16,-0.32,0.00
"07/01/2015 01:00:00","NPX",61845,9.14,0.65,0.00
"07/01/2015 01:00:00","O H",61846,8.10,-0.38,0.00
"07/01/2015 01:00:00","PJM",61847,8.89,0.41,0.00
"07/01/2015 01:00:00","WEST",61752,8.20,-0.28,0.00
"07/01/2015 01:05:00","CAPITL",61757,7.77,0.41,0.00
"07/01/2015 01:05:00","CENTRL",61754,7.44,0.08,0.00
"07/01/2015 01:05:00","DUNWOD",61760,8.09,0.73,0.00
"07/01/2015 01:05:00","GENESE",61753,7.25,-0.11,0.00
"07/01/2015 01:05:00","H Q",61844,7.17,-0.19,0.00
"07/01/2015 01:05:00","HUD VL",61758,8.07,0.71,0.00
"07/01/2015 01:05:00","LONGIL",61762,8.19,0.83,0.00
"07/01/2015 01:05:00","MHK VL",61756,7.48,0.12,0.00
"07/01/2015 01:05:00","MILLWD",61759,8.09,0.73,0.00
"07/01/2015 01:05:00","N.Y.C.",61761,8.16,0.80,0.00
"07/01/2015 01:05:00","NORTH",61755,7.09,-0.27,0.00
"07/01/2015 01:05:00","NPX",61845,7.91,0.54,0.00
"07/01/2015 01:05:00","O H",61846,7.09,-0.27,0.00
"07/01/2015 01:05:00","PJM",61847,7.74,0.38,0.00
"07/01/2015 01:05:00","WEST",61752,7.18,-0.18,0.00
"07/01/2015 01:10:00","CAPITL",61757,7.60,0.40,0.00
"07/01/2015 01:10:00","CENTRL",61754,7.29,0.09,0.00
"07/01/2015 01:10:00","DUNWOD",61760,7.90,0.70,0.00
"07/01/2015 01:10:00","GENESE",61753,7.12,-0.09,0.00
"07/01/2015 01:10:00","H Q",61844,7.01,-0.19,0.00
"07/01/2015 01:10:00","HUD VL",61758,7.88,0.68,0.00
"07/01/2015 01:10:00","LONGIL",61762,8.00,0.80,0.00
"07/01/2015 01:10:00","MHK VL",61756,7.32,0.11,0.00
"07/01/2015 01:10:00","MILLWD",61759,7.90,0.70,0.00
"07/01/2015 01:10:00","N.Y.C.",61761,7.97,0.77,0.00
"07/01/2015 01:10:00","NORTH",61755,6.94,-0.26,0.00
"07/01/2015 01:10:00","NPX",61845,7.73,0.53,0.00
"07/01/2015 01:10:00","O H",61846,6.98,-0.22,0.00
"07/01/2015 01:10:00","PJM",61847,7.58,0.37,0.00
"07/01/2015 01:10:00","WEST",61752,7.06,-0.14,0.00
"07/01/2015 01:15:00","CAPITL",61757,7.60,0.40,0.00
"07/01/2015 01:15:00","CENTRL",61754,7.29,0.08,0.00
"07/01/2015 01:15:00","DUNWOD",61760,7.90,0.69,0.00
"07/01/2015 01:15:00","GENESE",61753,7.11,-0.10,0.00
"07/01/2015 01:15:00","H Q",61844,7.03,-0.18,0.00
"07/01/2015 01:15:00","HUD VL",61758,7.88,0.67,0.00
"07/01/2015 01:15:00","LONGIL",61762,8.00,0.79,0.00
"07/01/2015 01:15:00","MHK VL",61756,7.32,0.11,0.00
"07/01/2015 01:15:00","MILLWD",61759,7.90,0.69,0.00
"07/01/2015 01:15:00","N.Y.C.",61761,7.97,0.76,0.00
"07/01/2015 01:15:00","NORTH",61755,6.97,-0.24,0.00
"07/01/2015 01:15:00","NPX",61845,7.72,0.51,0.00
"07/01/2015 01:15:00","O H",61846,6.96,-0.25,0.00
"07/01/2015 01:15:00","PJM",61847,7.57,0.36,0.00
"07/01/2015 01:15:00","WEST",61752,7.03,-0.17,0.00
"07/01/2015 01:20:00","CAPITL",61757,7.60,0.40,0.00
"07/01/2015 01:20:00","CENTRL",61754,7.26,0.06,0.00
"07/01/2015 01:20:00","DUNWOD",61760,7.88,0.69,0.00
"07/01/2015 01:20:00","GENESE",61753,7.08,-0.12,0.00
"07/01/2015 01:20:00","H Q",61844,7.02,-0.17,0.00
"07/01/2015 01:20:00","HUD VL",61758,7.86,0.67,0.00
"07/01/2015 01:20:00","LONGIL",61762,7.98,0.79,0.00
"07/01/2015 01:20:00","MHK VL",61756,7.31,0.11,0.00
"07/01/2015 01:20:00","MILLWD",61759,7.88,0.69,0.00
"07/01/2015 01:20:00","N.Y.C.",61761,7.96,0.76,0.00
"07/01/2015 01:20:00","NORTH",61755,6.96,-0.24,0.00
"07/01/2015 01:20:00","NPX",61845,7.71,0.52,0.00
"07/01/2015 01:20:00","O H",61846,6.91,-0.28,0.00
"07/01/2015 01:20:00","PJM",61847,7.53,0.34,0.00
"07/01/2015 01:20:00","WEST",61752,6.99,-0.20,0.00
"07/01/2015 01:25:00","CAPITL",61757,7.60,0.40,0.00
"07/01/2015 01:25:00","CENTRL",61754,7.26,0.06,0.00
"07/01/2015 01:25:00","DUNWOD",61760,7.89,0.69,0.00
"07/01/2015 01:25:00","GENESE",61753,7.07,-0.13,0.00
"07/01/2015 01:25:00","H Q",61844,7.04,-0.17,0.00
"07/01/2015 01:25:00","HUD VL",61758,7.87,0.67,0.00
"07/01/2015 01:25:00","LONGIL",61762,7.99,0.79,0.00
"07/01/2015 01:25:00","MHK VL",61756,7.32,0.11,0.00
"07/01/2015 01:25:00","MILLWD",61759,7.89,0.68,0.00
"07/01/2015 01:25:00","N.Y.C.",61761,7.96,0.76,0.00
"07/01/2015 01:25:00","NORTH",61755,6.97,-0.23,0.00
"07/01/2015 01:25:00","NPX",61845,7.72,0.52,0.00
"07/01/2015 01:25:00","O H",61846,6.90,-0.30,0.00
"07/01/2015 01:25:00","PJM",61847,7.53,0.32,0.00
"07/01/2015 01:25:00","WEST",61752,6.98,-0.22,0.00
"07/01/2015 01:30:00","CAPITL",61757,7.60,0.41,0.00
"07/01/2015 01:30:00","CENTRL",61754,7.24,0.05,0.00
"07/01/2015 01:30:00","DUNWOD",61760,7.89,0.70,0.00
"07/01/2015 01:30:00","GENESE",61753,7.06,-0.14,0.00
"07/01/2015 01:30:00","H Q",61844,7.03,-0.17,0.00
"07/01/2015 01:30:00","HUD VL",61758,7.86,0.67,0.00
"07/01/2015 01:30:00","LONGIL",61762,7.98,0.79,0.00
"07/01/2015 01:30:00","MHK VL",61756,7.30,0.11,0.00
"07/01/2015 01:30:00","MILLWD",61759,7.88,0.69,0.00
"07/01/2015 01:30:00","N.Y.C.",61761,7.96,0.77,0.00
"07/01/2015 01:30:00","NORTH",61755,6.96,-0.23,0.00
"07/01/2015 01:30:00","NPX",61845,7.72,0.52,0.00
"07/01/2015 01:30:00","O H",61846,6.88,-0.32,0.00
"07/01/2015 01:30:00","PJM",61847,7.52,0.32,0.00
"07/01/2015 01:30:00","WEST",61752,6.96,-0.24,0.00
"07/01/2015 01:35:00","CAPITL",61757,6.70,0.37,0.00
"07/01/2015 01:35:00","CENTRL",61754,6.37,0.04,0.00
"07/01/2015 01:35:00","DUNWOD",61760,6.94,0.61,0.00
"07/01/2015 01:35:00","GENESE",61753,6.22,-0.11,0.00
"07/01/2015 01:35:00","H Q",61844,6.18,-0.15,0.00
"07/01/2015 01:35:00","HUD VL",61758,6.92,0.59,0.00
"07/01/2015 01:35:00","LONGIL",61762,7.02,0.69,0.00
"07/01/2015 01:35:00","MHK VL",61756,6.42,0.10,0.00
"07/01/2015 01:35:00","MILLWD",61759,6.93,0.60,0.00
"07/01/2015 01:35:00","N.Y.C.",61761,6.99,0.66,0.00
"07/01/2015 01:35:00","NORTH",61755,6.12,-0.21,0.00
"07/01/2015 01:35:00","NPX",61845,6.79,0.46,0.00
"07/01/2015 01:35:00","O H",61846,6.06,-0.27,0.00
"07/01/2015 01:35:00","PJM",61847,6.61,0.28,0.00
"07/01/2015 01:35:00","WEST",61752,6.13,-0.20,0.00
"07/01/2015 01:40:00","CAPITL",61757,6.68,0.37,0.00
"07/01/2015 01:40:00","CENTRL",61754,6.36,0.04,0.00
"07/01/2015 01:40:00","DUNWOD",61760,6.92,0.60,0.00
"07/01/2015 01:40:00","GENESE",61753,6.21,-0.11,0.00
"07/01/2015 01:40:00","H Q",61844,6.16,-0.15,0.00
"07/01/2015 01:40:00","HUD VL",61758,6.90,0.58,0.00
"07/01/2015 01:40:00","LONGIL",61762,7.00,0.68,0.00
"07/01/2015 01:40:00","MHK VL",61756,6.41,0.09,0.00
"07/01/2015 01:40:00","MILLWD",61759,6.92,0.60,0.00
"07/01/2015 01:40:00","N.Y.C.",61761,6.98,0.66,0.00
"07/01/2015 01:40:00","NORTH",61755,6.11,-0.21,0.00
"07/01/2015 01:40:00","NPX",61845,6.78,0.46,0.00
"07/01/2015 01:40:00","O H",61846,6.06,-0.26,0.00
"07/01/2015 01:40:00","PJM",61847,6.59,0.28,0.00
"07/01/2015 01:40:00","WEST",61752,6.13,-0.19,0.00
"07/01/2015 01:45:00","CAPITL",61757,6.63,0.36,0.00
"07/01/2015 01:45:00","CENTRL",61754,6.32,0.05,0.00
"07/01/2015 01:45:00","DUNWOD",61760,6.86,0.59,0.00
"07/01/2015 01:45:00","GENESE",61753,6.19,-0.08,0.00
"07/01/2015 01:45:00","H Q",61844,6.12,-0.15,0.00
"07/01/2015 01:45:00","HUD VL",61758,6.84,0.57,0.00
"07/01/2015 01:45:00","LONGIL",61762,6.93,0.66,0.00
"07/01/2015 01:45:00","MHK VL",61756,6.36,0.09,0.00
"07/01/2015 01:45:00","MILLWD",61759,6.85,0.58,0.00
"07/01/2015 01:45:00","N.Y.C.",61761,6.92,0.65,0.00
"07/01/2015 01:45:00","NORTH",61755,6.06,-0.21,0.00
"07/01/2015 01:45:00","NPX",61845,6.73,0.46,0.00
"07/01/2015 01:45:00","O H",61846,6.05,-0.22,0.00
"07/01/2015 01:45:00","PJM",61847,6.55,0.28,0.00
"07/01/2015 01:45:00","WEST",61752,6.12,-0.15,0.00
"07/01/2015 01:50:00","CAPITL",61757,0.00,0.00,0.00
"07/01/2015 01:50:00","CENTRL",61754,0.00,0.00,0.00
"07/01/2015 01:50:00","DUNWOD",61760,0.00,0.00,0.00
"07/01/2015 01:50:00","GENESE",61753,0.00,0.00,0.00
"07/01/2015 01:50:00","H Q",61844,0.00,0.00,0.00
"07/01/2015 01:50:00","HUD VL",61758,0.00,0.00,0.00
"07/01/2015 01:50:00","LONGIL",61762,0.00,0.00,0.00
"07/01/2015 01:50:00","MHK VL",61756,0.00,0.00,0.00
"07/01/2015 01:50:00","MILLWD",61759,0.00,0.00,0.00
"07/01/2015 01:50:00","N.Y.C.",61761,0.00,0.00,0.00
"07/01/2015 01:50:00","NORTH",61755,0.00,0.00,0.00
"07/01/2015 01:50:00","NPX",61845,0.00,0.00,0.00
"07/01/2015 01:50:00","O H",61846,0.00,0.00,0.00
"07/01/2015 01:50:00","PJM",61847,0.00,0.00,0.00
"07/01/2015 01:50:00","WEST",61752,0.00,0.00,0.00
"07/01/2015 01:55:00","CAPITL",61757,5.60,0.30,0.00
"07/01/2015 01:55:00","CENTRL",61754,5.35,0.05,0.00
"07/01/2015 01:55:00","DUNWOD",61760,5.78,0.49,0.00
"07/01/2015 01:55:00","GENESE",61753,5.27,-0.03,0.00
"07/01/2015 01:55:00","H Q",61844,5.17,-0.13,0.00
"07/01/2015 01:55:00","HUD VL",61758,5.77,0.47,0.00
"07/01/2015 01:55:00","LONGIL",61762,5.84,0.55,0.00
"07/01/2015 01:55:00","MHK VL",61756,5.38,0.08,0.00
"07/01/2015 01:55:00","MILLWD",61759,5.78,0.48,0.00
"07/01/2015 01:55:00","N.Y.C.",61761,5.83,0.53,0.00
"07/01/2015 01:55:00","NORTH",61755,5.11,-0.19,0.00
"07/01/2015 01:55:00","NPX",61845,5.68,0.38,0.00
"07/01/2015 01:55:00","O H",61846,5.18,-0.12,0.00
"07/01/2015 01:55:00","PJM",61847,5.55,0.25,0.00
"07/01/2015 01:55:00","WEST",61752,5.24,-0.05,0.00
"07/01/2015 02:00:00","CAPITL",61757,7.58,0.44,0.00
"07/01/2015 02:00:00","CENTRL",61754,7.20,0.06,0.00
"07/01/2015 02:00:00","DUNWOD",61760,7.83,0.69,0.00
"07/01/2015 02:00:00","GENESE",61753,7.05,-0.09,0.00
"07/01/2015 02:00:00","H Q",61844,6.96,-0.18,0.00
"07/01/2015 02:00:00","HUD VL",61758,7.81,0.66,0.00
"07/01/2015 02:00:00","LONGIL",61762,7.93,0.79,0.00
"07/01/2015 02:00:00","MHK VL",61756,7.25,0.11,0.00
"07/01/2015 02:00:00","MILLWD",61759,7.82,0.68,0.00
"07/01/2015 02:00:00","N.Y.C.",61761,7.90,0.76,0.00
"07/01/2015 02:00:00","NORTH",61755,6.88,-0.26,0.00
"07/01/2015 02:00:00","NPX",61845,7.69,0.55,0.00
"07/01/2015 02:00:00","O H",61846,6.91,-0.24,0.00
"07/01/2015 02:00:00","PJM",61847,7.48,0.34,0.00
"07/01/2015 02:00:00","WEST",61752,6.99,-0.16,0.00
"07/01/2015 02:05:00","CAPITL",61757,7.61,0.39,-1.00
"07/01/2015 02:05:00","CENTRL",61754,6.37,0.03,-0.12
"07/01/2015 02:05:00","DUNWOD",61760,7.60,0.62,-0.75
"07/01/2015 02:05:00","GENESE",61753,6.19,-0.13,-0.09
"07/01/2015 02:05:00","H Q",61844,6.06,-0.16,0.00
"07/01/2015 02:05:00","HUD VL",61758,7.57,0.60,-0.74
"07/01/2015 02:05:00","LONGIL",61762,7.69,0.72,-0.75
"07/01/2015 02:05:00","MHK VL",61756,6.45,0.09,-0.13
"07/01/2015 02:05:00","MILLWD",61759,7.59,0.62,-0.75
"07/01/2015 02:05:00","N.Y.C.",61761,7.67,0.69,-0.75
"07/01/2015 02:05:00","NORTH",61755,6.00,-0.22,0.00
"07/01/2015 02:05:00","NPX",61845,7.63,0.51,-0.89
"07/01/2015 02:05:00","O H",61846,6.06,-0.29,-0.12
"07/01/2015 02:05:00","PJM",61847,7.00,0.27,-0.50
"07/01/2015 02:05:00","WEST",61752,6.12,-0.22,-0.12
"07/01/2015 02:10:00","CAPITL",61757,7.61,0.40,-0.96
"07/01/2015 02:10:00","CENTRL",61754,6.38,0.03,-0.11
"07/01/2015 02:10:00","DUNWOD",61760,7.59,0.62,-0.72
"07/01/2015 02:10:00","GENESE",61753,6.19,-0.14,-0.09
"07/01/2015 02:10:00","H Q",61844,6.09,-0.16,0.00
"07/01/2015 02:10:00","HUD VL",61758,7.56,0.60,-0.72
"07/01/2015 02:10:00","LONGIL",61762,7.68,0.71,-0.72
"07/01/2015 02:10:00","MHK VL",61756,6.46,0.09,-0.13
"07/01/2015 02:10:00","MILLWD",61759,7.58,0.61,-0.73
"07/01/2015 02:10:00","N.Y.C.",61761,7.65,0.69,-0.72
"07/01/2015 02:10:00","NORTH",61755,6.02,-0.22,0.00
"07/01/2015 02:10:00","NPX",61845,7.62,0.52,-0.86
"07/01/2015 02:10:00","O H",61846,6.07,-0.29,-0.12
"07/01/2015 02:10:00","PJM",61847,6.99,0.27,-0.48
"07/01/2015 02:10:00","WEST",61752,6.11,-0.24,-0.11
"07/01/2015 02:15:00","CAPITL",61757,7.61,0.41,-0.96
"07/01/2015 02:15:00","CENTRL",61754,6.38,0.02,-0.11
"07/01/2015 02:15:00","DUNWOD",61760,7.59,0.62,-0.72
"07/01/2015 02:15:00","GENESE",61753,6.20,-0.14,-0.09
"07/01/2015 02:15:00","H Q",61844,6.09,-0.16,0.00
"07/01/2015 02:15:00","HUD VL",61758,7.56,0.60,-0.71
"07/01/2015 02:15:00","LONGIL",61762,7.69,0.72,-0.72
"07/01/2015 02:15:00","MHK VL",61756,6.47,0.09,-0.13
"07/01/2015 02:15:00","MILLWD",61759,7.59,0.62,-0.72
"07/01/2015 02:15:00","N.Y.C.",61761,7.65,0.68,-0.72
"07/01/2015 02:15:00","NORTH",61755,6.02,-0.23,0.00
"07/01/2015 02:15:00","NPX",61845,7.63,0.53,-0.85
"07/01/2015 02:15:00","O H",61846,6.06,-0.31,-0.12
"07/01/2015 02:15:00","PJM",61847,7.00,0.27,-0.48
"07/01/2015 02:15:00","WEST",61752,6.12,-0.24,-0.11
"07/01/2015 02:20:00","CAPITL",61757,6.76,0.41,0.00
"07/01/2015 02:20:00","CENTRL",61754,6.36,0.01,0.00
"07/01/2015 02:20:00","DUNWOD",61760,6.96,0.62,0.00
"07/01/2015 02:20:00","GENESE",61753,6.21,-0.14,0.00
"07/01/2015 02:20:00","H Q",61844,6.20,-0.15,0.00
"07/01/2015 02:20:00","HUD VL",61758,6.95,0.60,0.00
"07/01/2015 02:20:00","LONGIL",61762,7.06,0.71,0.00
"07/01/2015 02:20:00","MHK VL",61756,6.43,0.08,0.00
"07/01/2015 02:20:00","MILLWD",61759,6.96,0.61,0.00
"07/01/2015 02:20:00","N.Y.C.",61761,7.02,0.67,0.00
"07/01/2015 02:20:00","NORTH",61755,6.12,-0.23,0.00
"07/01/2015 02:20:00","NPX",61845,6.86,0.51,0.00
"07/01/2015 02:20:00","O H",61846,6.04,-0.30,0.00
"07/01/2015 02:20:00","PJM",61847,6.60,0.25,0.00
"07/01/2015 02:20:00","WEST",61752,6.10,-0.25,0.00
"07/01/2015 02:25:00","CAPITL",61757,6.74,0.38,0.00
"07/01/2015 02:25:00","CENTRL",61754,6.37,0.01,0.00
"07/01/2015 02:25:00","DUNWOD",61760,6.98,0.62,0.00
"07/01/2015 02:25:00","GENESE",61753,6.21,-0.15,0.00
"07/01/2015 02:25:00","H Q",61844,6.22,-0.15,0.00
"07/01/2015 02:25:00","HUD VL",61758,6.96,0.60,0.00
"07/01/2015 02:25:00","LONGIL",61762,7.07,0.71,0.00
"07/01/2015 02:25:00","MHK VL",61756,6.44,0.08,0.00
"07/01/2015 02:25:00","MILLWD",61759,6.97,0.61,0.00
"07/01/2015 02:25:00","N.Y.C.",61761,7.04,0.68,0.00
"07/01/2015 02:25:00","NORTH",61755,6.15,-0.22,0.00
"07/01/2015 02:25:00","NPX",61845,6.85,0.49,0.00
"07/01/2015 02:25:00","O H",61846,6.04,-0.32,0.00
"07/01/2015 02:25:00","PJM",61847,6.62,0.25,0.00
"07/01/2015 02:25:00","WEST",61752,6.10,-0.26,0.00
"07/01/2015 02:30:00","CAPITL",61757,6.65,0.36,0.00
"07/01/2015 02:30:00","CENTRL",61754,6.33,0.05,0.00
"07/01/2015 02:30:00","DUNWOD",61760,6.88,0.60,0.00
"07/01/2015 02:30:00","GENESE",61753,6.18,-0.10,0.00
"07/01/2015 02:30:00","H Q",61844,6.13,-0.15,0.00
"07/01/2015 02:30:00","HUD VL",61758,6.86,0.58,0.00
"07/01/2015 02:30:00","LONGIL",61762,6.97,0.68,0.00
"07/01/2015 02:30:00","MHK VL",61756,6.37,0.09,0.00
"07/01/2015 02:30:00","MILLWD",61759,6.87,0.59,0.00
"07/01/2015 02:30:00","N.Y.C.",61761,6.94,0.66,0.00
"07/01/2015 02:30:00","NORTH",61755,6.06,-0.23,0.00
"07/01/2015 02:30:00","NPX",61845,6.75,0.46,0.00
"07/01/2015 02:30:00","O H",61846,6.06,-0.22,0.00
"07/01/2015 02:30:00","PJM",61847,6.58,0.30,0.00
"07/01/2015 02:30:00","WEST",61752,6.12,-0.16,0.00
"07/01/2015 02:35:00","CAPITL",61757,6.66,0.37,0.00
"07/01/2015 02:35:00","CENTRL",61754,6.35,0.05,0.00
"07/01/2015 02:35:00","DUNWOD",61760,6.89,0.59,0.00
"07/01/2015 02:35:00","GENESE",61753,6.19,-0.11,0.00
"07/01/2015 02:35:00","H Q",61844,6.14,-0.15,0.00
"07/01/2015 02:35:00","HUD VL",61758,6.87,0.57,0.00
"07/01/2015 02:35:00","LONGIL",61762,6.99,0.69,0.00
"07/01/2015 02:35:00","MHK VL",61756,6.39,0.09,0.00
"07/01/2015 02:35:00","MILLWD",61759,6.88,0.59,0.00
"07/01/2015 02:35:00","N.Y.C.",61761,6.95,0.65,0.00
"07/01/2015 02:35:00","NORTH",61755,6.06,-0.23,0.00
"07/01/2015 02:35:00","NPX",61845,6.76,0.47,0.00
"07/01/2015 02:35:00","O H",61846,6.07,-0.23,0.00
"07/01/2015 02:35:00","PJM",61847,6.59,0.30,0.00
"07/01/2015 02:35:00","WEST",61752,6.13,-0.17,0.00
"07/01/2015 02:40:00","CAPITL",61757,6.65,0.36,0.00
"07/01/2015 02:40:00","CENTRL",61754,6.35,0.06,0.00
"07/01/2015 02:40:00","DUNWOD",61760,6.88,0.59,0.00
"07/01/2015 02:40:00","GENESE",61753,6.18,-0.11,0.00
"07/01/2015 02:40:00","H Q",61844,6.14,-0.15,0.00
"07/01/2015 02:40:00","HUD VL",61758,6.86,0.57,0.00
"07/01/2015 02:40:00","LONGIL",61762,6.98,0.69,0.00
"07/01/2015 02:40:00","MHK VL",61756,6.38,0.09,0.00
"07/01/2015 02:40:00","MILLWD",61759,6.87,0.58,0.00
"07/01/2015 02:40:00","N.Y.C.",61761,6.94,0.65,0.00
"07/01/2015 02:40:00","NORTH",61755,6.06,-0.23,0.00
"07/01/2015 02:40:00","NPX",61845,6.75,0.47,0.00
"07/01/2015 02:40:00","O H",61846,6.07,-0.22,0.00
"07/01/2015 02:40:00","PJM",61847,6.59,0.30,0.00
"07/01/2015 02:40:00","WEST",61752,6.13,-0.16,0.00
"07/01/2015 02:45:00","CAPITL",61757,6.66,0.37,0.00
"07/01/2015 02:45:00","CENTRL",61754,6.35,0.05,0.00
"07/01/2015 02:45:00","DUNWOD",61760,6.89,0.59,0.00
"07/01/2015 02:45:00","GENESE",61753,6.19,-0.11,0.00
"07/01/2015 02:45:00","H Q",61844,6.14,-0.15,0.00
"07/01/2015 02:45:00","HUD VL",61758,6.87,0.57,0.00
"07/01/2015 02:45:00","LONGIL",61762,6.99,0.69,0.00
"07/01/2015 02:45:00","MHK VL",61756,6.38,0.09,0.00
"07/01/2015 02:45:00","MILLWD",61759,6.88,0.59,0.00
"07/01/2015 02:45:00","N.Y.C.",61761,6.94,0.65,0.00
"07/01/2015 02:45:00","NORTH",61755,6.08,-0.22,0.00
"07/01/2015 02:45:00","NPX",61845,6.76,0.47,0.00
"07/01/2015 02:45:00","O H",61846,6.08,-0.22,0.00
"07/01/2015 02:45:00","PJM",61847,6.60,0.30,0.00
"07/01/2015 02:45:00","WEST",61752,6.13,-0.17,0.00
"07/01/2015 02:50:00","CAPITL",61757,6.68,0.37,0.00
"07/01/2015 02:50:00","CENTRL",61754,6.36,0.04,0.00
"07/01/2015 02:50:00","DUNWOD",61760,6.92,0.60,0.00
"07/01/2015 02:50:00","GENESE",61753,6.20,-0.12,0.00
"07/01/2015 02:50:00","H Q",61844,6.16,-0.15,0.00
"07/01/2015 02:50:00","HUD VL",61758,6.89,0.57,0.00
"07/01/2015 02:50:00","LONGIL",61762,7.01,0.69,0.00
"07/01/2015 02:50:00","MHK VL",61756,6.40,0.09,0.00
"07/01/2015 02:50:00","MILLWD",61759,6.91,0.59,0.00
"07/01/2015 02:50:00","N.Y.C.",61761,6.97,0.66,0.00
"07/01/2015 02:50:00","NORTH",61755,6.10,-0.21,0.00
"07/01/2015 02:50:00","NPX",61845,6.78,0.47,0.00
"07/01/2015 02:50:00","O H",61846,6.08,-0.24,0.00
"07/01/2015 02:50:00","PJM",61847,6.61,0.30,0.00
"07/01/2015 02:50:00","WEST",61752,6.13,-0.18,0.00
"07/01/2015 02:55:00","CAPITL",61757,6.65,0.36,0.00
"07/01/2015 02:55:00","CENTRL",61754,6.33,0.04,0.00
"07/01/2015 02:55:00","DUNWOD",61760,6.88,0.59,0.00
"07/01/2015 02:55:00","GENESE",61753,6.18,-0.11,0.00
"07/01/2015 02:55:00","H Q",61844,6.14,-0.15,0.00
"07/01/2015 02:55:00","HUD VL",61758,6.86,0.57,0.00
"07/01/2015 02:55:00","LONGIL",61762,6.97,0.69,0.00
"07/01/2015 02:55:00","MHK VL",61756,6.38,0.09,0.00
"07/01/2015 02:55:00","MILLWD",61759,6.88,0.59,0.00
"07/01/2015 02:55:00","N.Y.C.",61761,6.94,0.65,0.00
"07/01/2015 02:55:00","NORTH",61755,6.07,-0.22,0.00
"07/01/2015 02:55:00","NPX",61845,6.75,0.47,0.00
"07/01/2015 02:55:00","O H",61846,6.07,-0.22,0.00
"07/01/2015 02:55:00","PJM",61847,6.59,0.30,0.00
"07/01/2015 02:55:00","WEST",61752,6.13,-0.16,0.00
"07/01/2015 03:00:00","CAPITL",61757,6.71,0.39,0.00
"07/01/2015 03:00:00","CENTRL",61754,6.36,0.04,0.00
"07/01/2015 03:00:00","DUNWOD",61760,6.93,0.61,0.00
"07/01/2015 03:00:00","GENESE",61753,6.20,-0.12,0.00
"07/01/2015 03:00:00","H Q",61844,6.16,-0.16,0.00
"07/01/2015 03:00:00","HUD VL",61758,6.91,0.59,0.00
"07/01/2015 03:00:00","LONGIL",61762,7.03,0.71,0.00
"07/01/2015 03:00:00","MHK VL",61756,6.40,0.09,0.00
"07/01/2015 03:00:00","MILLWD",61759,6.92,0.61,0.00
"07/01/2015 03:00:00","N.Y.C.",61761,6.99,0.68,0.00
"07/01/2015 03:00:00","NORTH",61755,6.08,-0.23,0.00
"07/01/2015 03:00:00","NPX",61845,6.81,0.50,0.00
"07/01/2015 03:00:00","O H",61846,6.08,-0.24,0.00
"07/01/2015 03:00:00","PJM",61847,6.62,0.31,0.00
"07/01/2015 03:00:00","WEST",61752,6.13,-0.19,0.00
"07/01/2015 03:05:00","CAPITL",61757,7.59,0.41,-0.96
"07/01/2015 03:05:00","CENTRL",61754,6.37,0.03,-0.11
"07/01/2015 03:05:00","DUNWOD",61760,7.55,0.61,-0.72
"07/01/2015 03:05:00","GENESE",61753,6.18,-0.14,-0.09
"07/01/2015 03:05:00","H Q",61844,6.06,-0.16,0.00
"07/01/2015 03:05:00","HUD VL",61758,7.53,0.59,-0.71
"07/01/2015 03:05:00","LONGIL",61762,7.65,0.71,-0.72
"07/01/2015 03:05:00","MHK VL",61756,6.43,0.08,-0.13
"07/01/2015 03:05:00","MILLWD",61759,7.55,0.60,-0.72
"07/01/2015 03:05:00","N.Y.C.",61761,7.62,0.67,-0.72
"07/01/2015 03:05:00","NORTH",61755,5.99,-0.24,0.00
"07/01/2015 03:05:00","NPX",61845,7.60,0.52,-0.86
"07/01/2015 03:05:00","O H",61846,6.08,-0.26,-0.12
"07/01/2015 03:05:00","PJM",61847,7.00,0.29,-0.48
"07/01/2015 03:05:00","WEST",61752,6.12,-0.21,-0.11
"07/01/2015 03:10:00","CAPITL",61757,7.60,0.41,-0.94
"07/01/2015 03:10:00","CENTRL",61754,6.37,0.02,-0.11
"07/01/2015 03:10:00","DUNWOD",61760,7.56,0.61,-0.71
"07/01/2015 03:10:00","GENESE",61753,6.19,-0.14,-0.09
"07/01/2015 03:10:00","H Q",61844,6.09,-0.16,0.00
"07/01/2015 03:10:00","HUD VL",61758,7.53,0.58,-0.70
"07/01/2015 03:10:00","LONGIL",61762,7.65,0.70,-0.71
"07/01/2015 03:10:00","MHK VL",61756,6.45,0.08,-0.13
"07/01/2015 03:10:00","MILLWD",61759,7.56,0.60,-0.71
"07/01/2015 03:10:00","N.Y.C.",61761,7.62,0.66,-0.71
"07/01/2015 03:10:00","NORTH",61755,6.03,-0.22,0.00
"07/01/2015 03:10:00","NPX",61845,7.62,0.53,-0.84
"07/01/2015 03:10:00","O H",61846,6.07,-0.29,-0.11
"07/01/2015 03:10:00","PJM",61847,6.99,0.27,-0.47
"07/01/2015 03:10:00","WEST",61752,6.12,-0.24,-0.11
"07/01/2015 03:15:00","CAPITL",61757,7.59,0.41,-0.91
"07/01/2015 03:15:00","CENTRL",61754,6.39,0.01,-0.11
"07/01/2015 03:15:00","DUNWOD",61760,7.55,0.60,-0.68
"07/01/2015 03:15:00","GENESE",61753,6.20,-0.16,-0.08
"07/01/2015 03:15:00","H Q",61844,6.12,-0.15,0.00
"07/01/2015 03:15:00","HUD VL",61758,7.52,0.58,-0.68
"07/01/2015 03:15:00","LONGIL",61762,7.65,0.70,-0.68
"07/01/2015 03:15:00","MHK VL",61756,6.47,0.08,-0.12
"07/01/2015 03:15:00","MILLWD",61759,7.55,0.60,-0.69
"07/01/2015 03:15:00","N.Y.C.",61761,7.61,0.66,-0.68
"07/01/2015 03:15:00","NORTH",61755,6.06,-0.21,0.00
"07/01/2015 03:15:00","NPX",61845,7.61,0.53,-0.81
"07/01/2015 03:15:00","O H",61846,6.07,-0.31,-0.11
"07/01/2015 03:15:00","PJM",61847,6.99,0.26,-0.45
"07/01/2015 03:15:00","WEST",61752,6.12,-0.26,-0.11
"07/01/2015 03:20:00","CAPITL",61757,6.64,0.35,0.00
"07/01/2015 03:20:00","CENTRL",61754,6.32,0.03,0.00
"07/01/2015 03:20:00","DUNWOD",61760,6.86,0.57,0.00
"07/01/2015 03:20:00","GENESE",61753,6.18,-0.11,0.00
"07/01/2015 03:20:00","H Q",61844,6.15,-0.14,0.00
"07/01/2015 03:20:00","HUD VL",61758,6.84,0.55,0.00
"07/01/2015 03:20:00","LONGIL",61762,6.96,0.67,0.00
"07/01/2015 03:20:00","MHK VL",61756,6.36,0.08,0.00
"07/01/2015 03:20:00","MILLWD",61759,6.86,0.57,0.00
"07/01/2015 03:20:00","N.Y.C.",61761,6.92,0.63,0.00
"07/01/2015 03:20:00","NORTH",61755,6.10,-0.19,0.00
"07/01/2015 03:20:00","NPX",61845,6.74,0.45,0.00
"07/01/2015 03:20:00","O H",61846,6.06,-0.23,0.00
"07/01/2015 03:20:00","PJM",61847,6.57,0.28,0.00
"07/01/2015 03:20:00","WEST",61752,6.11,-0.18,0.00
"07/01/2015 03:25:00","CAPITL",61757,6.58,0.35,0.00
"07/01/2015 03:25:00","CENTRL",61754,6.29,0.06,0.00
"07/01/2015 03:25:00","DUNWOD",61760,6.79,0.56,0.00
"07/01/2015 03:25:00","GENESE",61753,6.16,-0.07,0.00
"07/01/2015 03:25:00","H Q",61844,6.09,-0.14,0.00
"07/01/2015 03:25:00","HUD VL",61758,6.78,0.55,0.00
"07/01/2015 03:25:00","LONGIL",61762,6.88,0.65,0.00
"07/01/2015 03:25:00","MHK VL",61756,6.31,0.08,0.00
"07/01/2015 03:25:00","MILLWD",61759,6.79,0.56,0.00
"07/01/2015 03:25:00","N.Y.C.",61761,6.85,0.62,0.00
"07/01/2015 03:25:00","NORTH",61755,6.03,-0.20,0.00
"07/01/2015 03:25:00","NPX",61845,6.67,0.44,0.00
"07/01/2015 03:25:00","O H",61846,6.06,-0.17,0.00
"07/01/2015 03:25:00","PJM",61847,6.53,0.30,0.00
"07/01/2015 03:25:00","WEST",61752,6.12,-0.11,0.00
"07/01/2015 03:30:00","CAPITL",61757,6.62,0.36,0.00
"07/01/2015 03:30:00","CENTRL",61754,6.31,0.05,0.00
"07/01/2015 03:30:00","DUNWOD",61760,6.83,0.57,0.00
"07/01/2015 03:30:00","GENESE",61753,6.17,-0.09,0.00
"07/01/2015 03:30:00","H Q",61844,6.12,-0.14,0.00
"07/01/2015 03:30:00","HUD VL",61758,6.81,0.55,0.00
"07/01/2015 03:30:00","LONGIL",61762,6.93,0.66,0.00
"07/01/2015 03:30:00","MHK VL",61756,6.34,0.08,0.00
"07/01/2015 03:30:00","MILLWD",61759,6.83,0.56,0.00
"07/01/2015 03:30:00","N.Y.C.",61761,6.90,0.63,0.00
"07/01/2015 03:30:00","NORTH",61755,6.06,-0.21,0.00
"07/01/2015 03:30:00","NPX",61845,6.71,0.45,0.00
"07/01/2015 03:30:00","O H",61846,6.07,-0.19,0.00
"07/01/2015 03:30:00","PJM",61847,6.56,0.30,0.00
"07/01/2015 03:30:00","WEST",61752,6.12,-0.14,0.00
"07/01/2015 03:35:00","CAPITL",61757,6.58,0.35,0.00
"07/01/2015 03:35:00","CENTRL",61754,6.29,0.06,0.00
"07/01/2015 03:35:00","DUNWOD",61760,6.79,0.56,0.00
"07/01/2015 03:35:00","GENESE",61753,6.16,-0.07,0.00
"07/01/2015 03:35:00","H Q",61844,6.09,-0.14,0.00
"07/01/2015 03:35:00","HUD VL",61758,6.78,0.55,0.00
"07/01/2015 03:35:00","LONGIL",61762,6.88,0.65,0.00
"07/01/2015 03:35:00","MHK VL",61756,6.31,0.08,0.00
"07/01/2015 03:35:00","MILLWD",61759,6.79,0.56,0.00
"07/01/2015 03:35:00","N.Y.C.",61761,6.85,0.62,0.00
"07/01/2015 03:35:00","NORTH",61755,6.02,-0.21,0.00
"07/01/2015 03:35:00","NPX",61845,6.68,0.45,0.00
"07/01/2015 03:35:00","O H",61846,6.07,-0.16,0.00
"07/01/2015 03:35:00","PJM",61847,6.54,0.31,0.00
"07/01/2015 03:35:00","WEST",61752,6.12,-0.11,0.00
"07/01/2015 03:40:00","CAPITL",61757,6.56,0.35,0.00
"07/01/2015 03:40:00","CENTRL",61754,6.27,0.06,0.00
"07/01/2015 03:40:00","DUNWOD",61760,6.77,0.56,0.00
"07/01/2015 03:40:00","GENESE",61753,6.15,-0.06,0.00
"07/01/2015 03:40:00","H Q",61844,6.07,-0.14,0.00
"07/01/2015 03:40:00","HUD VL",61758,6.75,0.54,0.00
"07/01/2015 03:40:00","LONGIL",61762,6.86,0.65,0.00
"07/01/2015 03:40:00","MHK VL",61756,6.30,0.09,0.00
"07/01/2015 03:40:00","MILLWD",61759,6.76,0.55,0.00
"07/01/2015 03:40:00","N.Y.C.",61761,6.83,0.62,0.00
"07/01/2015 03:40:00","NORTH",61755,6.00,-0.21,0.00
"07/01/2015 03:40:00","NPX",61845,6.65,0.44,0.00
"07/01/2015 03:40:00","O H",61846,6.06,-0.15,0.00
"07/01/2015 03:40:00","PJM",61847,6.52,0.30,0.00
"07/01/2015 03:40:00","WEST",61752,6.12,-0.09,0.00
"07/01/2015 03:45:00","CAPITL",61757,6.55,0.35,0.00
"07/01/2015 03:45:00","CENTRL",61754,6.26,0.06,0.00
"07/01/2015 03:45:00","DUNWOD",61760,6.75,0.55,0.00
"07/01/2015 03:45:00","GENESE",61753,6.14,-0.06,0.00
"07/01/2015 03:45:00","H Q",61844,6.06,-0.14,0.00
"07/01/2015 03:45:00","HUD VL",61758,6.74,0.54,0.00
"07/01/2015 03:45:00","LONGIL",61762,6.84,0.64,0.00
"07/01/2015 03:45:00","MHK VL",61756,6.28,0.08,0.00
"07/01/2015 03:45:00","MILLWD",61759,6.75,0.55,0.00
"07/01/2015 03:45:00","N.Y.C.",61761,6.81,0.61,0.00
"07/01/2015 03:45:00","NORTH",61755,5.99,-0.21,0.00
"07/01/2015 03:45:00","NPX",61845,6.64,0.44,0.00
"07/01/2015 03:45:00","O H",61846,6.06,-0.14,0.00
"07/01/2015 03:45:00","PJM",61847,6.50,0.30,0.00
"07/01/2015 03:45:00","WEST",61752,6.12,-0.07,0.00
"07/01/2015 03:50:00","CAPITL",61757,6.54,0.35,0.00
"07/01/2015 03:50:00","CENTRL",61754,6.25,0.06,0.00
"07/01/2015 03:50:00","DUNWOD",61760,6.74,0.55,0.00
"07/01/2015 03:50:00","GENESE",61753,6.14,-0.06,0.00
"07/01/2015 03:50:00","H Q",61844,6.05,-0.14,0.00
"07/01/2015 03:50:00","HUD VL",61758,6.72,0.53,0.00
"07/01/2015 03:50:00","LONGIL",61762,6.83,0.64,0.00
"07/01/2015 03:50:00","MHK VL",61756,6.27,0.08,0.00
"07/01/2015 03:50:00","MILLWD",61759,6.74,0.55,0.00
"07/01/2015 03:50:00","N.Y.C.",61761,6.81,0.61,0.00
"07/01/2015 03:50:00","NORTH",61755,5.98,-0.21,0.00
"07/01/2015 03:50:00","NPX",61845,6.63,0.44,0.00
"07/01/2015 03:50:00","O H",61846,6.06,-0.14,0.00
"07/01/2015 03:50:00","PJM",61847,6.50,0.30,0.00
"07/01/2015 03:50:00","WEST",61752,6.12,-0.07,0.00
"07/01/2015 03:55:00","CAPITL",61757,6.49,0.34,0.00
"07/01/2015 03:55:00","CENTRL",61754,6.22,0.07,0.00
"07/01/2015 03:55:00","DUNWOD",61760,6.68,0.53,0.00
"07/01/2015 03:55:00","GENESE",61753,6.12,-0.02,0.00
"07/01/2015 03:55:00","H Q",61844,6.01,-0.14,0.00
"07/01/2015 03:55:00","HUD VL",61758,6.67,0.52,0.00
"07/01/2015 03:55:00","LONGIL",61762,6.76,0.61,0.00
"07/01/2015 03:55:00","MHK VL",61756,6.23,0.08,0.00
"07/01/2015 03:55:00","MILLWD",61759,6.68,0.53,0.00
"07/01/2015 03:55:00","N.Y.C.",61761,6.74,0.60,0.00
"07/01/2015 03:55:00","NORTH",61755,5.94,-0.21,0.00
"07/01/2015 03:55:00","NPX",61845,6.58,0.43,0.00
"07/01/2015 03:55:00","O H",61846,6.06,-0.09,0.00
"07/01/2015 03:55:00","PJM",61847,6.45,0.31,0.00
"07/01/2015 03:55:00","WEST",61752,6.12,-0.02,0.00
"07/01/2015 04:00:00","CAPITL",61757,6.43,0.34,0.00
"07/01/2015 04:00:00","CENTRL",61754,6.19,0.09,0.00
"07/01/2015 04:00:00","DUNWOD",61760,6.63,0.54,0.00
"07/01/2015 04:00:00","GENESE",61753,6.10,0.01,0.00
"07/01/2015 04:00:00","H Q",61844,5.95,-0.15,0.00
"07/01/2015 04:00:00","HUD VL",61758,6.62,0.52,0.00
"07/01/2015 04:00:00","LONGIL",61762,6.71,0.62,0.00
"07/01/2015 04:00:00","MHK VL",61756,6.18,0.09,0.00
"07/01/2015 04:00:00","MILLWD",61759,6.63,0.53,0.00
"07/01/2015 04:00:00","N.Y.C.",61761,6.69,0.59,0.00
"07/01/2015 04:00:00","NORTH",61755,5.88,-0.21,0.00
"07/01/2015 04:00:00","NPX",61845,6.52,0.43,0.00
"07/01/2015 04:00:00","O H",61846,6.06,-0.04,0.00
"07/01/2015 04:00:00","PJM",61847,6.42,0.32,0.00
"07/01/2015 04:00:00","WEST",61752,6.13,0.03,0.00
"07/01/2015 04:05:00","CAPITL",61757,6.44,0.35,0.00
"07/01/2015 04:05:00","CENTRL",61754,6.19,0.10,0.00
"07/01/2015 04:05:00","DUNWOD",61760,6.64,0.55,0.00
"07/01/2015 04:05:00","GENESE",61753,6.10,0.01,0.00
"07/01/2015 04:05:00","H Q",61844,5.93,-0.16,0.00
"07/01/2015 04:05:00","HUD VL",61758,6.63,0.54,0.00
"07/01/2015 04:05:00","LONGIL",61762,6.72,0.63,0.00
"07/01/2015 04:05:00","MHK VL",61756,6.18,0.09,0.00
"07/01/2015 04:05:00","MILLWD",61759,6.64,0.55,0.00
"07/01/2015 04:05:00","N.Y.C.",61761,6.70,0.61,0.00
"07/01/2015 04:05:00","NORTH",61755,5.87,-0.23,0.00
"07/01/2015 04:05:00","NPX",61845,6.53,0.44,0.00
"07/01/2015 04:05:00","O H",61846,6.05,-0.04,0.00
"07/01/2015 04:05:00","PJM",61847,6.43,0.33,0.00
"07/01/2015 04:05:00","WEST",61752,6.13,0.04,0.00
"07/01/2015 04:10:00","CAPITL",61757,6.47,0.34,0.00
"07/01/2015 04:10:00","CENTRL",61754,6.21,0.09,0.00
"07/01/2015 04:10:00","DUNWOD",61760,6.68,0.56,0.00
"07/01/2015 04:10:00","GENESE",61753,6.12,-0.01,0.00
"07/01/2015 04:10:00","H Q",61844,5.97,-0.15,0.00
"07/01/2015 04:10:00","HUD VL",61758,6.67,0.54,0.00
"07/01/2015 04:10:00","LONGIL",61762,6.77,0.65,0.00
"07/01/2015 04:10:00","MHK VL",61756,6.21,0.09,0.00
"07/01/2015 04:10:00","MILLWD",61759,6.67,0.55,0.00
"07/01/2015 04:10:00","N.Y.C.",61761,6.74,0.62,0.00
"07/01/2015 04:10:00","NORTH",61755,5.91,-0.21,0.00
"07/01/2015 04:10:00","NPX",61845,6.56,0.43,0.00
"07/01/2015 04:10:00","O H",61846,6.06,-0.06,0.00
"07/01/2015 04:10:00","PJM",61847,6.47,0.34,0.00
"07/01/2015 04:10:00","WEST",61752,6.13,0.01,0.00
"07/01/2015 04:15:00","CAPITL",61757,6.43,0.32,0.00
"07/01/2015 04:15:00","CENTRL",61754,6.20,0.09,0.00
"07/01/2015 04:15:00","DUNWOD",61760,6.65,0.54,0.00
"07/01/2015 04:15:00","GENESE",61753,6.10,-0.01,0.00
"07/01/2015 04:15:00","H Q",61844,5.97,-0.14,0.00
"07/01/2015 04:15:00","HUD VL",61758,6.64,0.53,0.00
"07/01/2015 04:15:00","LONGIL",61762,6.76,0.65,0.00
"07/01/2015 04:15:00","MHK VL",61756,6.20,0.09,0.00
"07/01/2015 04:15:00","MILLWD",61759,6.65,0.54,0.00
"07/01/2015 04:15:00","N.Y.C.",61761,6.71,0.60,0.00
"07/01/2015 04:15:00","NORTH",61755,5.93,-0.18,0.00
"07/01/2015 04:15:00","NPX",61845,6.52,0.41,0.00
"07/01/2015 04:15:00","O H",61846,6.06,-0.05,0.00
"07/01/2015 04:15:00","PJM",61847,6.44,0.33,0.00
"07/01/2015 04:15:00","WEST",61752,6.12,0.01,0.00
"07/01/2015 04:20:00","CAPITL",61757,6.49,0.33,0.00
"07/01/2015 04:20:00","CENTRL",61754,6.25,0.09,0.00
"07/01/2015 04:20:00","DUNWOD",61760,6.73,0.57,0.00
"07/01/2015 04:20:00","GENESE",61753,6.13,-0.03,0.00
"07/01/2015 04:20:00","H Q",61844,6.01,-0.15,0.00
"07/01/2015 04:20:00","HUD VL",61758,6.71,0.55,0.00
"07/01/2015 04:20:00","LONGIL",61762,6.84,0.68,0.00
"07/01/2015 04:20:00","MHK VL",61756,6.25,0.09,0.00
"07/01/2015 04:20:00","MILLWD",61759,6.72,0.56,0.00
"07/01/2015 04:20:00","N.Y.C.",61761,6.78,0.62,0.00
"07/01/2015 04:20:00","NORTH",61755,5.97,-0.19,0.00
"07/01/2015 04:20:00","NPX",61845,6.59,0.43,0.00
"07/01/2015 04:20:00","O H",61846,6.07,-0.09,0.00
"07/01/2015 04:20:00","PJM",61847,6.49,0.33,0.00
"07/01/2015 04:20:00","WEST",61752,6.13,-0.03,0.00
"07/01/2015 04:25:00","CAPITL",61757,6.47,0.33,0.00
"07/01/2015 04:25:00","CENTRL",61754,6.23,0.09,0.00
"07/01/2015 04:25:00","DUNWOD",61760,6.70,0.56,0.00
"07/01/2015 04:25:00","GENESE",61753,6.12,-0.02,0.00
"07/01/2015 04:25:00","H Q",61844,5.99,-0.15,0.00
"07/01/2015 04:25:00","HUD VL",61758,6.68,0.54,0.00
"07/01/2015 04:25:00","LONGIL",61762,6.81,0.67,0.00
"07/01/2015 04:25:00","MHK VL",61756,6.23,0.09,0.00
"07/01/2015 04:25:00","MILLWD",61759,6.69,0.55,0.00
"07/01/2015 04:25:00","N.Y.C.",61761,6.76,0.61,0.00
"07/01/2015 04:25:00","NORTH",61755,5.95,-0.19,0.00
"07/01/2015 04:25:00","NPX",61845,6.56,0.42,0.00
"07/01/2015 04:25:00","O H",61846,6.06,-0.08,0.00
"07/01/2015 04:25:00","PJM",61847,6.47,0.33,0.00
"07/01/2015 04:25:00","WEST",61752,6.12,-0.02,0.00
"07/01/2015 04:30:00","CAPITL",61757,6.49,0.34,0.00
"07/01/2015 04:30:00","CENTRL",61754,6.23,0.07,0.00
"07/01/2015 04:30:00","DUNWOD",61760,6.71,0.56,0.00
"07/01/2015 04:30:00","GENESE",61753,6.12,-0.03,0.00
"07/01/2015 04:30:00","H Q",61844,6.01,-0.14,0.00
"07/01/2015 04:30:00","HUD VL",61758,6.70,0.54,0.00
"07/01/2015 04:30:00","LONGIL",61762,6.82,0.66,0.00
"07/01/2015 04:30:00","MHK VL",61756,6.24,0.09,0.00
"07/01/2015 04:30:00","MILLWD",61759,6.71,0.55,0.00
"07/01/2015 04:30:00","N.Y.C.",61761,6.77,0.62,0.00
"07/01/2015 04:30:00","NORTH",61755,5.96,-0.19,0.00
"07/01/2015 04:30:00","NPX",61845,6.59,0.44,0.00
"07/01/2015 04:30:00","O H",61846,6.05,-0.10,0.00
"07/01/2015 04:30:00","PJM",61847,6.47,0.31,0.00
"07/01/2015 04:30:00","WEST",61752,6.11,-0.04,0.00
"07/01/2015 04:35:00","CAPITL",61757,6.52,0.34,0.00
"07/01/2015 04:35:00","CENTRL",61754,6.25,0.07,0.00
"07/01/2015 04:35:00","DUNWOD",61760,6.74,0.56,0.00
"07/01/2015 04:35:00","GENESE",61753,6.14,-0.04,0.00
"07/01/2015 04:35:00","H Q",61844,6.04,-0.14,0.00
"07/01/2015 04:35:00","HUD VL",61758,6.72,0.54,0.00
"07/01/2015 04:35:00","LONGIL",61762,6.85,0.67,0.00
"07/01/2015 04:35:00","MHK VL",61756,6.27,0.09,0.00
"07/01/2015 04:35:00","MILLWD",61759,6.74,0.56,0.00
"07/01/2015 04:35:00","N.Y.C.",61761,6.80,0.62,0.00
"07/01/2015 04:35:00","NORTH",61755,5.99,-0.19,0.00
"07/01/2015 04:35:00","NPX",61845,6.62,0.44,0.00
"07/01/2015 04:35:00","O H",61846,6.06,-0.12,0.00
"07/01/2015 04:35:00","PJM",61847,6.49,0.31,0.00
"07/01/2015 04:35:00","WEST",61752,6.12,-0.06,0.00
"07/01/2015 04:40:00","CAPITL",61757,6.56,0.34,0.00
"07/01/2015 04:40:00","CENTRL",61754,6.29,0.07,0.00
"07/01/2015 04:40:00","DUNWOD",61760,6.79,0.57,0.00
"07/01/2015 04:40:00","GENESE",61753,6.15,-0.07,0.00
"07/01/2015 04:40:00","H Q",61844,6.08,-0.14,0.00
"07/01/2015 04:40:00","HUD VL",61758,6.77,0.55,0.00
"07/01/2015 04:40:00","LONGIL",61762,6.90,0.68,0.00
"07/01/2015 04:40:00","MHK VL",61756,6.30,0.09,0.00
"07/01/2015 04:40:00","MILLWD",61759,6.78,0.57,0.00
"07/01/2015 04:40:00","N.Y.C.",61761,6.85,0.63,0.00
"07/01/2015 04:40:00","NORTH",61755,6.03,-0.19,0.00
"07/01/2015 04:40:00","NPX",61845,6.66,0.44,0.00
"07/01/2015 04:40:00","O H",61846,6.07,-0.15,0.00
"07/01/2015 04:40:00","PJM",61847,6.53,0.31,0.00
"07/01/2015 04:40:00","WEST",61752,6.12,-0.10,0.00
"07/01/2015 04:45:00","CAPITL",61757,6.57,0.35,0.00
"07/01/2015 04:45:00","CENTRL",61754,6.29,0.06,0.00
"07/01/2015 04:45:00","DUNWOD",61760,6.80,0.57,0.00
"07/01/2015 04:45:00","GENESE",61753,6.16,-0.07,0.00
"07/01/2015 04:45:00","H Q",61844,6.08,-0.14,0.00
"07/01/2015 04:45:00","HUD VL",61758,6.78,0.55,0.00
"07/01/2015 04:45:00","LONGIL",61762,6.91,0.68,0.00
"07/01/2015 04:45:00","MHK VL",61756,6.31,0.09,0.00
"07/01/2015 04:45:00","MILLWD",61759,6.79,0.57,0.00
"07/01/2015 04:45:00","N.Y.C.",61761,6.86,0.64,0.00
"07/01/2015 04:45:00","NORTH",61755,6.04,-0.19,0.00
"07/01/2015 04:45:00","NPX",61845,6.67,0.45,0.00
"07/01/2015 04:45:00","O H",61846,6.06,-0.16,0.00
"07/01/2015 04:45:00","PJM",61847,6.53,0.30,0.00
"07/01/2015 04:45:00","WEST",61752,6.11,-0.11,0.00
"07/01/2015 04:50:00","CAPITL",61757,6.57,0.34,0.00
"07/01/2015 04:50:00","CENTRL",61754,6.28,0.06,0.00
"07/01/2015 04:50:00","DUNWOD",61760,6.80,0.57,0.00
"07/01/2015 04:50:00","GENESE",61753,6.16,-0.07,0.00
"07/01/2015 04:50:00","H Q",61844,6.08,-0.14,0.00
"07/01/2015 04:50:00","HUD VL",61758,6.78,0.55,0.00
"07/01/2015 04:50:00","LONGIL",61762,6.91,0.68,0.00
"07/01/2015 04:50:00","MHK VL",61756,6.31,0.09,0.00
"07/01/2015 04:50:00","MILLWD",61759,6.79,0.57,0.00
"07/01/2015 04:50:00","N.Y.C.",61761,6.86,0.64,0.00
"07/01/2015 04:50:00","NORTH",61755,6.04,-0.18,0.00
"07/01/2015 04:50:00","NPX",61845,6.67,0.44,0.00
"07/01/2015 04:50:00","O H",61846,6.06,-0.16,0.00
"07/01/2015 04:50:00","PJM",61847,6.53,0.30,0.00
"07/01/2015 04:50:00","WEST",61752,6.12,-0.11,0.00
"07/01/2015 04:55:00","CAPITL",61757,6.57,0.34,0.00
"07/01/2015 04:55:00","CENTRL",61754,6.29,0.06,0.00
"07/01/2015 04:55:00","DUNWOD",61760,6.81,0.58,0.00
"07/01/2015 04:55:00","GENESE",61753,6.16,-0.07,0.00
"07/01/2015 04:55:00","H Q",61844,6.09,-0.14,0.00
"07/01/2015 04:55:00","HUD VL",61758,6.79,0.56,0.00
"07/01/2015 04:55:00","LONGIL",61762,6.92,0.69,0.00
"07/01/2015 04:55:00","MHK VL",61756,6.32,0.09,0.00
"07/01/2015 04:55:00","MILLWD",61759,6.80,0.57,0.00
"07/01/2015 04:55:00","N.Y.C.",61761,6.87,0.64,0.00
"07/01/2015 04:55:00","NORTH",61755,6.04,-0.19,0.00
"07/01/2015 04:55:00","NPX",61845,6.67,0.44,0.00
"07/01/2015 04:55:00","O H",61846,6.06,-0.17,0.00
"07/01/2015 04:55:00","PJM",61847,6.54,0.31,0.00
"07/01/2015 04:55:00","WEST",61752,6.12,-0.11,0.00
"07/01/2015 05:00:00","CAPITL",61757,6.59,0.35,0.00
"07/01/2015 05:00:00","CENTRL",61754,6.29,0.04,0.00
"07/01/2015 05:00:00","DUNWOD",61760,6.82,0.58,0.00
"07/01/2015 05:00:00","GENESE",61753,6.16,-0.08,0.00
"07/01/2015 05:00:00","H Q",61844,6.11,-0.14,0.00
"07/01/2015 05:00:00","HUD VL",61758,6.81,0.56,0.00
"07/01/2015 05:00:00","LONGIL",61762,6.94,0.70,0.00
"07/01/2015 05:00:00","MHK VL",61756,6.32,0.08,0.00
"07/01/2015 05:00:00","MILLWD",61759,6.82,0.58,0.00
"07/01/2015 05:00:00","N.Y.C.",61761,6.89,0.64,0.00
"07/01/2015 05:00:00","NORTH",61755,6.05,-0.19,0.00
"07/01/2015 05:00:00","NPX",61845,6.69,0.45,0.00
"07/01/2015 05:00:00","O H",61846,6.06,-0.18,0.00
"07/01/2015 05:00:00","PJM",61847,6.55,0.31,0.00
"07/01/2015 05:00:00","WEST",61752,6.12,-0.12,0.00
"07/01/2015 05:05:00","CAPITL",61757,6.66,0.35,0.00
"07/01/2015 05:05:00","CENTRL",61754,6.33,0.03,0.00
"07/01/2015 05:05:00","DUNWOD",61760,6.90,0.59,0.00
"07/01/2015 05:05:00","GENESE",61753,6.19,-0.12,0.00
"07/01/2015 05:05:00","H Q",61844,6.18,-0.13,0.00
"07/01/2015 05:05:00","HUD VL",61758,6.88,0.57,0.00
"07/01/2015 05:05:00","LONGIL",61762,7.02,0.71,0.00
"07/01/2015 05:05:00","MHK VL",61756,6.38,0.08,0.00
"07/01/2015 05:05:00","MILLWD",61759,6.89,0.58,0.00
"07/01/2015 05:05:00","N.Y.C.",61761,6.96,0.65,0.00
"07/01/2015 05:05:00","NORTH",61755,6.13,-0.18,0.00
"07/01/2015 05:05:00","NPX",61845,6.76,0.45,0.00
"07/01/2015 05:05:00","O H",61846,6.07,-0.24,0.00
"07/01/2015 05:05:00","PJM",61847,6.59,0.28,0.00
"07/01/2015 05:05:00","WEST",61752,6.12,-0.19,0.00
"07/01/2015 05:10:00","CAPITL",61757,6.67,0.36,0.00
"07/01/2015 05:10:00","CENTRL",61754,6.35,0.04,0.00
"07/01/2015 05:10:00","DUNWOD",61760,6.90,0.59,0.00
"07/01/2015 05:10:00","GENESE",61753,6.20,-0.11,0.00
"07/01/2015 05:10:00","H Q",61844,6.16,-0.14,0.00
"07/01/2015 05:10:00","HUD VL",61758,6.88,0.57,0.00
"07/01/2015 05:10:00","LONGIL",61762,7.03,0.73,0.00
"07/01/2015 05:10:00","MHK VL",61756,6.39,0.08,0.00
"07/01/2015 05:10:00","MILLWD",61759,6.90,0.59,0.00
"07/01/2015 05:10:00","N.Y.C.",61761,6.97,0.66,0.00
"07/01/2015 05:10:00","NORTH",61755,6.10,-0.21,0.00
"07/01/2015 05:10:00","NPX",61845,6.77,0.46,0.00
"07/01/2015 05:10:00","O H",61846,6.08,-0.23,0.00
"07/01/2015 05:10:00","PJM",61847,6.60,0.29,0.00
"07/01/2015 05:10:00","WEST",61752,6.12,-0.19,0.00
"07/01/2015 05:15:00","CAPITL",61757,6.69,0.37,0.00
"07/01/2015 05:15:00","CENTRL",61754,6.35,0.04,0.00
"07/01/2015 05:15:00","DUNWOD",61760,6.92,0.60,0.00
"07/01/2015 05:15:00","GENESE",61753,6.20,-0.11,0.00
"07/01/2015 05:15:00","H Q",61844,6.16,-0.15,0.00
"07/01/2015 05:15:00","HUD VL",61758,6.90,0.58,0.00
"07/01/2015 05:15:00","LONGIL",61762,7.04,0.73,0.00
"07/01/2015 05:15:00","MHK VL",61756,6.40,0.08,0.00
"07/01/2015 05:15:00","MILLWD",61759,6.92,0.60,0.00
"07/01/2015 05:15:00","N.Y.C.",61761,6.98,0.66,0.00
"07/01/2015 05:15:00","NORTH",61755,6.09,-0.22,0.00
"07/01/2015 05:15:00","NPX",61845,6.79,0.47,0.00
"07/01/2015 05:15:00","O H",61846,6.07,-0.25,0.00
"07/01/2015 05:15:00","PJM",61847,6.61,0.30,0.00
"07/01/2015 05:15:00","WEST",61752,6.12,-0.20,0.00
"07/01/2015 05:20:00","CAPITL",61757,6.70,0.37,0.00
"07/01/2015 05:20:00","CENTRL",61754,6.37,0.04,0.00
"07/01/2015 05:20:00","DUNWOD",61760,6.94,0.60,0.00
"07/01/2015 05:20:00","GENESE",61753,6.22,-0.12,0.00
"07/01/2015 05:20:00","H Q",61844,6.19,-0.15,0.00
"07/01/2015 05:20:00","HUD VL",61758,6.92,0.58,0.00
"07/01/2015 05:20:00","LONGIL",61762,7.06,0.73,0.00
"07/01/2015 05:20:00","MHK VL",61756,6.42,0.08,0.00
"07/01/2015 05:20:00","MILLWD",61759,6.93,0.60,0.00
"07/01/2015 05:20:00","N.Y.C.",61761,6.99,0.66,0.00
"07/01/2015 05:20:00","NORTH",61755,6.12,-0.22,0.00
"07/01/2015 05:20:00","NPX",61845,6.80,0.47,0.00
"07/01/2015 05:20:00","O H",61846,6.08,-0.25,0.00
"07/01/2015 05:20:00","PJM",61847,6.63,0.29,0.00
"07/01/2015 05:20:00","WEST",61752,6.12,-0.22,0.00
"07/01/2015 05:25:00","CAPITL",61757,6.70,0.37,0.00
"07/01/2015 05:25:00","CENTRL",61754,6.36,0.04,0.00
"07/01/2015 05:25:00","DUNWOD",61760,6.92,0.59,0.00
"07/01/2015 05:25:00","GENESE",61753,6.21,-0.11,0.00
"07/01/2015 05:25:00","H Q",61844,6.18,-0.15,0.00
"07/01/2015 05:25:00","HUD VL",61758,6.90,0.58,0.00
"07/01/2015 05:25:00","LONGIL",61762,7.04,0.72,0.00
"07/01/2015 05:25:00","MHK VL",61756,6.40,0.08,0.00
"07/01/2015 05:25:00","MILLWD",61759,6.91,0.59,0.00
"07/01/2015 05:25:00","N.Y.C.",61761,6.97,0.65,0.00
"07/01/2015 05:25:00","NORTH",61755,6.11,-0.21,0.00
"07/01/2015 05:25:00","NPX",61845,6.79,0.47,0.00
"07/01/2015 05:25:00","O H",61846,6.07,-0.25,0.00
"07/01/2015 05:25:00","PJM",61847,6.61,0.28,0.00
"07/01/2015 05:25:00","WEST",61752,6.11,-0.21,0.00
"07/01/2015 05:30:00","CAPITL",61757,6.73,0.37,0.00
"07/01/2015 05:30:00","CENTRL",61754,6.39,0.04,0.00
"07/01/2015 05:30:00","DUNWOD",61760,6.97,0.61,0.00
"07/01/2015 05:30:00","GENESE",61753,6.22,-0.13,0.00
"07/01/2015 05:30:00","H Q",61844,6.21,-0.15,0.00
"07/01/2015 05:30:00","HUD VL",61758,6.95,0.59,0.00
"07/01/2015 05:30:00","LONGIL",61762,7.09,0.74,0.00
"07/01/2015 05:30:00","MHK VL",61756,6.44,0.09,0.00
"07/01/2015 05:30:00","MILLWD",61759,6.96,0.60,0.00
"07/01/2015 05:30:00","N.Y.C.",61761,7.03,0.67,0.00
"07/01/2015 05:30:00","NORTH",61755,6.14,-0.22,0.00
"07/01/2015 05:30:00","NPX",61845,6.83,0.48,0.00
"07/01/2015 05:30:00","O H",61846,6.08,-0.27,0.00
"07/01/2015 05:30:00","PJM",61847,6.65,0.29,0.00
"07/01/2015 05:30:00","WEST",61752,6.12,-0.24,0.00
"07/01/2015 05:35:00","CAPITL",61757,6.70,0.37,0.00
"07/01/2015 05:35:00","CENTRL",61754,6.38,0.05,0.00
"07/01/2015 05:35:00","DUNWOD",61760,6.93,0.60,0.00
"07/01/2015 05:35:00","GENESE",61753,6.22,-0.11,0.00
"07/01/2015 05:35:00","H Q",61844,6.18,-0.15,0.00
"07/01/2015 05:35:00","HUD VL",61758,6.91,0.58,0.00
"07/01/2015 05:35:00","LONGIL",61762,7.06,0.73,0.00
"07/01/2015 05:35:00","MHK VL",61756,6.42,0.09,0.00
"07/01/2015 05:35:00","MILLWD",61759,6.92,0.59,0.00
"07/01/2015 05:35:00","N.Y.C.",61761,6.99,0.66,0.00
"07/01/2015 05:35:00","NORTH",61755,6.11,-0.22,0.00
"07/01/2015 05:35:00","NPX",61845,6.79,0.46,0.00
"07/01/2015 05:35:00","O H",61846,6.09,-0.24,0.00
"07/01/2015 05:35:00","PJM",61847,6.63,0.30,0.00
"07/01/2015 05:35:00","WEST",61752,6.13,-0.20,0.00
"07/01/2015 05:40:00","CAPITL",61757,6.71,0.37,0.00
"07/01/2015 05:40:00","CENTRL",61754,6.39,0.04,0.00
"07/01/2015 05:40:00","DUNWOD",61760,6.95,0.61,0.00
"07/01/2015 05:40:00","GENESE",61753,6.22,-0.13,0.00
"07/01/2015 05:40:00","H Q",61844,6.19,-0.15,0.00
"07/01/2015 05:40:00","HUD VL",61758,6.93,0.59,0.00
"07/01/2015 05:40:00","LONGIL",61762,7.08,0.74,0.00
"07/01/2015 05:40:00","MHK VL",61756,6.43,0.09,0.00
"07/01/2015 05:40:00","MILLWD",61759,6.95,0.60,0.00
"07/01/2015 05:40:00","N.Y.C.",61761,7.01,0.67,0.00
"07/01/2015 05:40:00","NORTH",61755,6.13,-0.22,0.00
"07/01/2015 05:40:00","NPX",61845,6.81,0.47,0.00
"07/01/2015 05:40:00","O H",61846,6.09,-0.25,0.00
"07/01/2015 05:40:00","PJM",61847,6.65,0.30,0.00
"07/01/2015 05:40:00","WEST",61752,6.13,-0.22,0.00
"07/01/2015 05:45:00","CAPITL",61757,12.78,0.68,0.00
"07/01/2015 05:45:00","CENTRL",61754,12.20,0.10,0.00
"07/01/2015 05:45:00","DUNWOD",61760,13.27,1.16,0.00
"07/01/2015 05:45:00","GENESE",61753,11.92,-0.18,0.00
"07/01/2015 05:45:00","H Q",61844,11.82,-0.29,0.00
"07/01/2015 05:45:00","HUD VL",61758,13.23,1.13,0.00
"07/01/2015 05:45:00","LONGIL",61762,13.49,1.38,0.00
"07/01/2015 05:45:00","MHK VL",61756,12.29,0.18,0.00
"07/01/2015 05:45:00","MILLWD",61759,13.26,1.15,0.00
"07/01/2015 05:45:00","N.Y.C.",61761,13.39,1.28,0.00
"07/01/2015 05:45:00","NORTH",61755,11.69,-0.41,0.00
"07/01/2015 05:45:00","NPX",61845,12.99,0.88,0.00
"07/01/2015 05:45:00","O H",61846,11.69,-0.41,0.00
"07/01/2015 05:45:00","PJM",61847,12.70,0.59,0.00
"07/01/2015 05:45:00","WEST",61752,11.78,-0.33,0.00
"07/01/2015 05:50:00","CAPITL",61757,12.80,0.66,0.00
"07/01/2015 05:50:00","CENTRL",61754,12.24,0.10,0.00
"07/01/2015 05:50:00","DUNWOD",61760,13.32,1.18,0.00
"07/01/2015 05:50:00","GENESE",61753,11.98,-0.17,0.00
"07/01/2015 05:50:00","H Q",61844,11.85,-0.29,0.00
"07/01/2015 05:50:00","HUD VL",61758,13.29,1.14,0.00
"07/01/2015 05:50:00","LONGIL",61762,13.55,1.41,0.00
"07/01/2015 05:50:00","MHK VL",61756,12.33,0.18,0.00
"07/01/2015 05:50:00","MILLWD",61759,13.31,1.17,0.00
"07/01/2015 05:50:00","N.Y.C.",61761,13.46,1.31,0.00
"07/01/2015 05:50:00","NORTH",61755,11.75,-0.40,0.00
"07/01/2015 05:50:00","NPX",61845,13.03,0.89,0.00
"07/01/2015 05:50:00","O H",61846,11.75,-0.40,0.00
"07/01/2015 05:50:00","PJM",61847,12.75,0.61,0.00
"07/01/2015 05:50:00","WEST",61752,11.83,-0.32,0.00
"07/01/2015 05:55:00","CAPITL",61757,14.70,0.78,0.00
"07/01/2015 05:55:00","CENTRL",61754,14.02,0.10,0.00
"07/01/2015 05:55:00","DUNWOD",61760,15.26,1.34,0.00
"07/01/2015 05:55:00","GENESE",61753,13.73,-0.19,0.00
"07/01/2015 05:55:00","H Q",61844,13.60,-0.32,0.00
"07/01/2015 05:55:00","HUD VL",61758,15.22,1.30,0.00
"07/01/2015 05:55:00","LONGIL",61762,15.54,1.61,0.00
"07/01/2015 05:55:00","MHK VL",61756,14.13,0.21,0.00
"07/01/2015 05:55:00","MILLWD",61759,15.25,1.32,0.00
"07/01/2015 05:55:00","N.Y.C.",61761,15.40,1.48,0.00
"07/01/2015 05:55:00","NORTH",61755,13.46,-0.46,0.00
"07/01/2015 05:55:00","NPX",61845,14.94,1.02,0.00
"07/01/2015 05:55:00","O H",61846,13.42,-0.50,0.00
"07/01/2015 05:55:00","PJM",61847,14.59,0.67,0.00
"07/01/2015 05:55:00","WEST",61752,13.55,-0.38,0.00
"07/01/2015 06:00:00","CAPITL",61757,-1.78,-0.09,0.00
"07/01/2015 06:00:00","CENTRL",61754,-1.71,-0.03,0.00
"07/01/2015 06:00:00","DUNWOD",61760,-1.84,-0.15,0.00
"07/01/2015 06:00:00","GENESE",61753,-1.68,0.00,0.00
"07/01/2015 06:00:00","H Q",61844,-1.64,0.04,0.00
"07/01/2015 06:00:00","HUD VL",61758,-1.83,-0.15,0.00
"07/01/2015 06:00:00","LONGIL",61762,-1.87,-0.18,0.00
"07/01/2015 06:00:00","MHK VL",61756,-1.72,-0.03,0.00
"07/01/2015 06:00:00","MILLWD",61759,-1.84,-0.15,0.00
"07/01/2015 06:00:00","N.Y.C.",61761,-1.85,-0.16,0.00
"07/01/2015 06:00:00","NORTH",61755,-1.63,0.06,0.00
"07/01/2015 06:00:00","NPX",61845,-1.80,-0.11,0.00
"07/01/2015 06:00:00","O H",61846,-1.66,0.02,0.00
"07/01/2015 06:00:00","PJM",61847,-1.78,-0.09,0.00
"07/01/2015 06:00:00","WEST",61752,-1.68,0.01,0.00
"07/01/2015 06:05:00","CAPITL",61757,5.40,0.28,0.00
"07/01/2015 06:05:00","CENTRL",61754,5.22,0.11,0.00
"07/01/2015 06:05:00","DUNWOD",61760,5.57,0.46,0.00
"07/01/2015 06:05:00","GENESE",61753,5.16,0.05,0.00
"07/01/2015 06:05:00","H Q",61844,4.98,-0.13,0.00
"07/01/2015 06:05:00","HUD VL",61758,5.57,0.45,0.00
"07/01/2015 06:05:00","LONGIL",61762,5.66,0.55,0.00
"07/01/2015 06:05:00","MHK VL",61756,5.21,0.09,0.00
"07/01/2015 06:05:00","MILLWD",61759,5.57,0.46,0.00
"07/01/2015 06:05:00","N.Y.C.",61761,5.61,0.49,0.00
"07/01/2015 06:05:00","NORTH",61755,4.94,-0.18,0.00
"07/01/2015 06:05:00","NPX",61845,5.46,0.35,0.00
"07/01/2015 06:05:00","O H",61846,5.12,0.01,0.00
"07/01/2015 06:05:00","PJM",61847,5.42,0.31,0.00
"07/01/2015 06:05:00","WEST",61752,5.18,0.07,0.00
"07/01/2015 06:10:00","CAPITL",61757,7.58,0.42,0.00
"07/01/2015 06:10:00","CENTRL",61754,7.26,0.09,0.00
"07/01/2015 06:10:00","DUNWOD",61760,7.84,0.68,0.00
"07/01/2015 06:10:00","GENESE",61753,7.12,-0.04,0.00
"07/01/2015 06:10:00","H Q",61844,6.98,-0.18,0.00
"07/01/2015 06:10:00","HUD VL",61758,7.83,0.67,0.00
"07/01/2015 06:10:00","LONGIL",61762,7.98,0.82,0.00
"07/01/2015 06:10:00","MHK VL",61756,7.29,0.13,0.00
"07/01/2015 06:10:00","MILLWD",61759,7.84,0.67,0.00
"07/01/2015 06:10:00","N.Y.C.",61761,7.91,0.74,0.00
"07/01/2015 06:10:00","NORTH",61755,6.92,-0.24,0.00
"07/01/2015 06:10:00","NPX",61845,7.68,0.52,0.00
"07/01/2015 06:10:00","O H",61846,6.99,-0.17,0.00
"07/01/2015 06:10:00","PJM",61847,7.54,0.38,0.00
"07/01/2015 06:10:00","WEST",61752,7.06,-0.10,0.00
"07/01/2015 06:15:00","CAPITL",61757,7.61,0.42,0.00
"07/01/2015 06:15:00","CENTRL",61754,7.25,0.06,0.00
"07/01/2015 06:15:00","DUNWOD",61760,7.89,0.70,0.00
"07/01/2015 06:15:00","GENESE",61753,7.07,-0.12,0.00
"07/01/2015 06:15:00","H Q",61844,7.01,-0.17,0.00
"07/01/2015 06:15:00","HUD VL",61758,7.87,0.68,0.00
"07/01/2015 06:15:00","LONGIL",61762,8.03,0.85,0.00
"07/01/2015 06:15:00","MHK VL",61756,7.31,0.13,0.00
"07/01/2015 06:15:00","MILLWD",61759,7.89,0.70,0.00
"07/01/2015 06:15:00","N.Y.C.",61761,7.96,0.78,0.00
"07/01/2015 06:15:00","NORTH",61755,6.95,-0.24,0.00
"07/01/2015 06:15:00","NPX",61845,7.72,0.53,0.00
"07/01/2015 06:15:00","O H",61846,6.91,-0.27,0.00
"07/01/2015 06:15:00","PJM",61847,7.54,0.35,0.00
"07/01/2015 06:15:00","WEST",61752,6.98,-0.21,0.00
"07/01/2015 06:20:00","CAPITL",61757,7.59,0.42,0.00
"07/01/2015 06:20:00","CENTRL",61754,7.25,0.08,0.00
"07/01/2015 06:20:00","DUNWOD",61760,7.87,0.70,0.00
"07/01/2015 06:20:00","GENESE",61753,7.06,-0.11,0.00
"07/01/2015 06:20:00","H Q",61844,6.99,-0.18,0.00
"07/01/2015 06:20:00","HUD VL",61758,7.85,0.68,0.00
"07/01/2015 06:20:00","LONGIL",61762,8.02,0.85,0.00
"07/01/2015 06:20:00","MHK VL",61756,7.31,0.14,0.00
"07/01/2015 06:20:00","MILLWD",61759,7.87,0.70,0.00
"07/01/2015 06:20:00","N.Y.C.",61761,7.94,0.77,0.00
"07/01/2015 06:20:00","NORTH",61755,6.93,-0.24,0.00
"07/01/2015 06:20:00","NPX",61845,7.69,0.52,0.00
"07/01/2015 06:20:00","O H",61846,6.91,-0.27,0.00
"07/01/2015 06:20:00","PJM",61847,7.54,0.37,0.00
"07/01/2015 06:20:00","WEST",61752,6.97,-0.20,0.00
"07/01/2015 06:25:00","CAPITL",61757,7.58,0.44,0.00
"07/01/2015 06:25:00","CENTRL",61754,7.18,0.04,0.00
"07/01/2015 06:25:00","DUNWOD",61760,7.86,0.72,0.00
"07/01/2015 06:25:00","GENESE",61753,6.98,-0.16,0.00
"07/01/2015 06:25:00","H Q",61844,6.97,-0.17,0.00
"07/01/2015 06:25:00","HUD VL",61758,7.84,0.70,0.00
"07/01/2015 06:25:00","LONGIL",61762,8.01,0.86,0.00
"07/01/2015 06:25:00","MHK VL",61756,7.26,0.12,0.00
"07/01/2015 06:25:00","MILLWD",61759,7.86,0.71,0.00
"07/01/2015 06:25:00","N.Y.C.",61761,7.93,0.79,0.00
"07/01/2015 06:25:00","NORTH",61755,6.91,-0.23,0.00
"07/01/2015 06:25:00","NPX",61845,7.69,0.54,0.00
"07/01/2015 06:25:00","O H",61846,6.77,-0.37,0.00
"07/01/2015 06:25:00","PJM",61847,7.46,0.32,0.00
"07/01/2015 06:25:00","WEST",61752,6.83,-0.31,0.00
"07/01/2015 06:30:00","CAPITL",61757,7.58,0.43,0.00
"07/01/2015 06:30:00","CENTRL",61754,7.21,0.06,0.00
"07/01/2015 06:30:00","DUNWOD",61760,7.86,0.71,0.00
"07/01/2015 06:30:00","GENESE",61753,7.01,-0.14,0.00
"07/01/2015 06:30:00","H Q",61844,6.97,-0.18,0.00
"07/01/2015 06:30:00","HUD VL",61758,7.84,0.69,0.00
"07/01/2015 06:30:00","LONGIL",61762,8.01,0.86,0.00
"07/01/2015 06:30:00","MHK VL",61756,7.29,0.14,0.00
"07/01/2015 06:30:00","MILLWD",61759,7.86,0.71,0.00
"07/01/2015 06:30:00","N.Y.C.",61761,7.93,0.78,0.00
"07/01/2015 06:30:00","NORTH",61755,6.91,-0.24,0.00
"07/01/2015 06:30:00","NPX",61845,7.69,0.54,0.00
"07/01/2015 06:30:00","O H",61846,6.83,-0.32,0.00
"07/01/2015 06:30:00","PJM",61847,7.49,0.34,0.00
"07/01/2015 06:30:00","WEST",61752,6.89,-0.26,0.00
"07/01/2015 06:35:00","CAPITL",61757,7.60,0.42,0.00
"07/01/2015 06:35:00","CENTRL",61754,7.26,0.07,0.00
"07/01/2015 06:35:00","DUNWOD",61760,7.90,0.72,0.00
"07/01/2015 06:35:00","GENESE",61753,7.07,-0.12,0.00
"07/01/2015 06:35:00","H Q",61844,7.00,-0.18,0.00
"07/01/2015 06:35:00","HUD VL",61758,7.88,0.70,0.00
"07/01/2015 06:35:00","LONGIL",61762,8.05,0.87,0.00
"07/01/2015 06:35:00","MHK VL",61756,7.32,0.14,0.00
"07/01/2015 06:35:00","MILLWD",61759,7.90,0.72,0.00
"07/01/2015 06:35:00","N.Y.C.",61761,7.97,0.78,0.00
"07/01/2015 06:35:00","NORTH",61755,6.95,-0.24,0.00
"07/01/2015 06:35:00","NPX",61845,7.72,0.53,0.00
"07/01/2015 06:35:00","O H",61846,6.89,-0.29,0.00
"07/01/2015 06:35:00","PJM",61847,7.55,0.37,0.00
"07/01/2015 06:35:00","WEST",61752,6.95,-0.23,0.00
"07/01/2015 06:40:00","CAPITL",61757,7.62,0.40,0.00
"07/01/2015 06:40:00","CENTRL",61754,7.31,0.09,0.00
"07/01/2015 06:40:00","DUNWOD",61760,7.93,0.71,0.00
"07/01/2015 06:40:00","GENESE",61753,7.13,-0.09,0.00
"07/01/2015 06:40:00","H Q",61844,7.03,-0.18,0.00
"07/01/2015 06:40:00","HUD VL",61758,7.91,0.70,0.00
"07/01/2015 06:40:00","LONGIL",61762,8.08,0.87,0.00
"07/01/2015 06:40:00","MHK VL",61756,7.36,0.14,0.00
"07/01/2015 06:40:00","MILLWD",61759,7.93,0.71,0.00
"07/01/2015 06:40:00","N.Y.C.",61761,7.99,0.78,0.00
"07/01/2015 06:40:00","NORTH",61755,6.97,-0.25,0.00
"07/01/2015 06:40:00","NPX",61845,7.73,0.52,0.00
"07/01/2015 06:40:00","O H",61846,6.96,-0.25,0.00
"07/01/2015 06:40:00","PJM",61847,7.59,0.38,0.00
"07/01/2015 06:40:00","WEST",61752,7.02,-0.19,0.00
"07/01/2015 06:45:00","CAPITL",61757,17.86,0.96,0.00
"07/01/2015 06:45:00","CENTRL",61754,17.06,0.17,0.00
"07/01/2015 06:45:00","DUNWOD",61760,18.58,1.69,0.00
"07/01/2015 06:45:00","GENESE",61753,16.66,-0.24,0.00
"07/01/2015 06:45:00","H Q",61844,16.47,-0.42,0.00
"07/01/2015 06:45:00","HUD VL",61758,18.53,1.64,0.00
"07/01/2015 06:45:00","LONGIL",61762,18.90,2.01,0.00
"07/01/2015 06:45:00","MHK VL",61756,17.25,0.36,0.00
"07/01/2015 06:45:00","MILLWD",61759,18.58,1.69,0.00
"07/01/2015 06:45:00","N.Y.C.",61761,18.72,1.82,0.00
"07/01/2015 06:45:00","NORTH",61755,16.34,-0.56,0.00
"07/01/2015 06:45:00","NPX",61845,18.13,1.23,0.00
"07/01/2015 06:45:00","O H",61846,16.22,-0.68,0.00
"07/01/2015 06:45:00","PJM",61847,17.74,0.84,0.00
"07/01/2015 06:45:00","WEST",61752,16.37,-0.52,0.00
"07/01/2015 06:50:00","CAPITL",61757,19.13,1.05,0.00
"07/01/2015 06:50:00","CENTRL",61754,18.28,0.20,0.00
"07/01/2015 06:50:00","DUNWOD",61760,19.87,1.79,0.00
"07/01/2015 06:50:00","GENESE",61753,17.87,-0.22,0.00
"07/01/2015 06:50:00","H Q",61844,48.38,-0.45,-30.75
"07/01/2015 06:50:00","HUD VL",61758,19.82,1.74,0.00
"07/01/2015 06:50:00","LONGIL",61762,20.20,2.11,0.00
"07/01/2015 06:50:00","MHK VL",61756,18.48,0.40,0.00
"07/01/2015 06:50:00","MILLWD",61759,19.87,1.79,0.00
"07/01/2015 06:50:00","N.Y.C.",61761,20.02,1.94,0.00
"07/01/2015 06:50:00","NORTH",61755,17.49,-0.60,0.00
"07/01/2015 06:50:00","NPX",61845,50.15,1.32,-30.75
"07/01/2015 06:50:00","O H",61846,48.14,-0.69,-30.75
"07/01/2015 06:50:00","PJM",61847,49.74,0.90,-30.75
"07/01/2015 06:50:00","WEST",61752,17.58,-0.51,0.00
"07/01/2015 06:55:00","CAPITL",61757,19.91,1.09,0.00
"07/01/2015 06:55:00","CENTRL",61754,19.05,0.23,0.00
"07/01/2015 06:55:00","DUNWOD",61760,20.68,1.86,0.00
"07/01/2015 06:55:00","GENESE",61753,18.58,-0.25,0.00
"07/01/2015 06:55:00","H Q",61844,49.10,-0.47,-30.75
"07/01/2015 06:55:00","HUD VL",61758,20.63,1.81,0.00
"07/01/2015 06:55:00","LONGIL",61762,21.02,2.20,0.00
"07/01/2015 06:55:00","MHK VL",61756,19.23,0.41,0.00
"07/01/2015 06:55:00","MILLWD",61759,20.68,1.86,0.00
"07/01/2015 06:55:00","N.Y.C.",61761,20.84,2.01,0.00
"07/01/2015 06:55:00","NORTH",61755,18.20,-0.62,0.00
"07/01/2015 06:55:00","NPX",61845,50.94,1.37,-30.75
"07/01/2015 06:55:00","O H",61846,48.83,-0.73,-30.75
"07/01/2015 06:55:00","PJM",61847,50.53,0.96,-30.75
"07/01/2015 06:55:00","WEST",61752,18.29,-0.53,0.00
"07/01/2015 07:00:00","CAPITL",61757,0.01,0.00,0.00
"07/01/2015 07:00:00","CENTRL",61754,0.01,0.00,0.00
"07/01/2015 07:00:00","DUNWOD",61760,0.01,0.00,0.00
"07/01/2015 07:00:00","GENESE",61753,0.01,0.00,0.00
"07/01/2015 07:00:00","H Q",61844,30.76,0.00,-30.75
"07/01/2015 07:00:00","HUD VL",61758,0.01,0.00,0.00
"07/01/2015 07:00:00","LONGIL",61762,0.01,0.00,0.00
"07/01/2015 07:00:00","MHK VL",61756,0.01,0.00,0.00
"07/01/2015 07:00:00","MILLWD",61759,0.01,0.00,0.00
"07/01/2015 07:00:00","N.Y.C.",61761,0.01,0.00,0.00
"07/01/2015 07:00:00","NORTH",61755,0.01,0.00,0.00
"07/01/2015 07:00:00","NPX",61845,30.76,0.00,-30.75
"07/01/2015 07:00:00","O H",61846,30.76,0.00,-30.75
"07/01/2015 07:00:00","PJM",61847,30.76,0.00,-30.75
"07/01/2015 07:00:00","WEST",61752,0.01,0.00,0.00
"07/01/2015 07:05:00","CAPITL",61757,0.02,0.00,0.00
"07/01/2015 07:05:00","CENTRL",61754,0.02,0.00,0.00
"07/01/2015 07:05:00","DUNWOD",61760,0.02,0.00,0.00
"07/01/2015 07:05:00","GENESE",61753,0.02,0.00,0.00
"07/01/2015 07:05:00","H Q",61844,-33.94,0.00,33.96
"07/01/2015 07:05:00","HUD VL",61758,0.02,0.00,0.00
"07/01/2015 07:05:00","LONGIL",61762,0.02,0.00,0.00
"07/01/2015 07:05:00","MHK VL",61756,0.02,0.00,0.00
"07/01/2015 07:05:00","MILLWD",61759,0.02,0.00,0.00
"07/01/2015 07:05:00","N.Y.C.",61761,0.02,0.00,0.00
"07/01/2015 07:05:00","NORTH",61755,0.02,0.00,0.00
"07/01/2015 07:05:00","NPX",61845,-33.93,0.00,33.96
"07/01/2015 07:05:00","O H",61846,-33.94,0.00,33.96
"07/01/2015 07:05:00","PJM",61847,-33.93,0.00,33.96
"07/01/2015 07:05:00","WEST",61752,0.02,0.00,0.00
"07/01/2015 07:10:00","CAPITL",61757,11.14,0.67,0.00
"07/01/2015 07:10:00","CENTRL",61754,10.60,0.13,0.00
"07/01/2015 07:10:00","DUNWOD",61760,11.59,1.12,0.00
"07/01/2015 07:10:00","GENESE",61753,10.41,-0.06,0.00
"07/01/2015 07:10:00","H Q",61844,-23.80,-0.31,33.96
"07/01/2015 07:10:00","HUD VL",61758,11.56,1.09,0.00
"07/01/2015 07:10:00","LONGIL",61762,11.79,1.32,0.00
"07/01/2015 07:10:00","MHK VL",61756,10.71,0.24,0.00
"07/01/2015 07:10:00","MILLWD",61759,11.59,1.12,0.00
"07/01/2015 07:10:00","N.Y.C.",61761,11.71,1.23,0.00
"07/01/2015 07:10:00","NORTH",61755,10.05,-0.42,0.00
"07/01/2015 07:10:00","NPX",61845,-22.68,0.81,33.96
"07/01/2015 07:10:00","O H",61846,-23.86,-0.38,33.96
"07/01/2015 07:10:00","PJM",61847,-22.93,0.55,33.96
"07/01/2015 07:10:00","WEST",61752,10.22,-0.25,0.00
"07/01/2015 07:15:00","CAPITL",61757,7.63,0.43,0.00
"07/01/2015 07:15:00","CENTRL",61754,7.33,0.14,0.00
"07/01/2015 07:15:00","DUNWOD",61760,7.96,0.76,0.00
"07/01/2015 07:15:00","GENESE",61753,7.20,0.01,0.00
"07/01/2015 07:15:00","H Q",61844,-26.98,-0.22,33.96
"07/01/2015 07:15:00","HUD VL",61758,7.95,0.75,0.00
"07/01/2015 07:15:00","LONGIL",61762,8.09,0.89,0.00
"07/01/2015 07:15:00","MHK VL",61756,7.37,0.17,0.00
"07/01/2015 07:15:00","MILLWD",61759,7.96,0.76,0.00
"07/01/2015 07:15:00","N.Y.C.",61761,8.04,0.84,0.00
"07/01/2015 07:15:00","NORTH",61755,6.91,-0.29,0.00
"07/01/2015 07:15:00","NPX",61845,-26.23,0.53,33.96
"07/01/2015 07:15:00","O H",61846,-26.91,-0.15,33.96
"07/01/2015 07:15:00","PJM",61847,-26.32,0.44,33.96
"07/01/2015 07:15:00","WEST",61752,7.15,-0.04,0.00
"07/01/2015 07:20:00","CAPITL",61757,11.00,0.63,0.00
"07/01/2015 07:20:00","CENTRL",61754,10.55,0.19,0.00
"07/01/2015 07:20:00","DUNWOD",61760,11.46,1.10,0.00
"07/01/2015 07:20:00","GENESE",61753,10.36,0.00,0.00
"07/01/2015 07:20:00","H Q",61844,10.04,-0.32,0.00
"07/01/2015 07:20:00","HUD VL",61758,11.44,1.08,0.00
"07/01/2015 07:20:00","LONGIL",61762,11.65,1.28,0.00
"07/01/2015 07:20:00","MHK VL",61756,10.62,0.26,0.00
"07/01/2015 07:20:00","MILLWD",61759,11.46,1.10,0.00
"07/01/2015 07:20:00","N.Y.C.",61761,11.57,1.21,0.00
"07/01/2015 07:20:00","NORTH",61755,9.95,-0.41,0.00
"07/01/2015 07:20:00","NPX",61845,11.14,0.78,0.00
"07/01/2015 07:20:00","O H",61846,10.11,-0.25,0.00
"07/01/2015 07:20:00","PJM",61847,10.97,0.61,0.00
"07/01/2015 07:20:00","WEST",61752,10.27,-0.09,0.00
"07/01/2015 07:25:00","CAPITL",61757,7.64,0.43,0.00
"07/01/2015 07:25:00","CENTRL",61754,7.37,0.15,0.00
"07/01/2015 07:25:00","DUNWOD",61760,7.98,0.76,0.00
"07/01/2015 07:25:00","GENESE",61753,7.26,0.04,0.00
"07/01/2015 07:25:00","H Q",61844,6.99,-0.22,0.00
"07/01/2015 07:25:00","HUD VL",61758,7.95,0.74,0.00
"07/01/2015 07:25:00","LONGIL",61762,8.11,0.89,0.00
"07/01/2015 07:25:00","MHK VL",61756,7.40,0.19,0.00
"07/01/2015 07:25:00","MILLWD",61759,7.97,0.75,0.00
"07/01/2015 07:25:00","N.Y.C.",61761,8.05,0.83,0.00
"07/01/2015 07:25:00","NORTH",61755,6.93,-0.29,0.00
"07/01/2015 07:25:00","NPX",61845,7.74,0.53,0.00
"07/01/2015 07:25:00","O H",61846,7.12,-0.10,0.00
"07/01/2015 07:25:00","PJM",61847,7.67,0.45,0.00
"07/01/2015 07:25:00","WEST",61752,7.23,0.01,0.00
"07/01/2015 07:30:00","CAPITL",61757,10.94,0.62,0.00
"07/01/2015 07:30:00","CENTRL",61754,10.52,0.20,0.00
"07/01/2015 07:30:00","DUNWOD",61760,11.41,1.09,0.00
"07/01/2015 07:30:00","GENESE",61753,10.34,0.02,0.00
"07/01/2015 07:30:00","H Q",61844,10.00,-0.32,0.00
"07/01/2015 07:30:00","HUD VL",61758,11.38,1.06,0.00
"07/01/2015 07:30:00","LONGIL",61762,11.61,1.29,0.00
"07/01/2015 07:30:00","MHK VL",61756,10.64,0.32,0.00
"07/01/2015 07:30:00","MILLWD",61759,11.41,1.09,0.00
"07/01/2015 07:30:00","N.Y.C.",61761,11.52,1.20,0.00
"07/01/2015 07:30:00","NORTH",61755,9.92,-0.40,0.00
"07/01/2015 07:30:00","NPX",61845,11.08,0.76,0.00
"07/01/2015 07:30:00","O H",61846,10.12,-0.20,0.00
"07/01/2015 07:30:00","PJM",61847,10.95,0.63,0.00
"07/01/2015 07:30:00","WEST",61752,10.29,-0.03,0.00
"07/01/2015 07:35:00","CAPITL",61757,11.00,0.62,0.00
"07/01/2015 07:35:00","CENTRL",61754,10.56,0.19,0.00
"07/01/2015 07:35:00","DUNWOD",61760,11.47,1.10,0.00
"07/01/2015 07:35:00","GENESE",61753,10.37,0.00,0.00
"07/01/2015 07:35:00","H Q",61844,10.06,-0.31,0.00
"07/01/2015 07:35:00","HUD VL",61758,11.44,1.07,0.00
"07/01/2015 07:35:00","LONGIL",61762,11.66,1.29,0.00
"07/01/2015 07:35:00","MHK VL",61756,10.69,0.32,0.00
"07/01/2015 07:35:00","MILLWD",61759,11.47,1.10,0.00
"07/01/2015 07:35:00","N.Y.C.",61761,11.59,1.21,0.00
"07/01/2015 07:35:00","NORTH",61755,9.98,-0.39,0.00
"07/01/2015 07:35:00","NPX",61845,11.14,0.77,0.00
"07/01/2015 07:35:00","O H",61846,10.11,-0.26,0.00
"07/01/2015 07:35:00","PJM",61847,10.98,0.61,0.00
"07/01/2015 07:35:00","WEST",61752,10.27,-0.10,0.00
"07/01/2015 07:40:00","CAPITL",61757,10.98,0.62,0.00
"07/01/2015 07:40:00","CENTRL",61754,10.56,0.20,0.00
"07/01/2015 07:40:00","DUNWOD",61760,11.46,1.10,0.00
"07/01/2015 07:40:00","GENESE",61753,10.37,0.01,0.00
"07/01/2015 07:40:00","H Q",61844,10.05,-0.31,0.00
"07/01/2015 07:40:00","HUD VL",61758,11.43,1.07,0.00
"07/01/2015 07:40:00","LONGIL",61762,11.64,1.27,0.00
"07/01/2015 07:40:00","MHK VL",61756,10.68,0.32,0.00
"07/01/2015 07:40:00","MILLWD",61759,11.46,1.10,0.00
"07/01/2015 07:40:00","N.Y.C.",61761,11.56,1.20,0.00
"07/01/2015 07:40:00","NORTH",61755,9.97,-0.39,0.00
"07/01/2015 07:40:00","NPX",61845,11.14,0.78,0.00
"07/01/2015 07:40:00","O H",61846,10.13,-0.24,0.00
"07/01/2015 07:40:00","PJM",61847,10.98,0.62,0.00
"07/01/2015 07:40:00","WEST",61752,10.28,-0.08,0.00
"07/01/2015 07:45:00","CAPITL",61757,14.15,0.80,0.00
"07/01/2015 07:45:00","CENTRL",61754,13.59,0.24,0.00
"07/01/2015 07:45:00","DUNWOD",61760,14.75,1.40,0.00
"07/01/2015 07:45:00","GENESE",61753,13.36,0.01,0.00
"07/01/2015 07:45:00","H Q",61844,12.95,-0.40,0.00
"07/01/2015 07:45:00","HUD VL",61758,14.72,1.37,0.00
"07/01/2015 07:45:00","LONGIL",61762,14.97,1.63,0.00
"07/01/2015 07:45:00","MHK VL",61756,13.77,0.43,0.00
"07/01/2015 07:45:00","MILLWD",61759,14.75,1.40,0.00
"07/01/2015 07:45:00","N.Y.C.",61761,14.89,1.55,0.00
"07/01/2015 07:45:00","NORTH",61755,12.85,-0.49,0.00
"07/01/2015 07:45:00","NPX",61845,14.33,0.99,0.00
"07/01/2015 07:45:00","O H",61846,13.04,-0.31,0.00
"07/01/2015 07:45:00","PJM",61847,14.13,0.79,0.00
"07/01/2015 07:45:00","WEST",61752,13.24,-0.11,0.00
"07/01/2015 07:50:00","CAPITL",61757,15.84,0.88,0.00
"07/01/2015 07:50:00","CENTRL",61754,15.26,0.30,0.00
"07/01/2015 07:50:00","DUNWOD",61760,16.51,1.56,0.00
"07/01/2015 07:50:00","GENESE",61753,15.00,0.05,0.00
"07/01/2015 07:50:00","H Q",61844,14.51,-0.45,0.00
"07/01/2015 07:50:00","HUD VL",61758,16.48,1.53,0.00
"07/01/2015 07:50:00","LONGIL",61762,16.75,1.79,0.00
"07/01/2015 07:50:00","MHK VL",61756,15.43,0.48,0.00
"07/01/2015 07:50:00","MILLWD",61759,16.51,1.56,0.00
"07/01/2015 07:50:00","N.Y.C.",61761,16.68,1.72,0.00
"07/01/2015 07:50:00","NORTH",61755,14.39,-0.57,0.00
"07/01/2015 07:50:00","NPX",61845,16.05,1.09,0.00
"07/01/2015 07:50:00","O H",61846,14.67,-0.28,0.00
"07/01/2015 07:50:00","PJM",61847,15.87,0.91,0.00
"07/01/2015 07:50:00","WEST",61752,14.91,-0.04,0.00
"07/01/2015 07:55:00","CAPITL",61757,19.08,1.06,0.00
"07/01/2015 07:55:00","CENTRL",61754,18.40,0.38,0.00
"07/01/2015 07:55:00","DUNWOD",61760,19.87,1.86,0.00
"07/01/2015 07:55:00","GENESE",61753,18.15,0.13,0.00
"07/01/2015 07:55:00","H Q",61844,17.48,-0.54,0.00
"07/01/2015 07:55:00","HUD VL",61758,19.84,1.82,0.00
"07/01/2015 07:55:00","LONGIL",61762,20.14,2.13,0.00
"07/01/2015 07:55:00","MHK VL",61756,18.59,0.58,0.00
"07/01/2015 07:55:00","MILLWD",61759,19.87,1.86,0.00
"07/01/2015 07:55:00","N.Y.C.",61761,20.05,2.04,0.00
"07/01/2015 07:55:00","NORTH",61755,17.33,-0.68,0.00
"07/01/2015 07:55:00","NPX",61845,19.32,1.30,0.00
"07/01/2015 07:55:00","O H",61846,17.77,-0.25,0.00
"07/01/2015 07:55:00","PJM",61847,19.14,1.12,0.00
"07/01/2015 07:55:00","WEST",61752,18.05,0.04,0.00
"07/01/2015 08:00:00","CAPITL",61757,7.66,0.44,0.00
"07/01/2015 08:00:00","CENTRL",61754,7.36,0.14,0.00
"07/01/2015 08:00:00","DUNWOD",61760,7.97,0.76,0.00
"07/01/2015 08:00:00","GENESE",61753,7.26,0.04,0.00
"07/01/2015 08:00:00","H Q",61844,6.99,-0.22,0.00
"07/01/2015 08:00:00","HUD VL",61758,7.96,0.74,0.00
"07/01/2015 08:00:00","LONGIL",61762,8.05,0.84,0.00
"07/01/2015 08:00:00","MHK VL",61756,7.45,0.23,0.00
"07/01/2015 08:00:00","MILLWD",61759,7.97,0.76,0.00
"07/01/2015 08:00:00","N.Y.C.",61761,8.05,0.83,0.00
"07/01/2015 08:00:00","NORTH",61755,6.93,-0.28,0.00
"07/01/2015 08:00:00","NPX",61845,7.75,0.53,0.00
"07/01/2015 08:00:00","O H",61846,7.10,-0.12,0.00
"07/01/2015 08:00:00","PJM",61847,7.66,0.45,0.00
"07/01/2015 08:00:00","WEST",61752,7.22,0.01,0.00
"07/01/2015 08:05:00","CAPITL",61757,7.65,0.43,0.00
"07/01/2015 08:05:00","CENTRL",61754,7.35,0.14,0.00
"07/01/2015 08:05:00","DUNWOD",61760,7.98,0.76,0.00
"07/01/2015 08:05:00","GENESE",61753,7.25,0.04,0.00
"07/01/2015 08:05:00","H Q",61844,6.99,-0.22,0.00
"07/01/2015 08:05:00","HUD VL",61758,7.97,0.76,0.00
"07/01/2015 08:05:00","LONGIL",61762,8.06,0.84,0.00
"07/01/2015 08:05:00","MHK VL",61756,7.45,0.23,0.00
"07/01/2015 08:05:00","MILLWD",61759,7.98,0.76,0.00
"07/01/2015 08:05:00","N.Y.C.",61761,8.06,0.84,0.00
"07/01/2015 08:05:00","NORTH",61755,6.93,-0.28,0.00
"07/01/2015 08:05:00","NPX",61845,7.74,0.53,0.00
"07/01/2015 08:05:00","O H",61846,7.08,-0.14,0.00
"07/01/2015 08:05:00","PJM",61847,7.66,0.44,0.00
"07/01/2015 08:05:00","WEST",61752,7.20,-0.01,0.00
"07/01/2015 08:10:00","CAPITL",61757,10.89,0.59,0.00
"07/01/2015 08:10:00","CENTRL",61754,10.49,0.20,0.00
"07/01/2015 08:10:00","DUNWOD",61760,11.39,1.09,0.00
"07/01/2015 08:10:00","GENESE",61753,10.35,0.05,0.00
"07/01/2015 08:10:00","H Q",61844,9.99,-0.31,0.00
"07/01/2015 08:10:00","HUD VL",61758,11.37,1.07,0.00
"07/01/2015 08:10:00","LONGIL",61762,11.50,1.20,0.00
"07/01/2015 08:10:00","MHK VL",61756,10.64,0.34,0.00
"07/01/2015 08:10:00","MILLWD",61759,11.39,1.09,0.00
"07/01/2015 08:10:00","N.Y.C.",61761,11.50,1.20,0.00
"07/01/2015 08:10:00","NORTH",61755,9.92,-0.38,0.00
"07/01/2015 08:10:00","NPX",61845,11.03,0.73,0.00
"07/01/2015 08:10:00","O H",61846,10.10,-0.20,0.00
"07/01/2015 08:10:00","PJM",61847,10.92,0.62,0.00
"07/01/2015 08:10:00","WEST",61752,10.27,-0.03,0.00
"07/01/2015 08:15:00","CAPITL",61757,10.94,0.60,0.00
"07/01/2015 08:15:00","CENTRL",61754,10.54,0.20,0.00
"07/01/2015 08:15:00","DUNWOD",61760,11.47,1.13,0.00
"07/01/2015 08:15:00","GENESE",61753,10.37,0.03,0.00
"07/01/2015 08:15:00","H Q",61844,10.02,-0.32,0.00
"07/01/2015 08:15:00","HUD VL",61758,11.45,1.11,0.00
"07/01/2015 08:15:00","LONGIL",61762,11.57,1.23,0.00
"07/01/2015 08:15:00","MHK VL",61756,10.67,0.33,0.00
"07/01/2015 08:15:00","MILLWD",61759,11.47,1.13,0.00
"07/01/2015 08:15:00","N.Y.C.",61761,11.59,1.24,0.00
"07/01/2015 08:15:00","NORTH",61755,9.94,-0.40,0.00
"07/01/2015 08:15:00","NPX",61845,11.10,0.75,0.00
"07/01/2015 08:15:00","O H",61846,10.10,-0.24,0.00
"07/01/2015 08:15:00","PJM",61847,10.98,0.64,0.00
"07/01/2015 08:15:00","WEST",61752,10.30,-0.04,0.00
"07/01/2015 08:20:00","CAPITL",61757,18.00,1.02,0.00
"07/01/2015 08:20:00","CENTRL",61754,17.30,0.32,0.00
"07/01/2015 08:20:00","DUNWOD",61760,18.86,1.88,0.00
"07/01/2015 08:20:00","GENESE",61753,16.98,0.00,0.00
"07/01/2015 08:20:00","H Q",61844,16.44,-0.54,0.00
"07/01/2015 08:20:00","HUD VL",61758,18.83,1.85,0.00
"07/01/2015 08:20:00","LONGIL",61762,19.05,2.07,0.00
"07/01/2015 08:20:00","MHK VL",61756,17.52,0.54,0.00
"07/01/2015 08:20:00","MILLWD",61759,18.86,1.88,0.00
"07/01/2015 08:20:00","N.Y.C.",61761,19.05,2.07,0.00
"07/01/2015 08:20:00","NORTH",61755,16.28,-0.70,0.00
"07/01/2015 08:20:00","NPX",61845,18.25,1.27,0.00
"07/01/2015 08:20:00","O H",61846,16.52,-0.46,0.00
"07/01/2015 08:20:00","PJM",61847,18.05,1.07,0.00
"07/01/2015 08:20:00","WEST",61752,16.81,-0.17,0.00
"07/01/2015 08:25:00","CAPITL",61757,10.98,0.62,0.00
"07/01/2015 08:25:00","CENTRL",61754,10.56,0.20,0.00
"07/01/2015 08:25:00","DUNWOD",61760,11.51,1.15,0.00
"07/01/2015 08:25:00","GENESE",61753,10.39,0.03,0.00
"07/01/2015 08:25:00","H Q",61844,10.03,-0.33,0.00
"07/01/2015 08:25:00","HUD VL",61758,11.49,1.13,0.00
"07/01/2015 08:25:00","LONGIL",61762,11.64,1.27,0.00
"07/01/2015 08:25:00","MHK VL",61756,10.69,0.33,0.00
"07/01/2015 08:25:00","MILLWD",61759,11.51,1.15,0.00
"07/01/2015 08:25:00","N.Y.C.",61761,11.64,1.27,0.00
"07/01/2015 08:25:00","NORTH",61755,9.94,-0.43,0.00
"07/01/2015 08:25:00","NPX",61845,11.14,0.78,0.00
"07/01/2015 08:25:00","O H",61846,10.13,-0.24,0.00
"07/01/2015 08:25:00","PJM",61847,11.02,0.65,0.00
"07/01/2015 08:25:00","WEST",61752,10.31,-0.05,0.00
"07/01/2015 08:30:00","CAPITL",61757,10.95,0.61,0.00
"07/01/2015 08:30:00","CENTRL",61754,10.55,0.21,0.00
"07/01/2015 08:30:00","DUNWOD",61760,11.47,1.13,0.00
"07/01/2015 08:30:00","GENESE",61753,10.38,0.04,0.00
"07/01/2015 08:30:00","H Q",61844,10.02,-0.32,0.00
"07/01/2015 08:30:00","HUD VL",61758,11.45,1.11,0.00
"07/01/2015 08:30:00","LONGIL",61762,11.59,1.25,0.00
"07/01/2015 08:30:00","MHK VL",61756,10.67,0.33,0.00
"07/01/2015 08:30:00","MILLWD",61759,11.47,1.13,0.00
"07/01/2015 08:30:00","N.Y.C.",61761,11.59,1.24,0.00
"07/01/2015 08:30:00","NORTH",61755,9.93,-0.41,0.00
"07/01/2015 08:30:00","NPX",61845,11.11,0.77,0.00
"07/01/2015 08:30:00","O H",61846,10.11,-0.23,0.00
"07/01/2015 08:30:00","PJM",61847,10.98,0.64,0.00
"07/01/2015 08:30:00","WEST",61752,10.30,-0.04,0.00
"07/01/2015 08:35:00","CAPITL",61757,11.06,0.63,0.00
"07/01/2015 08:35:00","CENTRL",61754,10.60,0.17,0.00
"07/01/2015 08:35:00","DUNWOD",61760,11.60,1.16,0.00
"07/01/2015 08:35:00","GENESE",61753,10.42,-0.02,0.00
"07/01/2015 08:35:00","H Q",61844,10.11,-0.32,0.00
"07/01/2015 08:35:00","HUD VL",61758,11.57,1.13,0.00
"07/01/2015 08:35:00","LONGIL",61762,11.73,1.29,0.00
"07/01/2015 08:35:00","MHK VL",61756,10.77,0.33,0.00
"07/01/2015 08:35:00","MILLWD",61759,11.60,1.16,0.00
"07/01/2015 08:35:00","N.Y.C.",61761,11.71,1.27,0.00
"07/01/2015 08:35:00","NORTH",61755,10.02,-0.42,0.00
"07/01/2015 08:35:00","NPX",61845,11.22,0.78,0.00
"07/01/2015 08:35:00","O H",61846,10.10,-0.33,0.00
"07/01/2015 08:35:00","PJM",61847,11.04,0.61,0.00
"07/01/2015 08:35:00","WEST",61752,10.28,-0.16,0.00
"07/01/2015 08:40:00","CAPITL",61757,11.05,0.63,0.00
"07/01/2015 08:40:00","CENTRL",61754,10.62,0.19,0.00
"07/01/2015 08:40:00","DUNWOD",61760,11.59,1.16,0.00
"07/01/2015 08:40:00","GENESE",61753,10.42,-0.01,0.00
"07/01/2015 08:40:00","H Q",61844,10.10,-0.32,0.00
"07/01/2015 08:40:00","HUD VL",61758,11.55,1.13,0.00
"07/01/2015 08:40:00","LONGIL",61762,11.71,1.28,0.00
"07/01/2015 08:40:00","MHK VL",61756,10.76,0.33,0.00
"07/01/2015 08:40:00","MILLWD",61759,11.59,1.16,0.00
"07/01/2015 08:40:00","N.Y.C.",61761,11.70,1.27,0.00
"07/01/2015 08:40:00","NORTH",61755,10.00,-0.43,0.00
"07/01/2015 08:40:00","NPX",61845,11.21,0.78,0.00
"07/01/2015 08:40:00","O H",61846,10.13,-0.30,0.00
"07/01/2015 08:40:00","PJM",61847,11.06,0.64,0.00
"07/01/2015 08:40:00","WEST",61752,10.29,-0.14,0.00
"07/01/2015 08:45:00","CAPITL",61757,10.96,0.61,0.00
"07/01/2015 08:45:00","CENTRL",61754,10.56,0.21,0.00
"07/01/2015 08:45:00","DUNWOD",61760,11.48,1.13,0.00
"07/01/2015 08:45:00","GENESE",61753,10.39,0.04,0.00
"07/01/2015 08:45:00","H Q",61844,10.02,-0.33,0.00
"07/01/2015 08:45:00","HUD VL",61758,11.46,1.11,0.00
"07/01/2015 08:45:00","LONGIL",61762,11.59,1.24,0.00
"07/01/2015 08:45:00","MHK VL",61756,10.68,0.33,0.00
"07/01/2015 08:45:00","MILLWD",61759,11.49,1.14,0.00
"07/01/2015 08:45:00","N.Y.C.",61761,11.61,1.25,0.00
"07/01/2015 08:45:00","NORTH",61755,9.93,-0.42,0.00
"07/01/2015 08:45:00","NPX",61845,11.12,0.77,0.00
"07/01/2015 08:45:00","O H",61846,10.11,-0.24,0.00
"07/01/2015 08:45:00","PJM",61847,10.99,0.64,0.00
"07/01/2015 08:45:00","WEST",61752,10.29,-0.06,0.00
"07/01/2015 08:50:00","CAPITL",61757,10.96,0.60,0.00
"07/01/2015 08:50:00","CENTRL",61754,10.58,0.22,0.00
"07/01/2015 08:50:00","DUNWOD",61760,11.50,1.14,0.00
"07/01/2015 08:50:00","GENESE",61753,10.40,0.04,0.00
"07/01/2015 08:50:00","H Q",61844,10.03,-0.33,0.00
"07/01/2015 08:50:00","HUD VL",61758,11.48,1.12,0.00
"07/01/2015 08:50:00","LONGIL",61762,11.62,1.25,0.00
"07/01/2015 08:50:00","MHK VL",61756,10.70,0.34,0.00
"07/01/2015 08:50:00","MILLWD",61759,11.50,1.14,0.00
"07/01/2015 08:50:00","N.Y.C.",61761,11.62,1.25,0.00
"07/01/2015 08:50:00","NORTH",61755,9.94,-0.43,0.00
"07/01/2015 08:50:00","NPX",61845,11.12,0.76,0.00
"07/01/2015 08:50:00","O H",61846,10.13,-0.24,0.00
"07/01/2015 08:50:00","PJM",61847,11.01,0.64,0.00
"07/01/2015 08:50:00","WEST",61752,10.30,-0.06,0.00
"07/01/2015 08:55:00","CAPITL",61757,10.84,0.58,0.00
"07/01/2015 08:55:00","CENTRL",61754,10.50,0.25,0.00
"07/01/2015 08:55:00","DUNWOD",61760,11.35,1.10,0.00
"07/01/2015 08:55:00","GENESE",61753,10.36,0.10,0.00
"07/01/2015 08:55:00","H Q",61844,9.93,-0.33,0.00
"07/01/2015 08:55:00","HUD VL",61758,11.34,1.09,0.00
"07/01/2015 08:55:00","LONGIL",61762,11.47,1.21,0.00
"07/01/2015 08:55:00","MHK VL",61756,10.60,0.35,0.00
"07/01/2015 08:55:00","MILLWD",61759,11.36,1.11,0.00
"07/01/2015 08:55:00","N.Y.C.",61761,11.47,1.21,0.00
"07/01/2015 08:55:00","NORTH",61755,9.84,-0.42,0.00
"07/01/2015 08:55:00","NPX",61845,10.98,0.73,0.00
"07/01/2015 08:55:00","O H",61846,10.12,-0.13,0.00
"07/01/2015 08:55:00","PJM",61847,10.91,0.66,0.00
"07/01/2015 08:55:00","WEST",61752,10.31,0.05,0.00
"07/01/2015 09:00:00","CAPITL",61757,10.87,0.60,0.00
"07/01/2015 09:00:00","CENTRL",61754,10.50,0.23,0.00
"07/01/2015 09:00:00","DUNWOD",61760,11.41,1.13,0.00
"07/01/2015 09:00:00","GENESE",61753,10.37,0.09,0.00
"07/01/2015 09:00:00","H Q",61844,9.95,-0.33,0.00
"07/01/2015 09:00:00","HUD VL",61758,11.39,1.11,0.00
"07/01/2015 09:00:00","LONGIL",61762,11.50,1.22,0.00
"07/01/2015 09:00:00","MHK VL",61756,10.61,0.33,0.00
"07/01/2015 09:00:00","MILLWD",61759,11.41,1.13,0.00
"07/01/2015 09:00:00","N.Y.C.",61761,11.52,1.24,0.00
"07/01/2015 09:00:00","NORTH",61755,9.86,-0.42,0.00
"07/01/2015 09:00:00","NPX",61845,11.04,0.76,0.00
"07/01/2015 09:00:00","O H",61846,10.10,-0.17,0.00
"07/01/2015 09:00:00","PJM",61847,10.92,0.65,0.00
"07/01/2015 09:00:00","WEST",61752,10.28,0.00,0.00
"07/01/2015 09:05:00","CAPITL",61757,10.94,0.60,0.00
"07/01/2015 09:05:00","CENTRL",61754,10.54,0.20,0.00
"07/01/2015 09:05:00","DUNWOD",61760,11.49,1.15,0.00
"07/01/2015 09:05:00","GENESE",61753,10.39,0.05,0.00
"07/01/2015 09:05:00","H Q",61844,10.02,-0.32,0.00
"07/01/2015 09:05:00","HUD VL",61758,11.47,1.13,0.00
"07/01/2015 09:05:00","LONGIL",61762,11.58,1.24,0.00
"07/01/2015 09:05:00","MHK VL",61756,10.67,0.33,0.00
"07/01/2015 09:05:00","MILLWD",61759,11.50,1.16,0.00
"07/01/2015 09:05:00","N.Y.C.",61761,11.61,1.26,0.00
"07/01/2015 09:05:00","NORTH",61755,9.93,-0.41,0.00
"07/01/2015 09:05:00","NPX",61845,11.12,0.78,0.00
"07/01/2015 09:05:00","O H",61846,10.09,-0.25,0.00
"07/01/2015 09:05:00","PJM",61847,10.97,0.63,0.00
"07/01/2015 09:05:00","WEST",61752,10.27,-0.07,0.00
"07/01/2015 09:10:00","CAPITL",61757,10.82,0.59,0.00
"07/01/2015 09:10:00","CENTRL",61754,10.47,0.24,0.00
"07/01/2015 09:10:00","DUNWOD",61760,11.33,1.10,0.00
"07/01/2015 09:10:00","GENESE",61753,10.35,0.12,0.00
"07/01/2015 09:10:00","H Q",61844,9.90,-0.33,0.00
"07/01/2015 09:10:00","HUD VL",61758,11.31,1.08,0.00
"07/01/2015 09:10:00","LONGIL",61762,11.38,1.16,0.00
"07/01/2015 09:10:00","MHK VL",61756,10.56,0.34,0.00
"07/01/2015 09:10:00","MILLWD",61759,11.33,1.10,0.00
"07/01/2015 09:10:00","N.Y.C.",61761,11.44,1.22,0.00
"07/01/2015 09:10:00","NORTH",61755,9.80,-0.43,0.00
"07/01/2015 09:10:00","NPX",61845,10.96,0.74,0.00
"07/01/2015 09:10:00","O H",61846,10.12,-0.10,0.00
"07/01/2015 09:10:00","PJM",61847,10.90,0.67,0.00
"07/01/2015 09:10:00","WEST",61752,10.30,0.07,0.00
"07/01/2015 09:15:00","CAPITL",61757,10.86,0.61,0.00
"07/01/2015 09:15:00","CENTRL",61754,10.49,0.25,0.00
"07/01/2015 09:15:00","DUNWOD",61760,11.38,1.14,0.00
"07/01/2015 09:15:00","GENESE",61753,10.36,0.11,0.00
"07/01/2015 09:15:00","H Q",61844,9.90,-0.35,0.00
"07/01/2015 09:15:00","HUD VL",61758,11.36,1.12,0.00
"07/01/2015 09:15:00","LONGIL",61762,11.45,1.21,0.00
"07/01/2015 09:15:00","MHK VL",61756,10.57,0.33,0.00
"07/01/2015 09:15:00","MILLWD",61759,11.39,1.15,0.00
"07/01/2015 09:15:00","N.Y.C.",61761,11.50,1.25,0.00
"07/01/2015 09:15:00","NORTH",61755,9.79,-0.46,0.00
"07/01/2015 09:15:00","NPX",61845,11.01,0.77,0.00
"07/01/2015 09:15:00","O H",61846,10.11,-0.13,0.00
"07/01/2015 09:15:00","PJM",61847,10.93,0.69,0.00
"07/01/2015 09:15:00","WEST",61752,10.31,0.06,0.00
"07/01/2015 09:20:00","CAPITL",61757,10.91,0.62,0.00
"07/01/2015 09:20:00","CENTRL",61754,10.53,0.25,0.00
"07/01/2015 09:20:00","DUNWOD",61760,11.43,1.14,0.00
"07/01/2015 09:20:00","GENESE",61753,10.38,0.09,0.00
"07/01/2015 09:20:00","H Q",61844,9.95,-0.34,0.00
"07/01/2015 09:20:00","HUD VL",61758,11.42,1.13,0.00
"07/01/2015 09:20:00","LONGIL",61762,11.51,1.22,0.00
"07/01/2015 09:20:00","MHK VL",61756,10.62,0.33,0.00
"07/01/2015 09:20:00","MILLWD",61759,11.44,1.15,0.00
"07/01/2015 09:20:00","N.Y.C.",61761,11.54,1.25,0.00
"07/01/2015 09:20:00","NORTH",61755,9.84,-0.45,0.00
"07/01/2015 09:20:00","NPX",61845,11.06,0.77,0.00
"07/01/2015 09:20:00","O H",61846,10.12,-0.17,0.00
"07/01/2015 09:20:00","PJM",61847,10.97,0.68,0.00
"07/01/2015 09:20:00","WEST",61752,10.29,0.00,0.00
"07/01/2015 09:25:00","CAPITL",61757,10.96,0.63,0.00
"07/01/2015 09:25:00","CENTRL",61754,10.57,0.24,0.00
"07/01/2015 09:25:00","DUNWOD",61760,11.49,1.16,0.00
"07/01/2015 09:25:00","GENESE",61753,10.40,0.07,0.00
"07/01/2015 09:25:00","H Q",61844,9.99,-0.34,0.00
"07/01/2015 09:25:00","HUD VL",61758,11.47,1.14,0.00
"07/01/2015 09:25:00","LONGIL",61762,11.55,1.22,0.00
"07/01/2015 09:25:00","MHK VL",61756,10.66,0.33,0.00
"07/01/2015 09:25:00","MILLWD",61759,11.50,1.17,0.00
"07/01/2015 09:25:00","N.Y.C.",61761,11.60,1.27,0.00
"07/01/2015 09:25:00","NORTH",61755,9.89,-0.44,0.00
"07/01/2015 09:25:00","NPX",61845,11.12,0.78,0.00
"07/01/2015 09:25:00","O H",61846,10.13,-0.20,0.00
"07/01/2015 09:25:00","PJM",61847,11.00,0.67,0.00
"07/01/2015 09:25:00","WEST",61752,10.30,-0.03,0.00
"07/01/2015 09:30:00","CAPITL",61757,10.93,0.62,0.00
"07/01/2015 09:30:00","CENTRL",61754,10.55,0.24,0.00
"07/01/2015 09:30:00","DUNWOD",61760,11.46,1.15,0.00
"07/01/2015 09:30:00","GENESE",61753,10.39,0.08,0.00
"07/01/2015 09:30:00","H Q",61844,9.97,-0.34,0.00
"07/01/2015 09:30:00","HUD VL",61758,11.44,1.13,0.00
"07/01/2015 09:30:00","LONGIL",61762,11.50,1.20,0.00
"07/01/2015 09:30:00","MHK VL",61756,10.64,0.33,0.00
"07/01/2015 09:30:00","MILLWD",61759,11.47,1.16,0.00
"07/01/2015 09:30:00","N.Y.C.",61761,11.58,1.27,0.00
"07/01/2015 09:30:00","NORTH",61755,9.87,-0.44,0.00
"07/01/2015 09:30:00","NPX",61845,11.09,0.78,0.00
"07/01/2015 09:30:00","O H",61846,10.13,-0.18,0.00
"07/01/2015 09:30:00","PJM",61847,10.99,0.68,0.00
"07/01/2015 09:30:00","WEST",61752,10.30,-0.01,0.00
"07/01/2015 09:35:00","CAPITL",61757,10.97,0.63,0.00
"07/01/2015 09:35:00","CENTRL",61754,10.57,0.23,0.00
"07/01/2015 09:35:00","DUNWOD",61760,11.50,1.16,0.00
"07/01/2015 09:35:00","GENESE",61753,10.40,0.06,0.00
"07/01/2015 09:35:00","H Q",61844,10.00,-0.34,0.00
"07/01/2015 09:35:00","HUD VL",61758,11.49,1.15,0.00
"07/01/2015 09:35:00","LONGIL",61762,11.55,1.21,0.00
"07/01/2015 09:35:00","MHK VL",61756,10.67,0.33,0.00
"07/01/2015 09:35:00","MILLWD",61759,11.51,1.17,0.00
"07/01/2015 09:35:00","N.Y.C.",61761,11.61,1.27,0.00
"07/01/2015 09:35:00","NORTH",61755,9.91,-0.43,0.00
"07/01/2015 09:35:00","NPX",61845,11.13,0.79,0.00
"07/01/2015 09:35:00","O H",61846,10.12,-0.22,0.00
"07/01/2015 09:35:00","PJM",61847,11.00,0.66,0.00
"07/01/2015 09:35:00","WEST",61752,10.28,-0.06,0.00
"07/01/2015 09:40:00","CAPITL",61757,10.97,0.63,0.00
"07/01/2015 09:40:00","CENTRL",61754,10.58,0.24,0.00
"07/01/2015 09:40:00","DUNWOD",61760,11.50,1.16,0.00
"07/01/2015 09:40:00","GENESE",61753,10.40,0.06,0.00
"07/01/2015 09:40:00","H Q",61844,10.00,-0.34,0.00
"07/01/2015 09:40:00","HUD VL",61758,11.48,1.14,0.00
"07/01/2015 09:40:00","LONGIL",61762,11.55,1.21,0.00
"07/01/2015 09:40:00","MHK VL",61756,10.67,0.33,0.00
"07/01/2015 09:40:00","MILLWD",61759,11.51,1.17,0.00
"07/01/2015 09:40:00","N.Y.C.",61761,11.60,1.26,0.00
"07/01/2015 09:40:00","NORTH",61755,9.91,-0.43,0.00
"07/01/2015 09:40:00","NPX",61845,11.13,0.79,0.00
"07/01/2015 09:40:00","O H",61846,10.13,-0.21,0.00
"07/01/2015 09:40:00","PJM",61847,11.01,0.67,0.00
"07/01/2015 09:40:00","WEST",61752,10.29,-0.05,0.00
"07/01/2015 09:45:00","CAPITL",61757,10.95,0.62,0.00
"07/01/2015 09:45:00","CENTRL",61754,10.57,0.24,0.00
"07/01/2015 09:45:00","DUNWOD",61760,11.49,1.16,0.00
"07/01/2015 09:45:00","GENESE",61753,10.39,0.06,0.00
"07/01/2015 09:45:00","H Q",61844,9.99,-0.34,0.00
"07/01/2015 09:45:00","HUD VL",61758,11.47,1.14,0.00
"07/01/2015 09:45:00","LONGIL",61762,11.52,1.19,0.00
"07/01/2015 09:45:00","MHK VL",61756,10.66,0.33,0.00
"07/01/2015 09:45:00","MILLWD",61759,11.50,1.17,0.00
"07/01/2015 09:45:00","N.Y.C.",61761,11.60,1.27,0.00
"07/01/2015 09:45:00","NORTH",61755,9.91,-0.42,0.00
"07/01/2015 09:45:00","NPX",61845,11.12,0.78,0.00
"07/01/2015 09:45:00","O H",61846,10.13,-0.20,0.00
"07/01/2015 09:45:00","PJM",61847,11.00,0.67,0.00
"07/01/2015 09:45:00","WEST",61752,10.29,-0.04,0.00
"07/01/2015 09:50:00","CAPITL",61757,7.66,0.45,0.00
"07/01/2015 09:50:00","CENTRL",61754,7.34,0.14,0.00
"07/01/2015 09:50:00","DUNWOD",61760,8.03,0.82,0.00
"07/01/2015 09:50:00","GENESE",61753,7.19,-0.01,0.00
"07/01/2015 09:50:00","H Q",61844,6.97,-0.24,0.00
"07/01/2015 09:50:00","HUD VL",61758,8.01,0.81,0.00
"07/01/2015 09:50:00","LONGIL",61762,8.06,0.86,0.00
"07/01/2015 09:50:00","MHK VL",61756,7.43,0.22,0.00
"07/01/2015 09:50:00","MILLWD",61759,8.03,0.83,0.00
"07/01/2015 09:50:00","N.Y.C.",61761,8.10,0.90,0.00
"07/01/2015 09:50:00","NORTH",61755,6.91,-0.30,0.00
"07/01/2015 09:50:00","NPX",61845,7.77,0.57,0.00
"07/01/2015 09:50:00","O H",61846,6.97,-0.23,0.00
"07/01/2015 09:50:00","PJM",61847,7.64,0.44,0.00
"07/01/2015 09:50:00","WEST",61752,7.08,-0.13,0.00
"07/01/2015 09:55:00","CAPITL",61757,11.07,0.65,0.00
"07/01/2015 09:55:00","CENTRL",61754,10.64,0.21,0.00
"07/01/2015 09:55:00","DUNWOD",61760,11.63,1.20,0.00
"07/01/2015 09:55:00","GENESE",61753,10.44,0.01,0.00
"07/01/2015 09:55:00","H Q",61844,10.08,-0.34,0.00
"07/01/2015 09:55:00","HUD VL",61758,11.61,1.18,0.00
"07/01/2015 09:55:00","LONGIL",61762,11.68,1.25,0.00
"07/01/2015 09:55:00","MHK VL",61756,10.75,0.32,0.00
"07/01/2015 09:55:00","MILLWD",61759,11.63,1.20,0.00
"07/01/2015 09:55:00","N.Y.C.",61761,11.73,1.30,0.00
"07/01/2015 09:55:00","NORTH",61755,9.99,-0.44,0.00
"07/01/2015 09:55:00","NPX",61845,11.24,0.81,0.00
"07/01/2015 09:55:00","O H",61846,10.14,-0.29,0.00
"07/01/2015 09:55:00","PJM",61847,11.09,0.66,0.00
"07/01/2015 09:55:00","WEST",61752,10.28,-0.15,0.00
"07/01/2015 10:00:00","CAPITL",61757,11.14,0.64,0.00
"07/01/2015 10:00:00","CENTRL",61754,10.69,0.19,0.00
"07/01/2015 10:00:00","DUNWOD",61760,11.75,1.25,0.00
"07/01/2015 10:00:00","GENESE",61753,10.46,-0.04,0.00
"07/01/2015 10:00:00","H Q",61844,10.16,-0.35,0.00
"07/01/2015 10:00:00","HUD VL",61758,11.72,1.22,0.00
"07/01/2015 10:00:00","LONGIL",61762,11.88,1.38,0.00
"07/01/2015 10:00:00","MHK VL",61756,10.82,0.31,0.00
"07/01/2015 10:00:00","MILLWD",61759,11.76,1.26,0.00
"07/01/2015 10:00:00","N.Y.C.",61761,11.87,1.36,0.00
"07/01/2015 10:00:00","NORTH",61755,10.07,-0.43,0.00
"07/01/2015 10:00:00","NPX",61845,11.34,0.84,0.00
"07/01/2015 10:00:00","O H",61846,10.15,-0.36,0.00
"07/01/2015 10:00:00","PJM",61847,11.17,0.66,0.00
"07/01/2015 10:00:00","WEST",61752,10.29,-0.21,0.00
"07/01/2015 10:05:00","CAPITL",61757,17.72,1.02,0.00
"07/01/2015 10:05:00","CENTRL",61754,17.00,0.30,0.00
"07/01/2015 10:05:00","DUNWOD",61760,18.72,2.02,0.00
"07/01/2015 10:05:00","GENESE",61753,16.59,-0.12,0.00
"07/01/2015 10:05:00","H Q",61844,16.15,-0.55,0.00
"07/01/2015 10:05:00","HUD VL",61758,18.67,1.97,0.00
"07/01/2015 10:05:00","LONGIL",61762,18.96,2.25,0.00
"07/01/2015 10:05:00","MHK VL",61756,17.20,0.50,0.00
"07/01/2015 10:05:00","MILLWD",61759,18.74,2.04,0.00
"07/01/2015 10:05:00","N.Y.C.",61761,18.93,2.22,0.00
"07/01/2015 10:05:00","NORTH",61755,16.02,-0.69,0.00
"07/01/2015 10:05:00","NPX",61845,18.04,1.34,0.00
"07/01/2015 10:05:00","O H",61846,16.07,-0.63,0.00
"07/01/2015 10:05:00","PJM",61847,17.77,1.07,0.00
"07/01/2015 10:05:00","WEST",61752,16.29,-0.42,0.00
"07/01/2015 10:10:00","CAPITL",61757,17.87,1.06,0.00
"07/01/2015 10:10:00","CENTRL",61754,17.04,0.24,0.00
"07/01/2015 10:10:00","DUNWOD",61760,18.89,2.08,0.00
"07/01/2015 10:10:00","GENESE",61753,16.62,-0.18,0.00
"07/01/2015 10:10:00","H Q",61844,16.25,-0.55,0.00
"07/01/2015 10:10:00","HUD VL",61758,18.82,2.02,0.00
"07/01/2015 10:10:00","LONGIL",61762,19.13,2.32,0.00
"07/01/2015 10:10:00","MHK VL",61756,17.30,0.49,0.00
"07/01/2015 10:10:00","MILLWD",61759,18.89,2.08,0.00
"07/01/2015 10:10:00","N.Y.C.",61761,19.08,2.27,0.00
"07/01/2015 10:10:00","NORTH",61755,16.10,-0.71,0.00
"07/01/2015 10:10:00","NPX",61845,18.20,1.39,0.00
"07/01/2015 10:10:00","O H",61846,16.02,-0.79,0.00
"07/01/2015 10:10:00","PJM",61847,17.83,1.03,0.00
"07/01/2015 10:10:00","WEST",61752,16.22,-0.59,0.00
"07/01/2015 10:15:00","CAPITL",61757,11.30,0.68,0.00
"07/01/2015 10:15:00","CENTRL",61754,10.79,0.17,0.00
"07/01/2015 10:15:00","DUNWOD",61760,11.94,1.33,0.00
"07/01/2015 10:15:00","GENESE",61753,10.52,-0.10,0.00
"07/01/2015 10:15:00","H Q",61844,10.24,-0.37,0.00
"07/01/2015 10:15:00","HUD VL",61758,11.90,1.28,0.00
"07/01/2015 10:15:00","LONGIL",61762,12.11,1.50,0.00
"07/01/2015 10:15:00","MHK VL",61756,10.93,0.32,0.00
"07/01/2015 10:15:00","MILLWD",61759,11.94,1.33,0.00
"07/01/2015 10:15:00","N.Y.C.",61761,12.06,1.44,0.00
"07/01/2015 10:15:00","NORTH",61755,10.15,-0.47,0.00
"07/01/2015 10:15:00","NPX",61845,11.51,0.89,0.00
"07/01/2015 10:15:00","O H",61846,10.16,-0.46,0.00
"07/01/2015 10:15:00","PJM",61847,11.29,0.67,0.00
"07/01/2015 10:15:00","WEST",61752,10.29,-0.33,0.00
"07/01/2015 10:20:00","CAPITL",61757,12.98,0.78,0.00
"07/01/2015 10:20:00","CENTRL",61754,12.39,0.19,0.00
"07/01/2015 10:20:00","DUNWOD",61760,13.72,1.52,0.00
"07/01/2015 10:20:00","GENESE",61753,12.08,-0.11,0.00
"07/01/2015 10:20:00","H Q",61844,11.77,-0.43,0.00
"07/01/2015 10:20:00","HUD VL",61758,13.67,1.47,0.00
"07/01/2015 10:20:00","LONGIL",61762,13.93,1.73,0.00
"07/01/2015 10:20:00","MHK VL",61756,12.56,0.37,0.00
"07/01/2015 10:20:00","MILLWD",61759,13.72,1.52,0.00
"07/01/2015 10:20:00","N.Y.C.",61761,13.85,1.66,0.00
"07/01/2015 10:20:00","NORTH",61755,11.66,-0.54,0.00
"07/01/2015 10:20:00","NPX",61845,13.22,1.02,0.00
"07/01/2015 10:20:00","O H",61846,11.67,-0.52,0.00
"07/01/2015 10:20:00","PJM",61847,12.96,0.77,0.00
"07/01/2015 10:20:00","WEST",61752,11.82,-0.38,0.00
"07/01/2015 10:25:00","CAPITL",61757,14.73,0.90,0.00
"07/01/2015 10:25:00","CENTRL",61754,14.06,0.23,0.00
"07/01/2015 10:25:00","DUNWOD",61760,15.56,1.73,0.00
"07/01/2015 10:25:00","GENESE",61753,13.69,-0.14,0.00
"07/01/2015 10:25:00","H Q",61844,13.34,-0.48,0.00
"07/01/2015 10:25:00","HUD VL",61758,15.49,1.66,0.00
"07/01/2015 10:25:00","LONGIL",61762,15.81,1.98,0.00
"07/01/2015 10:25:00","MHK VL",61756,14.24,0.41,0.00
"07/01/2015 10:25:00","MILLWD",61759,15.56,1.73,0.00
"07/01/2015 10:25:00","N.Y.C.",61761,15.70,1.87,0.00
"07/01/2015 10:25:00","NORTH",61755,13.22,-0.61,0.00
"07/01/2015 10:25:00","NPX",61845,14.99,1.16,0.00
"07/01/2015 10:25:00","O H",61846,13.22,-0.61,0.00
"07/01/2015 10:25:00","PJM",61847,14.70,0.87,0.00
"07/01/2015 10:25:00","WEST",61752,13.39,-0.44,0.00
"07/01/2015 10:30:00","CAPITL",61757,14.81,0.89,0.00
"07/01/2015 10:30:00","CENTRL",61754,14.14,0.22,0.00
"07/01/2015 10:30:00","DUNWOD",61760,15.64,1.73,0.00
"07/01/2015 10:30:00","GENESE",61753,13.74,-0.18,0.00
"07/01/2015 10:30:00","H Q",61844,13.45,-0.47,0.00
"07/01/2015 10:30:00","HUD VL",61758,15.57,1.66,0.00
"07/01/2015 10:30:00","LONGIL",61762,15.91,1.99,0.00
"07/01/2015 10:30:00","MHK VL",61756,14.34,0.42,0.00
"07/01/2015 10:30:00","MILLWD",61759,15.64,1.73,0.00
"07/01/2015 10:30:00","N.Y.C.",61761,15.78,1.87,0.00
"07/01/2015 10:30:00","NORTH",61755,13.34,-0.58,0.00
"07/01/2015 10:30:00","NPX",61845,15.07,1.15,0.00
"07/01/2015 10:30:00","O H",61846,13.24,-0.68,0.00
"07/01/2015 10:30:00","PJM",61847,14.78,0.86,0.00
"07/01/2015 10:30:00","WEST",61752,13.40,-0.51,0.00
"07/01/2015 10:35:00","CAPITL",61757,17.22,1.05,0.00
"07/01/2015 10:35:00","CENTRL",61754,16.38,0.21,0.00
"07/01/2015 10:35:00","DUNWOD",61760,18.19,2.02,0.00
"07/01/2015 10:35:00","GENESE",61753,15.86,-0.31,0.00
"07/01/2015 10:35:00","H Q",61844,15.62,-0.55,0.00
"07/01/2015 10:35:00","HUD VL",61758,18.11,1.94,0.00
"07/01/2015 10:35:00","LONGIL",61762,18.51,2.34,0.00
"07/01/2015 10:35:00","MHK VL",61756,16.64,0.47,0.00
"07/01/2015 10:35:00","MILLWD",61759,18.19,2.02,0.00
"07/01/2015 10:35:00","N.Y.C.",61761,18.35,2.18,0.00
"07/01/2015 10:35:00","NORTH",61755,15.51,-0.66,0.00
"07/01/2015 10:35:00","NPX",61845,17.53,1.36,0.00
"07/01/2015 10:35:00","O H",61846,15.23,-0.94,0.00
"07/01/2015 10:35:00","PJM",61847,17.12,0.95,0.00
"07/01/2015 10:35:00","WEST",61752,15.41,-0.76,0.00
"07/01/2015 10:40:00","CAPITL",61757,18.31,1.10,0.00
"07/01/2015 10:40:00","CENTRL",61754,17.45,0.24,0.00
"07/01/2015 10:40:00","DUNWOD",61760,19.34,2.13,0.00
"07/01/2015 10:40:00","GENESE",61753,16.95,-0.26,0.00
"07/01/2015 10:40:00","H Q",61844,16.62,-0.59,0.00
"07/01/2015 10:40:00","HUD VL",61758,19.27,2.06,0.00
"07/01/2015 10:40:00","LONGIL",61762,19.70,2.49,0.00
"07/01/2015 10:40:00","MHK VL",61756,17.70,0.50,0.00
"07/01/2015 10:40:00","MILLWD",61759,19.36,2.15,0.00
"07/01/2015 10:40:00","N.Y.C.",61761,19.53,2.32,0.00
"07/01/2015 10:40:00","NORTH",61755,16.50,-0.71,0.00
"07/01/2015 10:40:00","NPX",61845,18.63,1.43,0.00
"07/01/2015 10:40:00","O H",61846,16.29,-0.91,0.00
"07/01/2015 10:40:00","PJM",61847,18.24,1.03,0.00
"07/01/2015 10:40:00","WEST",61752,16.48,-0.72,0.00
"07/01/2015 10:45:00","CAPITL",61757,18.46,1.13,0.00
"07/01/2015 10:45:00","CENTRL",61754,17.53,0.19,0.00
"07/01/2015 10:45:00","DUNWOD",61760,19.50,2.17,0.00
"07/01/2015 10:45:00","GENESE",61753,16.99,-0.35,0.00
"07/01/2015 10:45:00","H Q",61844,16.76,-0.57,0.00
"07/01/2015 10:45:00","HUD VL",61758,19.43,2.10,0.00
"07/01/2015 10:45:00","LONGIL",61762,19.87,2.53,0.00
"07/01/2015 10:45:00","MHK VL",61756,17.84,0.50,0.00
"07/01/2015 10:45:00","MILLWD",61759,19.52,2.18,0.00
"07/01/2015 10:45:00","N.Y.C.",61761,19.69,2.36,0.00
"07/01/2015 10:45:00","NORTH",61755,16.64,-0.69,0.00
"07/01/2015 10:45:00","NPX",61845,18.81,1.47,0.00
"07/01/2015 10:45:00","O H",61846,16.28,-1.06,0.00
"07/01/2015 10:45:00","PJM",61847,18.32,0.99,0.00
"07/01/2015 10:45:00","WEST",61752,16.47,-0.87,0.00
"07/01/2015 10:50:00","CAPITL",61757,20.95,1.26,0.00
"07/01/2015 10:50:00","CENTRL",61754,20.74,0.33,-0.71
"07/01/2015 10:50:00","DUNWOD",61760,22.11,2.42,0.00
"07/01/2015 10:50:00","GENESE",61753,18.88,-0.20,0.61
"07/01/2015 10:50:00","H Q",61844,19.00,-0.69,0.00
"07/01/2015 10:50:00","HUD VL",61758,22.03,2.34,0.00
"07/01/2015 10:50:00","LONGIL",61762,22.55,2.85,0.00
"07/01/2015 10:50:00","MHK VL",61756,20.35,0.61,-0.05
"07/01/2015 10:50:00","MILLWD",61759,22.11,2.42,0.00
"07/01/2015 10:50:00","N.Y.C.",61761,22.29,2.60,0.00
"07/01/2015 10:50:00","NORTH",61755,18.86,-0.83,0.00
"07/01/2015 10:50:00","NPX",61845,21.32,1.63,0.00
"07/01/2015 10:50:00","O H",61846,17.23,-0.89,1.58
"07/01/2015 10:50:00","PJM",61847,22.42,1.22,-1.51
"07/01/2015 10:50:00","WEST",61752,25.77,-0.65,-6.73
"07/01/2015 10:55:00","CAPITL",61757,21.57,1.30,0.00
"07/01/2015 10:55:00","CENTRL",61754,21.68,0.32,-1.08
"07/01/2015 10:55:00","DUNWOD",61760,22.77,2.49,0.00
"07/01/2015 10:55:00","GENESE",61753,19.14,-0.20,0.93
"07/01/2015 10:55:00","H Q",61844,19.56,-0.71,0.00
"07/01/2015 10:55:00","HUD VL",61758,22.68,2.41,0.00
"07/01/2015 10:55:00","LONGIL",61762,23.23,2.96,0.00
"07/01/2015 10:55:00","MHK VL",61756,20.98,0.63,-0.08
"07/01/2015 10:55:00","MILLWD",61759,22.79,2.51,0.00
"07/01/2015 10:55:00","N.Y.C.",61761,22.97,2.70,0.00
"07/01/2015 10:55:00","NORTH",61755,19.42,-0.85,0.00
"07/01/2015 10:55:00","NPX",61845,21.96,1.68,0.00
"07/01/2015 10:55:00","O H",61846,16.96,-0.93,2.38
"07/01/2015 10:55:00","PJM",61847,23.81,1.26,-2.28
"07/01/2015 10:55:00","WEST",61752,29.72,-0.71,-10.15
"07/01/2015 11:00:00","CAPITL",61757,19.16,1.14,0.00
"07/01/2015 11:00:00","CENTRL",61754,18.68,0.29,-0.37
"07/01/2015 11:00:00","DUNWOD",61760,20.26,2.23,0.00
"07/01/2015 11:00:00","GENESE",61753,17.46,-0.20,0.36
"07/01/2015 11:00:00","H Q",61844,17.41,-0.61,0.00
"07/01/2015 11:00:00","HUD VL",61758,20.19,2.16,0.00
"07/01/2015 11:00:00","LONGIL",61762,20.64,2.61,0.00
"07/01/2015 11:00:00","MHK VL",61756,18.58,0.56,0.00
"07/01/2015 11:00:00","MILLWD",61759,20.28,2.25,0.00
"07/01/2015 11:00:00","N.Y.C.",61761,21.97,2.40,-1.55
"07/01/2015 11:00:00","NORTH",61755,17.28,-0.74,0.00
"07/01/2015 11:00:00","NPX",61845,19.50,1.48,0.00
"07/01/2015 11:00:00","O H",61846,16.24,-0.85,0.94
"07/01/2015 11:00:00","PJM",61847,20.04,1.12,-0.90
"07/01/2015 11:00:00","WEST",61752,21.37,-0.65,-4.00
"07/01/2015 11:05:00","CAPITL",61757,21.34,1.27,0.00
"07/01/2015 11:05:00","CENTRL",61754,21.26,0.38,-0.81
"07/01/2015 11:05:00","DUNWOD",61760,22.58,2.51,0.00
"07/01/2015 11:05:00","GENESE",61753,19.26,-0.14,0.68
"07/01/2015 11:05:00","H Q",61844,19.37,-0.70,0.00
"07/01/2015 11:05:00","HUD VL",61758,22.48,2.41,0.00
"07/01/2015 11:05:00","LONGIL",61762,23.02,2.95,0.00
"07/01/2015 11:05:00","MHK VL",61756,20.78,0.64,-0.07
"07/01/2015 11:05:00","MILLWD",61759,22.58,2.51,0.00
"07/01/2015 11:05:00","N.Y.C.",61761,22.78,2.71,0.00
"07/01/2015 11:05:00","NORTH",61755,19.23,-0.84,0.00
"07/01/2015 11:05:00","NPX",61845,21.72,1.65,0.00
"07/01/2015 11:05:00","O H",61846,17.50,-0.84,1.73
"07/01/2015 11:05:00","PJM",61847,23.03,1.30,-1.66
"07/01/2015 11:05:00","WEST",61752,26.85,-0.62,-7.40
"07/01/2015 11:10:00","CAPITL",61757,21.37,1.30,0.00
"07/01/2015 11:10:00","CENTRL",61754,21.14,0.38,-0.69
"07/01/2015 11:10:00","DUNWOD",61760,22.58,2.51,0.00
"07/01/2015 11:10:00","GENESE",61753,19.27,-0.12,0.69
"07/01/2015 11:10:00","H Q",61844,19.37,-0.70,0.00
"07/01/2015 11:10:00","HUD VL",61758,22.48,2.41,0.00
"07/01/2015 11:10:00","LONGIL",61762,28.85,2.97,-5.81
"07/01/2015 11:10:00","MHK VL",61756,20.61,0.54,0.00
"07/01/2015 11:10:00","MILLWD",61759,22.60,2.53,0.00
"07/01/2015 11:10:00","N.Y.C.",61761,22.78,2.71,0.00
"07/01/2015 11:10:00","NORTH",61755,19.21,-0.86,0.00
"07/01/2015 11:10:00","NPX",61845,21.76,1.69,0.00
"07/01/2015 11:10:00","O H",61846,17.51,-0.80,1.76
"07/01/2015 11:10:00","PJM",61847,23.04,1.30,-1.67
"07/01/2015 11:10:00","WEST",61752,26.92,-0.60,-7.45
"07/01/2015 11:15:00","CAPITL",61757,14.72,0.89,0.00
"07/01/2015 11:15:00","CENTRL",61754,14.06,0.23,0.00
"07/01/2015 11:15:00","DUNWOD",61760,15.53,1.70,0.00
"07/01/2015 11:15:00","GENESE",61753,13.73,-0.10,0.00
"07/01/2015 11:15:00","H Q",61844,13.34,-0.48,0.00
"07/01/2015 11:15:00","HUD VL",61758,15.47,1.64,0.00
"07/01/2015 11:15:00","LONGIL",61762,29.24,2.02,-13.40
"07/01/2015 11:15:00","MHK VL",61756,14.19,0.36,0.00
"07/01/2015 11:15:00","MILLWD",61759,15.54,1.71,0.00
"07/01/2015 11:15:00","N.Y.C.",61761,24.09,1.81,-8.44
"07/01/2015 11:15:00","NORTH",61755,13.25,-0.58,0.00
"07/01/2015 11:15:00","NPX",61845,14.98,1.15,0.00
"07/01/2015 11:15:00","O H",61846,13.22,-0.61,0.00
"07/01/2015 11:15:00","PJM",61847,14.69,0.86,0.00
"07/01/2015 11:15:00","WEST",61752,13.37,-0.46,0.00
"07/01/2015 11:20:00","CAPITL",61757,16.47,0.98,0.00
"07/01/2015 11:20:00","CENTRL",61754,15.74,0.25,0.00
"07/01/2015 11:20:00","DUNWOD",61760,17.38,1.89,0.00
"07/01/2015 11:20:00","GENESE",61753,15.34,-0.15,0.00
"07/01/2015 11:20:00","H Q",61844,14.98,-0.51,0.00
"07/01/2015 11:20:00","HUD VL",61758,17.32,1.83,0.00
"07/01/2015 11:20:00","LONGIL",61762,29.27,2.23,-11.55
"07/01/2015 11:20:00","MHK VL",61756,15.88,0.39,0.00
"07/01/2015 11:20:00","MILLWD",61759,17.40,1.90,0.00
"07/01/2015 11:20:00","N.Y.C.",61761,24.21,2.01,-6.71
"07/01/2015 11:20:00","NORTH",61755,14.89,-0.60,0.00
"07/01/2015 11:20:00","NPX",61845,16.76,1.27,0.00
"07/01/2015 11:20:00","O H",61846,14.75,-0.74,0.00
"07/01/2015 11:20:00","PJM",61847,16.42,0.93,0.00
"07/01/2015 11:20:00","WEST",61752,14.92,-0.57,0.00
"07/01/2015 11:25:00","CAPITL",61757,14.73,0.89,0.00
"07/01/2015 11:25:00","CENTRL",61754,14.07,0.22,0.00
"07/01/2015 11:25:00","DUNWOD",61760,15.52,1.67,0.00
"07/01/2015 11:25:00","GENESE",61753,13.73,-0.11,0.00
"07/01/2015 11:25:00","H Q",61844,13.39,-0.46,0.00
"07/01/2015 11:25:00","HUD VL",61758,15.46,1.62,0.00
"07/01/2015 11:25:00","LONGIL",61762,30.92,1.98,-15.09
"07/01/2015 11:25:00","MHK VL",61756,14.19,0.35,0.00
"07/01/2015 11:25:00","MILLWD",61759,15.53,1.69,0.00
"07/01/2015 11:25:00","N.Y.C.",61761,24.70,1.79,-9.06
"07/01/2015 11:25:00","NORTH",61755,13.29,-0.55,0.00
"07/01/2015 11:25:00","NPX",61845,14.98,1.14,0.00
"07/01/2015 11:25:00","O H",61846,13.19,-0.65,0.00
"07/01/2015 11:25:00","PJM",61847,14.66,0.82,0.00
"07/01/2015 11:25:00","WEST",61752,13.36,-0.48,0.00
"07/01/2015 11:30:00","CAPITL",61757,14.73,0.87,0.00
"07/01/2015 11:30:00","CENTRL",61754,14.07,0.21,0.00
"07/01/2015 11:30:00","DUNWOD",61760,15.54,1.68,0.00
"07/01/2015 11:30:00","GENESE",61753,13.73,-0.12,0.00
"07/01/2015 11:30:00","H Q",61844,13.40,-0.46,0.00
"07/01/2015 11:30:00","HUD VL",61758,15.48,1.62,0.00
"07/01/2015 11:30:00","LONGIL",61762,31.06,1.97,-15.24
"07/01/2015 11:30:00","MHK VL",61756,14.21,0.35,0.00
"07/01/2015 11:30:00","MILLWD",61759,15.55,1.69,0.00
"07/01/2015 11:30:00","N.Y.C.",61761,26.68,1.79,-11.03
"07/01/2015 11:30:00","NORTH",61755,13.30,-0.55,0.00
"07/01/2015 11:30:00","NPX",61845,14.98,1.12,0.00
"07/01/2015 11:30:00","O H",61846,13.19,-0.66,0.00
"07/01/2015 11:30:00","PJM",61847,14.66,0.80,0.00
"07/01/2015 11:30:00","WEST",61752,13.35,-0.51,0.00
"07/01/2015 11:35:00","CAPITL",61757,14.75,0.87,0.00
"07/01/2015 11:35:00","CENTRL",61754,14.07,0.19,0.00
"07/01/2015 11:35:00","DUNWOD",61760,15.55,1.68,0.00
"07/01/2015 11:35:00","GENESE",61753,13.75,-0.13,0.00
"07/01/2015 11:35:00","H Q",61844,13.42,-0.46,0.00
"07/01/2015 11:35:00","HUD VL",61758,15.50,1.62,0.00
"07/01/2015 11:35:00","LONGIL",61762,31.07,1.98,-15.21
"07/01/2015 11:35:00","MHK VL",61756,14.21,0.33,0.00
"07/01/2015 11:35:00","MILLWD",61759,15.57,1.69,0.00
"07/01/2015 11:35:00","N.Y.C.",61761,30.20,1.79,-14.54
"07/01/2015 11:35:00","NORTH",61755,13.33,-0.54,0.00
"07/01/2015 11:35:00","NPX",61845,15.00,1.12,0.00
"07/01/2015 11:35:00","O H",61846,13.21,-0.67,0.00
"07/01/2015 11:35:00","PJM",61847,14.68,0.80,0.00
"07/01/2015 11:35:00","WEST",61752,13.36,-0.51,0.00
"07/01/2015 11:40:00","CAPITL",61757,13.05,0.77,0.00
"07/01/2015 11:40:00","CENTRL",61754,12.43,0.16,0.00
"07/01/2015 11:40:00","DUNWOD",61760,13.74,1.47,0.00
"07/01/2015 11:40:00","GENESE",61753,12.15,-0.12,0.00
"07/01/2015 11:40:00","H Q",61844,11.87,-0.40,0.00
"07/01/2015 11:40:00","HUD VL",61758,13.71,1.44,0.00
"07/01/2015 11:40:00","LONGIL",61762,31.03,1.74,-17.02
"07/01/2015 11:40:00","MHK VL",61756,12.57,0.29,0.00
"07/01/2015 11:40:00","MILLWD",61759,13.77,1.50,0.00
"07/01/2015 11:40:00","N.Y.C.",61761,30.53,1.58,-16.67
"07/01/2015 11:40:00","NORTH",61755,11.79,-0.48,0.00
"07/01/2015 11:40:00","NPX",61845,13.27,0.99,0.00
"07/01/2015 11:40:00","O H",61846,11.67,-0.60,0.00
"07/01/2015 11:40:00","PJM",61847,12.97,0.70,0.00
"07/01/2015 11:40:00","WEST",61752,11.81,-0.47,0.00
"07/01/2015 11:45:00","CAPITL",61757,13.00,0.77,0.00
"07/01/2015 11:45:00","CENTRL",61754,12.40,0.17,0.00
"07/01/2015 11:45:00","DUNWOD",61760,13.70,1.47,0.00
"07/01/2015 11:45:00","GENESE",61753,12.14,-0.10,0.00
"07/01/2015 11:45:00","H Q",61844,11.83,-0.40,0.00
"07/01/2015 11:45:00","HUD VL",61758,13.66,1.43,0.00
"07/01/2015 11:45:00","LONGIL",61762,31.04,1.75,-17.06
"07/01/2015 11:45:00","MHK VL",61756,12.53,0.29,0.00
"07/01/2015 11:45:00","MILLWD",61759,13.73,1.49,0.00
"07/01/2015 11:45:00","N.Y.C.",61761,33.90,1.58,-20.09
"07/01/2015 11:45:00","NORTH",61755,11.76,-0.48,0.00
"07/01/2015 11:45:00","NPX",61845,13.21,0.98,0.00
"07/01/2015 11:45:00","O H",61846,11.67,-0.56,0.00
"07/01/2015 11:45:00","PJM",61847,12.94,0.71,0.00
"07/01/2015 11:45:00","WEST",61752,11.81,-0.43,0.00
"07/01/2015 11:50:00","CAPITL",61757,13.03,0.77,0.00
"07/01/2015 11:50:00","CENTRL",61754,12.44,0.18,0.00
"07/01/2015 11:50:00","DUNWOD",61760,13.74,1.48,0.00
"07/01/2015 11:50:00","GENESE",61753,12.15,-0.11,0.00
"07/01/2015 11:50:00","H Q",61844,11.86,-0.40,0.00
"07/01/2015 11:50:00","HUD VL",61758,13.69,1.43,0.00
"07/01/2015 11:50:00","LONGIL",61762,31.03,1.75,-17.02
"07/01/2015 11:50:00","MHK VL",61756,12.55,0.29,0.00
"07/01/2015 11:50:00","MILLWD",61759,13.76,1.50,0.00
"07/01/2015 11:50:00","N.Y.C.",61761,30.52,1.58,-16.68
"07/01/2015 11:50:00","NORTH",61755,11.78,-0.48,0.00
"07/01/2015 11:50:00","NPX",61845,13.25,0.99,0.00
"07/01/2015 11:50:00","O H",61846,11.68,-0.58,0.00
"07/01/2015 11:50:00","PJM",61847,12.98,0.72,0.00
"07/01/2015 11:50:00","WEST",61752,11.82,-0.44,0.00
"07/01/2015 11:55:00","CAPITL",61757,9.82,0.58,0.00
"07/01/2015 11:55:00","CENTRL",61754,9.37,0.13,0.00
"07/01/2015 11:55:00","DUNWOD",61760,10.35,1.12,0.00
"07/01/2015 11:55:00","GENESE",61753,9.14,-0.09,0.00
"07/01/2015 11:55:00","H Q",61844,8.93,-0.30,0.00
"07/01/2015 11:55:00","HUD VL",61758,10.32,1.08,0.00
"07/01/2015 11:55:00","LONGIL",61762,30.97,1.32,-20.42
"07/01/2015 11:55:00","MHK VL",61756,9.46,0.22,0.00
"07/01/2015 11:55:00","MILLWD",61759,10.36,1.13,0.00
"07/01/2015 11:55:00","N.Y.C.",61761,30.10,1.19,-19.67
"07/01/2015 11:55:00","NORTH",61755,8.88,-0.36,0.00
"07/01/2015 11:55:00","NPX",61845,9.98,0.75,0.00
"07/01/2015 11:55:00","O H",61846,8.77,-0.47,0.00
"07/01/2015 11:55:00","PJM",61847,9.76,0.53,0.00
"07/01/2015 11:55:00","WEST",61752,8.87,-0.37,0.00
"07/01/2015 12:00:00","CAPITL",61757,20.03,1.24,0.00
"07/01/2015 12:00:00","CENTRL",61754,18.98,0.19,0.00
"07/01/2015 12:00:00","DUNWOD",61760,21.07,2.27,0.00
"07/01/2015 12:00:00","GENESE",61753,18.47,-0.32,0.00
"07/01/2015 12:00:00","H Q",61844,18.19,-0.60,0.00
"07/01/2015 12:00:00","HUD VL",61758,21.01,2.22,0.00
"07/01/2015 12:00:00","LONGIL",61762,31.19,2.71,-9.69
"07/01/2015 12:00:00","MHK VL",61756,19.23,0.43,0.00
"07/01/2015 12:00:00","MILLWD",61759,21.10,2.31,0.00
"07/01/2015 12:00:00","N.Y.C.",61761,26.62,2.46,-5.37
"07/01/2015 12:00:00","NORTH",61755,18.08,-0.71,0.00
"07/01/2015 12:00:00","NPX",61845,20.33,1.54,0.00
"07/01/2015 12:00:00","O H",61846,17.65,-1.15,0.00
"07/01/2015 12:00:00","PJM",61847,19.81,1.01,0.00
"07/01/2015 12:00:00","WEST",61752,17.82,-0.98,0.00
"07/01/2015 12:05:00","CAPITL",61757,16.80,1.05,0.00
"07/01/2015 12:05:00","CENTRL",61754,15.89,0.14,0.00
"07/01/2015 12:05:00","DUNWOD",61760,17.66,1.92,0.00
"07/01/2015 12:05:00","GENESE",61753,15.44,-0.30,0.00
"07/01/2015 12:05:00","H Q",61844,15.24,-0.50,0.00
"07/01/2015 12:05:00","HUD VL",61758,17.60,1.86,0.00
"07/01/2015 12:05:00","LONGIL",61762,31.11,2.27,-13.10
"07/01/2015 12:05:00","MHK VL",61756,16.11,0.36,0.00
"07/01/2015 12:05:00","MILLWD",61759,17.68,1.94,0.00
"07/01/2015 12:05:00","N.Y.C.",61761,26.87,2.06,-9.06
"07/01/2015 12:05:00","NORTH",61755,15.13,-0.61,0.00
"07/01/2015 12:05:00","NPX",61845,17.05,1.31,0.00
"07/01/2015 12:05:00","O H",61846,14.74,-1.01,0.00
"07/01/2015 12:05:00","PJM",61847,16.56,0.82,0.00
"07/01/2015 12:05:00","WEST",61752,14.88,-0.87,0.00
"07/01/2015 12:10:00","CAPITL",61757,16.73,1.04,0.00
"07/01/2015 12:10:00","CENTRL",61754,15.85,0.16,0.00
"07/01/2015 12:10:00","DUNWOD",61760,17.61,1.91,0.00
"07/01/2015 12:10:00","GENESE",61753,15.43,-0.27,0.00
"07/01/2015 12:10:00","H Q",61844,15.18,-0.52,0.00
"07/01/2015 12:10:00","HUD VL",61758,17.54,1.85,0.00
"07/01/2015 12:10:00","LONGIL",61762,31.30,2.26,-13.34
"07/01/2015 12:10:00","MHK VL",61756,16.05,0.36,0.00
"07/01/2015 12:10:00","MILLWD",61759,17.62,1.93,0.00
"07/01/2015 12:10:00","N.Y.C.",61761,26.43,2.06,-8.68
"07/01/2015 12:10:00","NORTH",61755,15.08,-0.61,0.00
"07/01/2015 12:10:00","NPX",61845,17.00,1.30,0.00
"07/01/2015 12:10:00","O H",61846,14.74,-0.96,0.00
"07/01/2015 12:10:00","PJM",61847,16.54,0.85,0.00
"07/01/2015 12:10:00","WEST",61752,14.88,-0.82,0.00
"07/01/2015 12:15:00","CAPITL",61757,14.93,0.92,0.00
"07/01/2015 12:15:00","CENTRL",61754,14.15,0.14,0.00
"07/01/2015 12:15:00","DUNWOD",61760,15.72,1.71,0.00
"07/01/2015 12:15:00","GENESE",61753,13.78,-0.22,0.00
"07/01/2015 12:15:00","H Q",61844,13.55,-0.46,0.00
"07/01/2015 12:15:00","HUD VL",61758,15.68,1.67,0.00
"07/01/2015 12:15:00","LONGIL",61762,45.56,2.02,-29.53
"07/01/2015 12:15:00","MHK VL",61756,14.33,0.32,0.00
"07/01/2015 12:15:00","MILLWD",61759,15.73,1.72,0.00
"07/01/2015 12:15:00","N.Y.C.",61761,26.36,1.85,-10.50
"07/01/2015 12:15:00","NORTH",61755,13.45,-0.56,0.00
"07/01/2015 12:15:00","NPX",61845,15.17,1.16,0.00
"07/01/2015 12:15:00","O H",61846,13.18,-0.83,0.00
"07/01/2015 12:15:00","PJM",61847,14.76,0.76,0.00
"07/01/2015 12:15:00","WEST",61752,13.34,-0.67,0.00
"07/01/2015 12:20:00","CAPITL",61757,14.86,0.91,0.00
"07/01/2015 12:20:00","CENTRL",61754,14.12,0.17,0.00
"07/01/2015 12:20:00","DUNWOD",61760,15.65,1.70,0.00
"07/01/2015 12:20:00","GENESE",61753,13.75,-0.20,0.00
"07/01/2015 12:20:00","H Q",61844,13.49,-0.46,0.00
"07/01/2015 12:20:00","HUD VL",61758,15.59,1.65,0.00
"07/01/2015 12:20:00","LONGIL",61762,32.94,2.01,-16.98
"07/01/2015 12:20:00","MHK VL",61756,14.28,0.33,0.00
"07/01/2015 12:20:00","MILLWD",61759,15.66,1.72,0.00
"07/01/2015 12:20:00","N.Y.C.",61761,26.67,1.83,-10.90
"07/01/2015 12:20:00","NORTH",61755,13.39,-0.56,0.00
"07/01/2015 12:20:00","NPX",61845,15.09,1.14,0.00
"07/01/2015 12:20:00","O H",61846,13.20,-0.75,0.00
"07/01/2015 12:20:00","PJM",61847,14.73,0.78,0.00
"07/01/2015 12:20:00","WEST",61752,13.34,-0.61,0.00
"07/01/2015 12:25:00","CAPITL",61757,14.84,0.89,0.00
"07/01/2015 12:25:00","CENTRL",61754,14.12,0.17,0.00
"07/01/2015 12:25:00","DUNWOD",61760,15.65,1.70,0.00
"07/01/2015 12:25:00","GENESE",61753,13.77,-0.18,0.00
"07/01/2015 12:25:00","H Q",61844,13.49,-0.46,0.00
"07/01/2015 12:25:00","HUD VL",61758,15.61,1.66,0.00
"07/01/2015 12:25:00","LONGIL",61762,32.92,2.01,-16.96
"07/01/2015 12:25:00","MHK VL",61756,14.28,0.33,0.00
"07/01/2015 12:25:00","MILLWD",61759,15.66,1.72,0.00
"07/01/2015 12:25:00","N.Y.C.",61761,26.34,1.83,-10.56
"07/01/2015 12:25:00","NORTH",61755,13.40,-0.54,0.00
"07/01/2015 12:25:00","NPX",61845,15.08,1.13,0.00
"07/01/2015 12:25:00","O H",61846,13.20,-0.75,0.00
"07/01/2015 12:25:00","PJM",61847,14.73,0.78,0.00
"07/01/2015 12:25:00","WEST",61752,13.34,-0.61,0.00
"07/01/2015 12:30:00","CAPITL",61757,14.93,0.91,0.00
"07/01/2015 12:30:00","CENTRL",61754,14.16,0.14,0.00
"07/01/2015 12:30:00","DUNWOD",61760,15.73,1.71,0.00
"07/01/2015 12:30:00","GENESE",61753,13.80,-0.22,0.00
"07/01/2015 12:30:00","H Q",61844,13.56,-0.46,0.00
"07/01/2015 12:30:00","HUD VL",61758,15.69,1.67,0.00
"07/01/2015 12:30:00","LONGIL",61762,32.92,2.02,-16.88
"07/01/2015 12:30:00","MHK VL",61756,14.36,0.34,0.00
"07/01/2015 12:30:00","MILLWD",61759,15.76,1.74,0.00
"07/01/2015 12:30:00","N.Y.C.",61761,26.10,1.85,-10.23
"07/01/2015 12:30:00","NORTH",61755,13.48,-0.55,0.00
"07/01/2015 12:30:00","NPX",61845,15.17,1.15,0.00
"07/01/2015 12:30:00","O H",61846,13.21,-0.81,0.00
"07/01/2015 12:30:00","PJM",61847,14.79,0.77,0.00
"07/01/2015 12:30:00","WEST",61752,13.34,-0.69,0.00
"07/01/2015 12:35:00","CAPITL",61757,16.68,1.02,0.00
"07/01/2015 12:35:00","CENTRL",61754,15.82,0.16,0.00
"07/01/2015 12:35:00","DUNWOD",61760,17.57,1.91,0.00
"07/01/2015 12:35:00","GENESE",61753,15.39,-0.27,0.00
"07/01/2015 12:35:00","H Q",61844,15.14,-0.52,0.00
"07/01/2015 12:35:00","HUD VL",61758,17.52,1.86,0.00
"07/01/2015 12:35:00","LONGIL",61762,33.17,2.26,-15.25
"07/01/2015 12:35:00","MHK VL",61756,16.03,0.38,0.00
"07/01/2015 12:35:00","MILLWD",61759,17.60,1.94,0.00
"07/01/2015 12:35:00","N.Y.C.",61761,26.24,2.07,-8.51
"07/01/2015 12:35:00","NORTH",61755,15.05,-0.61,0.00
"07/01/2015 12:35:00","NPX",61845,16.94,1.28,0.00
"07/01/2015 12:35:00","O H",61846,14.73,-0.92,0.00
"07/01/2015 12:35:00","PJM",61847,16.52,0.86,0.00
"07/01/2015 12:35:00","WEST",61752,14.89,-0.77,0.00
"07/01/2015 12:40:00","CAPITL",61757,16.69,1.02,0.00
"07/01/2015 12:40:00","CENTRL",61754,15.82,0.14,0.00
"07/01/2015 12:40:00","DUNWOD",61760,17.60,1.93,0.00
"07/01/2015 12:40:00","GENESE",61753,15.39,-0.28,0.00
"07/01/2015 12:40:00","H Q",61844,15.16,-0.52,0.00
"07/01/2015 12:40:00","HUD VL",61758,17.54,1.86,0.00
"07/01/2015 12:40:00","LONGIL",61762,33.18,2.27,-15.23
"07/01/2015 12:40:00","MHK VL",61756,16.05,0.38,0.00
"07/01/2015 12:40:00","MILLWD",61759,17.62,1.94,0.00
"07/01/2015 12:40:00","N.Y.C.",61761,24.87,2.09,-7.11
"07/01/2015 12:40:00","NORTH",61755,15.06,-0.61,0.00
"07/01/2015 12:40:00","NPX",61845,16.96,1.29,0.00
"07/01/2015 12:40:00","O H",61846,14.74,-0.94,0.00
"07/01/2015 12:40:00","PJM",61847,16.54,0.86,0.00
"07/01/2015 12:40:00","WEST",61752,14.89,-0.78,0.00
"07/01/2015 12:45:00","CAPITL",61757,16.66,1.02,0.00
"07/01/2015 12:45:00","CENTRL",61754,15.78,0.14,0.00
"07/01/2015 12:45:00","DUNWOD",61760,17.56,1.92,0.00
"07/01/2015 12:45:00","GENESE",61753,15.38,-0.27,0.00
"07/01/2015 12:45:00","H Q",61844,15.13,-0.52,0.00
"07/01/2015 12:45:00","HUD VL",61758,17.52,1.88,0.00
"07/01/2015 12:45:00","LONGIL",61762,45.60,2.27,-27.69
"07/01/2015 12:45:00","MHK VL",61756,16.02,0.37,0.00
"07/01/2015 12:45:00","MILLWD",61759,17.58,1.94,0.00
"07/01/2015 12:45:00","N.Y.C.",61761,24.86,2.08,-7.14
"07/01/2015 12:45:00","NORTH",61755,15.03,-0.61,0.00
"07/01/2015 12:45:00","NPX",61845,16.92,1.28,0.00
"07/01/2015 12:45:00","O H",61846,14.73,-0.91,0.00
"07/01/2015 12:45:00","PJM",61847,16.52,0.88,0.00
"07/01/2015 12:45:00","WEST",61752,14.89,-0.75,0.00
"07/01/2015 12:50:00","CAPITL",61757,16.71,1.03,0.00
"07/01/2015 12:50:00","CENTRL",61754,15.82,0.14,0.00
"07/01/2015 12:50:00","DUNWOD",61760,17.62,1.94,0.00
"07/01/2015 12:50:00","GENESE",61753,15.39,-0.28,0.00
"07/01/2015 12:50:00","H Q",61844,15.16,-0.52,0.00
"07/01/2015 12:50:00","HUD VL",61758,17.56,1.88,0.00
"07/01/2015 12:50:00","LONGIL",61762,45.60,2.29,-27.64
"07/01/2015 12:50:00","MHK VL",61756,16.05,0.38,0.00
"07/01/2015 12:50:00","MILLWD",61759,17.64,1.96,0.00
"07/01/2015 12:50:00","N.Y.C.",61761,24.85,2.09,-7.09
"07/01/2015 12:50:00","NORTH",61755,15.05,-0.63,0.00
"07/01/2015 12:50:00","NPX",61845,16.98,1.30,0.00
"07/01/2015 12:50:00","O H",61846,14.74,-0.94,0.00
"07/01/2015 12:50:00","PJM",61847,16.55,0.88,0.00
"07/01/2015 12:50:00","WEST",61752,14.89,-0.78,0.00
"07/01/2015 12:55:00","CAPITL",61757,16.71,1.05,0.00
"07/01/2015 12:55:00","CENTRL",61754,15.80,0.14,0.00
"07/01/2015 12:55:00","DUNWOD",61760,17.60,1.94,0.00
"07/01/2015 12:55:00","GENESE",61753,15.39,-0.27,0.00
"07/01/2015 12:55:00","H Q",61844,15.13,-0.53,0.00
"07/01/2015 12:55:00","HUD VL",61758,17.55,1.89,0.00
"07/01/2015 12:55:00","LONGIL",61762,59.73,2.29,-41.78
"07/01/2015 12:55:00","MHK VL",61756,16.03,0.38,0.00
"07/01/2015 12:55:00","MILLWD",61759,17.62,1.96,0.00
"07/01/2015 12:55:00","N.Y.C.",61761,26.86,2.10,-9.10
"07/01/2015 12:55:00","NORTH",61755,15.02,-0.64,0.00
"07/01/2015 12:55:00","NPX",61845,16.96,1.30,0.00
"07/01/2015 12:55:00","O H",61846,14.72,-0.94,0.00
"07/01/2015 12:55:00","PJM",61847,16.52,0.86,0.00
"07/01/2015 12:55:00","WEST",61752,14.89,-0.77,0.00
"07/01/2015 13:00:00","CAPITL",61757,16.83,1.06,0.00
"07/01/2015 13:00:00","CENTRL",61754,15.89,0.11,0.00
"07/01/2015 13:00:00","DUNWOD",61760,17.73,1.96,0.00
"07/01/2015 13:00:00","GENESE",61753,15.43,-0.35,0.00
"07/01/2015 13:00:00","H Q",61844,15.26,-0.52,0.00
"07/01/2015 13:00:00","HUD VL",61758,17.69,1.91,0.00
"07/01/2015 13:00:00","LONGIL",61762,30.35,2.30,-12.27
"07/01/2015 13:00:00","MHK VL",61756,16.14,0.36,0.00
"07/01/2015 13:00:00","MILLWD",61759,17.75,1.97,0.00
"07/01/2015 13:00:00","N.Y.C.",61761,24.25,2.11,-6.35
"07/01/2015 13:00:00","NORTH",61755,15.13,-0.65,0.00
"07/01/2015 13:00:00","NPX",61845,17.10,1.33,0.00
"07/01/2015 13:00:00","O H",61846,14.74,-1.04,0.00
"07/01/2015 13:00:00","PJM",61847,16.61,0.84,0.00
"07/01/2015 13:00:00","WEST",61752,14.89,-0.88,0.00
"07/01/2015 13:05:00","CAPITL",61757,27.57,0.98,-12.25
"07/01/2015 13:05:00","CENTRL",61754,15.88,0.09,-1.44
"07/01/2015 13:05:00","DUNWOD",61760,25.31,1.76,-9.19
"07/01/2015 13:05:00","GENESE",61753,15.14,-0.33,-1.12
"07/01/2015 13:05:00","H Q",61844,13.89,-0.46,0.00
"07/01/2015 13:05:00","HUD VL",61758,25.15,1.71,-9.09
"07/01/2015 13:05:00","LONGIL",61762,31.45,2.07,-15.03
"07/01/2015 13:05:00","MHK VL",61756,16.17,0.32,-1.51
"07/01/2015 13:05:00","MILLWD",61759,25.38,1.78,-9.25
"07/01/2015 13:05:00","N.Y.C.",61761,25.46,1.91,-9.20
"07/01/2015 13:05:00","NORTH",61755,13.78,-0.57,0.00
"07/01/2015 13:05:00","NPX",61845,26.52,1.22,-10.95
"07/01/2015 13:05:00","O H",61846,14.84,-0.99,-1.48
"07/01/2015 13:05:00","PJM",61847,21.19,0.72,-6.12
"07/01/2015 13:05:00","WEST",61752,14.95,-0.85,-1.45
"07/01/2015 13:10:00","CAPITL",61757,23.28,1.46,0.00
"07/01/2015 13:10:00","CENTRL",61754,23.21,0.26,-1.13
"07/01/2015 13:10:00","DUNWOD",61760,24.54,2.73,0.00
"07/01/2015 13:10:00","GENESE",61753,20.36,-0.33,1.13
"07/01/2015 13:10:00","H Q",61844,21.07,-0.74,0.00
"07/01/2015 13:10:00","HUD VL",61758,24.45,2.64,0.00
"07/01/2015 13:10:00","LONGIL",61762,31.77,3.21,-6.75
"07/01/2015 13:10:00","MHK VL",61756,22.34,0.52,0.00
"07/01/2015 13:10:00","MILLWD",61759,24.56,2.75,0.00
"07/01/2015 13:10:00","N.Y.C.",61761,24.79,2.97,0.00
"07/01/2015 13:10:00","NORTH",61755,20.83,-0.98,0.00
"07/01/2015 13:10:00","NPX",61845,23.65,1.83,0.00
"07/01/2015 13:10:00","O H",61846,17.74,-1.18,2.90
"07/01/2015 13:10:00","PJM",61847,25.83,1.26,-2.75
"07/01/2015 13:10:00","WEST",61752,33.08,-0.92,-12.18
"07/01/2015 13:15:00","CAPITL",61757,20.07,1.26,0.00
"07/01/2015 13:15:00","CENTRL",61754,18.93,0.11,0.00
"07/01/2015 13:15:00","DUNWOD",61760,21.18,2.37,0.00
"07/01/2015 13:15:00","GENESE",61753,18.38,-0.43,0.00
"07/01/2015 13:15:00","H Q",61844,18.19,-0.62,0.00
"07/01/2015 13:15:00","HUD VL",61758,21.11,2.29,0.00
"07/01/2015 13:15:00","LONGIL",61762,33.07,2.78,-11.47
"07/01/2015 13:15:00","MHK VL",61756,19.25,0.43,0.00
"07/01/2015 13:15:00","MILLWD",61759,21.20,2.39,0.00
"07/01/2015 13:15:00","N.Y.C.",61761,24.44,2.56,-3.07
"07/01/2015 13:15:00","NORTH",61755,18.00,-0.81,0.00
"07/01/2015 13:15:00","NPX",61845,20.41,1.60,0.00
"07/01/2015 13:15:00","O H",61846,17.53,-1.28,0.00
"07/01/2015 13:15:00","PJM",61847,19.81,1.00,0.00
"07/01/2015 13:15:00","WEST",61752,17.72,-1.09,0.00
"07/01/2015 13:20:00","CAPITL",61757,23.23,1.33,-2.10
"07/01/2015 13:20:00","CENTRL",61754,20.60,0.16,-0.63
"07/01/2015 13:20:00","DUNWOD",61760,23.90,2.52,-1.57
"07/01/2015 13:20:00","GENESE",61753,19.20,-0.42,0.19
"07/01/2015 13:20:00","H Q",61844,19.13,-0.67,0.00
"07/01/2015 13:20:00","HUD VL",61758,23.80,2.44,-1.56
"07/01/2015 13:20:00","LONGIL",61762,33.08,2.95,-10.32
"07/01/2015 13:20:00","MHK VL",61756,20.54,0.47,-0.26
"07/01/2015 13:20:00","MILLWD",61759,23.93,2.54,-1.58
"07/01/2015 13:20:00","N.Y.C.",61761,24.36,2.73,-1.82
"07/01/2015 13:20:00","NORTH",61755,18.94,-0.87,0.00
"07/01/2015 13:20:00","NPX",61845,23.36,1.68,-1.87
"07/01/2015 13:20:00","O H",61846,17.82,-1.27,0.72
"07/01/2015 13:20:00","PJM",61847,22.89,1.11,-1.97
"07/01/2015 13:20:00","WEST",61752,23.01,-1.07,-4.27
"07/01/2015 13:25:00","CAPITL",61757,22.72,1.43,0.00
"07/01/2015 13:25:00","CENTRL",61754,22.06,0.19,-0.57
"07/01/2015 13:25:00","DUNWOD",61760,23.98,2.68,0.00
"07/01/2015 13:25:00","GENESE",61753,20.32,-0.41,0.57
"07/01/2015 13:25:00","H Q",61844,20.57,-0.72,0.00
"07/01/2015 13:25:00","HUD VL",61758,23.89,2.60,0.00
"07/01/2015 13:25:00","LONGIL",61762,33.53,3.17,-9.07
"07/01/2015 13:25:00","MHK VL",61756,21.80,0.51,0.00
"07/01/2015 13:25:00","MILLWD",61759,24.00,2.70,0.00
"07/01/2015 13:25:00","N.Y.C.",61761,24.22,2.92,0.00
"07/01/2015 13:25:00","NORTH",61755,20.36,-0.94,0.00
"07/01/2015 13:25:00","NPX",61845,23.10,1.81,0.00
"07/01/2015 13:25:00","O H",61846,18.52,-1.32,1.45
"07/01/2015 13:25:00","PJM",61847,23.86,1.19,-1.38
"07/01/2015 13:25:00","WEST",61752,26.21,-1.09,-6.00
"07/01/2015 13:30:00","CAPITL",61757,23.26,1.31,-2.42
"07/01/2015 13:30:00","CENTRL",61754,20.06,0.14,-0.39
"07/01/2015 13:30:00","DUNWOD",61760,23.81,2.46,-1.82
"07/01/2015 13:30:00","GENESE",61753,19.20,-0.45,-0.12
"07/01/2015 13:30:00","H Q",61844,18.89,-0.64,0.00
"07/01/2015 13:30:00","HUD VL",61758,23.73,2.40,-1.80
"07/01/2015 13:30:00","LONGIL",61762,45.44,2.91,-23.00
"07/01/2015 13:30:00","MHK VL",61756,20.29,0.47,-0.30
"07/01/2015 13:30:00","MILLWD",61759,23.86,2.50,-1.83
"07/01/2015 13:30:00","N.Y.C.",61761,24.03,2.68,-1.82
"07/01/2015 13:30:00","NORTH",61755,18.71,-0.82,0.00
"07/01/2015 13:30:00","NPX",61845,23.36,1.66,-2.17
"07/01/2015 13:30:00","O H",61846,18.22,-1.35,-0.03
"07/01/2015 13:30:00","PJM",61847,22.03,1.03,-1.46
"07/01/2015 13:30:00","WEST",61752,19.75,-1.15,-1.37
"07/01/2015 13:35:00","CAPITL",61757,23.28,1.42,0.00
"07/01/2015 13:35:00","CENTRL",61754,22.91,0.17,-0.87
"07/01/2015 13:35:00","DUNWOD",61760,24.53,2.67,0.00
"07/01/2015 13:35:00","GENESE",61753,20.52,-0.48,0.86
"07/01/2015 13:35:00","H Q",61844,21.19,-0.68,0.00
"07/01/2015 13:35:00","HUD VL",61758,24.46,2.60,0.00
"07/01/2015 13:35:00","LONGIL",61762,48.07,3.15,-23.05
"07/01/2015 13:35:00","MHK VL",61756,22.39,0.52,0.00
"07/01/2015 13:35:00","MILLWD",61759,24.55,2.69,0.00
"07/01/2015 13:35:00","N.Y.C.",61761,24.79,2.89,-0.04
"07/01/2015 13:35:00","NORTH",61755,20.99,-0.88,0.00
"07/01/2015 13:35:00","NPX",61845,23.66,1.79,0.00
"07/01/2015 13:35:00","O H",61846,18.21,-1.44,2.21
"07/01/2015 13:35:00","PJM",61847,25.10,1.14,-2.10
"07/01/2015 13:35:00","WEST",61752,29.80,-1.20,-9.14
"07/01/2015 13:40:00","CAPITL",61757,23.31,1.42,0.00
"07/01/2015 13:40:00","CENTRL",61754,22.91,0.15,-0.87
"07/01/2015 13:40:00","DUNWOD",61760,24.56,2.67,0.00
"07/01/2015 13:40:00","GENESE",61753,20.54,-0.48,0.87
"07/01/2015 13:40:00","H Q",61844,21.19,-0.70,0.00
"07/01/2015 13:40:00","HUD VL",61758,24.49,2.60,0.00
"07/01/2015 13:40:00","LONGIL",61762,48.09,3.17,-23.03
"07/01/2015 13:40:00","MHK VL",61756,22.46,0.57,0.00
"07/01/2015 13:40:00","MILLWD",61759,24.60,2.71,0.00
"07/01/2015 13:40:00","N.Y.C.",61761,26.39,2.91,-1.59
"07/01/2015 13:40:00","NORTH",61755,20.99,-0.90,0.00
"07/01/2015 13:40:00","NPX",61845,23.68,1.80,0.00
"07/01/2015 13:40:00","O H",61846,18.20,-1.47,2.22
"07/01/2015 13:40:00","PJM",61847,25.13,1.14,-2.11
"07/01/2015 13:40:00","WEST",61752,29.84,-1.23,-9.18
"07/01/2015 13:45:00","CAPITL",61757,45.73,2.79,0.00
"07/01/2015 13:45:00","CENTRL",61754,47.20,0.34,-3.91
"07/01/2015 13:45:00","DUNWOD",61760,48.18,5.24,0.00
"07/01/2015 13:45:00","GENESE",61753,38.20,-0.86,3.88
"07/01/2015 13:45:00","H Q",61844,41.57,-1.38,0.00
"07/01/2015 13:45:00","HUD VL",61758,48.05,5.11,0.00
"07/01/2015 13:45:00","LONGIL",61762,53.03,6.22,-3.86
"07/01/2015 13:45:00","MHK VL",61756,44.06,1.11,0.00
"07/01/2015 13:45:00","MILLWD",61759,48.27,5.32,0.00
"07/01/2015 13:45:00","N.Y.C.",61761,48.57,5.62,0.00
"07/01/2015 13:45:00","NORTH",61755,41.18,-1.76,0.00
"07/01/2015 13:45:00","NPX",61845,46.46,3.52,0.00
"07/01/2015 13:45:00","O H",61846,30.29,-2.70,9.95
"07/01/2015 13:45:00","PJM",61847,54.67,2.27,-9.45
"07/01/2015 13:45:00","WEST",61752,81.88,-2.23,-41.17
"07/01/2015 13:50:00","CAPITL",61757,50.91,3.06,0.00
"07/01/2015 13:50:00","CENTRL",61754,53.28,0.53,-4.91
"07/01/2015 13:50:00","DUNWOD",61760,53.63,5.79,0.00
"07/01/2015 13:50:00","GENESE",61753,42.25,-0.72,4.87
"07/01/2015 13:50:00","H Q",61844,46.31,-1.53,0.00
"07/01/2015 13:50:00","HUD VL",61758,53.49,5.64,0.00
"07/01/2015 13:50:00","LONGIL",61762,54.74,6.89,0.00
"07/01/2015 13:50:00","MHK VL",61756,49.14,1.29,0.00
"07/01/2015 13:50:00","MILLWD",61759,53.73,5.88,0.00
"07/01/2015 13:50:00","N.Y.C.",61761,54.02,6.17,0.00
"07/01/2015 13:50:00","NORTH",61755,45.88,-1.96,0.00
"07/01/2015 13:50:00","NPX",61845,51.72,3.87,0.00
"07/01/2015 13:50:00","O H",61846,32.73,-2.63,12.49
"07/01/2015 13:50:00","PJM",61847,62.39,2.68,-11.86
"07/01/2015 13:50:00","WEST",61752,97.46,-2.06,-51.67
"07/01/2015 13:55:00","CAPITL",61757,40.30,2.46,0.00
"07/01/2015 13:55:00","CENTRL",61754,42.01,0.27,-3.90
"07/01/2015 13:55:00","DUNWOD",61760,42.49,4.65,0.00
"07/01/2015 13:55:00","GENESE",61753,33.16,-0.80,3.88
"07/01/2015 13:55:00","H Q",61844,36.62,-1.21,0.00
"07/01/2015 13:55:00","HUD VL",61758,42.38,4.54,0.00
"07/01/2015 13:55:00","LONGIL",61762,53.78,5.52,-10.42
"07/01/2015 13:55:00","MHK VL",61756,38.82,0.98,0.00
"07/01/2015 13:55:00","MILLWD",61759,42.57,4.73,0.00
"07/01/2015 13:55:00","N.Y.C.",61761,42.87,5.03,0.00
"07/01/2015 13:55:00","NORTH",61755,36.28,-1.55,0.00
"07/01/2015 13:55:00","NPX",61845,40.94,3.10,0.00
"07/01/2015 13:55:00","O H",61846,25.45,-2.46,9.93
"07/01/2015 13:55:00","PJM",61847,49.28,2.00,-9.44
"07/01/2015 13:55:00","WEST",61752,76.85,-2.08,-41.09
"07/01/2015 14:00:00","CAPITL",61757,26.96,1.64,0.00
"07/01/2015 14:00:00","CENTRL",61754,26.94,0.15,-1.47
"07/01/2015 14:00:00","DUNWOD",61760,28.48,3.16,0.00
"07/01/2015 14:00:00","GENESE",61753,23.39,-0.66,1.26
"07/01/2015 14:00:00","H Q",61844,24.53,-0.78,0.00
"07/01/2015 14:00:00","HUD VL",61758,28.38,3.06,0.00
"07/01/2015 14:00:00","LONGIL",61762,29.01,3.70,0.00
"07/01/2015 14:00:00","MHK VL",61756,25.97,0.66,0.00
"07/01/2015 14:00:00","MILLWD",61759,28.51,3.19,0.00
"07/01/2015 14:00:00","N.Y.C.",61761,28.76,3.44,0.00
"07/01/2015 14:00:00","NORTH",61755,24.30,-1.01,0.00
"07/01/2015 14:00:00","NPX",61845,27.39,2.08,0.00
"07/01/2015 14:00:00","O H",61846,19.57,-1.85,3.90
"07/01/2015 14:00:00","PJM",61847,30.07,1.29,-3.46
"07/01/2015 14:00:00","WEST",61752,39.82,-1.59,-16.10
"07/01/2015 14:05:00","CAPITL",61757,15.98,0.95,0.00
"07/01/2015 14:05:00","CENTRL",61754,15.03,0.00,0.00
"07/01/2015 14:05:00","DUNWOD",61760,16.90,1.86,0.00
"07/01/2015 14:05:00","GENESE",61753,14.52,-0.51,0.00
"07/01/2015 14:05:00","H Q",61844,14.60,-0.44,0.00
"07/01/2015 14:05:00","HUD VL",61758,16.85,1.82,0.00
"07/01/2015 14:05:00","LONGIL",61762,31.30,2.22,-14.04
"07/01/2015 14:05:00","MHK VL",61756,15.41,0.38,0.00
"07/01/2015 14:05:00","MILLWD",61759,16.93,1.89,0.00
"07/01/2015 14:05:00","N.Y.C.",61761,26.81,2.04,-9.73
"07/01/2015 14:05:00","NORTH",61755,14.49,-0.54,0.00
"07/01/2015 14:05:00","NPX",61845,16.25,1.22,0.00
"07/01/2015 14:05:00","O H",61846,13.73,-1.31,0.00
"07/01/2015 14:05:00","PJM",61847,15.71,0.68,0.00
"07/01/2015 14:05:00","WEST",61752,13.86,-1.17,0.00
"07/01/2015 14:10:00","CAPITL",61757,17.77,1.07,0.00
"07/01/2015 14:10:00","CENTRL",61754,16.72,0.02,0.00
"07/01/2015 14:10:00","DUNWOD",61760,18.81,2.10,0.00
"07/01/2015 14:10:00","GENESE",61753,16.14,-0.57,0.00
"07/01/2015 14:10:00","H Q",61844,16.20,-0.50,0.00
"07/01/2015 14:10:00","HUD VL",61758,18.74,2.04,0.00
"07/01/2015 14:10:00","LONGIL",61762,31.47,2.50,-12.26
"07/01/2015 14:10:00","MHK VL",61756,17.12,0.42,0.00
"07/01/2015 14:10:00","MILLWD",61759,18.84,2.14,0.00
"07/01/2015 14:10:00","N.Y.C.",61761,25.24,2.31,-6.23
"07/01/2015 14:10:00","NORTH",61755,16.05,-0.65,0.00
"07/01/2015 14:10:00","NPX",61845,18.07,1.37,0.00
"07/01/2015 14:10:00","O H",61846,15.27,-1.44,0.00
"07/01/2015 14:10:00","PJM",61847,17.49,0.79,0.00
"07/01/2015 14:10:00","WEST",61752,15.42,-1.29,0.00
"07/01/2015 14:15:00","CAPITL",61757,18.59,1.10,-0.26
"07/01/2015 14:15:00","CENTRL",61754,17.84,0.07,-0.55
"07/01/2015 14:15:00","DUNWOD",61760,22.00,2.19,-2.59
"07/01/2015 14:15:00","GENESE",61753,16.87,-0.53,-0.18
"07/01/2015 14:15:00","H Q",61844,16.69,-0.53,0.00
"07/01/2015 14:15:00","HUD VL",61758,21.69,2.12,-2.35
"07/01/2015 14:15:00","LONGIL",61762,31.32,2.60,-11.50
"07/01/2015 14:15:00","MHK VL",61756,18.07,0.43,-0.42
"07/01/2015 14:15:00","MILLWD",61759,22.00,2.22,-2.55
"07/01/2015 14:15:00","N.Y.C.",61761,24.46,2.38,-4.86
"07/01/2015 14:15:00","NORTH",61755,16.50,-0.72,0.00
"07/01/2015 14:15:00","NPX",61845,19.47,1.41,-0.84
"07/01/2015 14:15:00","O H",61846,15.88,-1.36,-0.02
"07/01/2015 14:15:00","PJM",61847,20.18,0.88,-2.08
"07/01/2015 14:15:00","WEST",61752,18.04,-1.19,-2.00
"07/01/2015 14:20:00","CAPITL",61757,23.72,0.95,-8.19
"07/01/2015 14:20:00","CENTRL",61754,16.00,0.12,-1.31
"07/01/2015 14:20:00","DUNWOD",61760,22.60,1.87,-6.15
"07/01/2015 14:20:00","GENESE",61753,14.67,-0.36,-0.46
"07/01/2015 14:20:00","H Q",61844,14.09,-0.50,0.00
"07/01/2015 14:20:00","HUD VL",61758,22.47,1.81,-6.08
"07/01/2015 14:20:00","LONGIL",61762,31.67,2.22,-14.87
"07/01/2015 14:20:00","MHK VL",61756,15.98,0.38,-1.01
"07/01/2015 14:20:00","MILLWD",61759,22.66,1.88,-6.19
"07/01/2015 14:20:00","N.Y.C.",61761,24.69,2.03,-8.08
"07/01/2015 14:20:00","NORTH",61755,13.93,-0.66,0.00
"07/01/2015 14:20:00","NPX",61845,23.12,1.21,-7.33
"07/01/2015 14:20:00","O H",61846,13.66,-0.99,-0.07
"07/01/2015 14:20:00","PJM",61847,20.31,0.82,-4.91
"07/01/2015 14:20:00","WEST",61752,18.42,-0.85,-4.69
"07/01/2015 14:25:00","CAPITL",61757,22.32,1.29,-1.54
"07/01/2015 14:25:00","CENTRL",61754,20.97,0.21,-1.27
"07/01/2015 14:25:00","DUNWOD",61760,23.14,2.50,-1.16
"07/01/2015 14:25:00","GENESE",61753,18.30,-0.39,0.80
"07/01/2015 14:25:00","H Q",61844,18.83,-0.66,0.00
"07/01/2015 14:25:00","HUD VL",61758,23.07,2.44,-1.14
"07/01/2015 14:25:00","LONGIL",61762,31.73,2.98,-9.26
"07/01/2015 14:25:00","MHK VL",61756,20.19,0.51,-0.19
"07/01/2015 14:25:00","MILLWD",61759,23.19,2.53,-1.16
"07/01/2015 14:25:00","N.Y.C.",61761,31.69,2.71,-9.49
"07/01/2015 14:25:00","NORTH",61755,18.58,-0.92,0.00
"07/01/2015 14:25:00","NPX",61845,22.51,1.64,-1.38
"07/01/2015 14:25:00","O H",61846,15.57,-1.19,2.73
"07/01/2015 14:25:00","PJM",61847,24.02,1.17,-3.35
"07/01/2015 14:25:00","WEST",61752,30.52,-0.97,-12.00
"07/01/2015 14:30:00","CAPITL",61757,24.95,1.26,-4.35
"07/01/2015 14:30:00","CENTRL",61754,37.69,0.27,-18.08
"07/01/2015 14:30:00","DUNWOD",61760,25.04,2.44,-3.26
"07/01/2015 14:30:00","GENESE",61753,19.45,-0.29,-0.40
"07/01/2015 14:30:00","H Q",61844,18.66,-0.68,0.00
"07/01/2015 14:30:00","HUD VL",61758,24.95,2.38,-3.23
"07/01/2015 14:30:00","LONGIL",61762,31.56,2.92,-9.30
"07/01/2015 14:30:00","MHK VL",61756,20.40,0.52,-0.54
"07/01/2015 14:30:00","MILLWD",61759,25.10,2.48,-3.29
"07/01/2015 14:30:00","N.Y.C.",61761,25.24,2.63,-3.27
"07/01/2015 14:30:00","NORTH",61755,18.43,-0.91,0.00
"07/01/2015 14:30:00","NPX",61845,24.83,1.60,-3.89
"07/01/2015 14:30:00","O H",61846,-41.02,-1.03,59.34
"07/01/2015 14:30:00","PJM",61847,62.36,1.22,-41.80
"07/01/2015 14:30:00","WEST",61752,282.57,-0.81,-264.04
"07/01/2015 14:35:00","CAPITL",61757,30.94,1.35,-9.07
"07/01/2015 14:35:00","CENTRL",61754,23.54,0.27,-2.75
"07/01/2015 14:35:00","DUNWOD",61760,29.91,2.58,-6.81
"07/01/2015 14:35:00","GENESE",61753,19.58,-0.31,0.63
"07/01/2015 14:35:00","H Q",61844,19.82,-0.70,0.00
"07/01/2015 14:35:00","HUD VL",61758,29.77,2.52,-6.74
"07/01/2015 14:35:00","LONGIL",61762,34.11,3.10,-10.50
"07/01/2015 14:35:00","MHK VL",61756,22.19,0.55,-1.12
"07/01/2015 14:35:00","MILLWD",61759,30.00,2.63,-6.86
"07/01/2015 14:35:00","N.Y.C.",61761,30.12,2.79,-6.82
"07/01/2015 14:35:00","NORTH",61755,19.57,-0.94,0.00
"07/01/2015 14:35:00","NPX",61845,30.33,1.70,-8.11
"07/01/2015 14:35:00","O H",61846,15.99,-1.09,3.44
"07/01/2015 14:35:00","PJM",61847,30.32,1.25,-8.55
"07/01/2015 14:35:00","WEST",61752,39.09,-0.86,-19.44
"07/01/2015 14:40:00","CAPITL",61757,66.56,1.18,-47.26
"07/01/2015 14:40:00","CENTRL",61754,25.78,0.14,-7.52
"07/01/2015 14:40:00","DUNWOD",61760,55.86,2.26,-35.48
"07/01/2015 14:40:00","GENESE",61753,20.34,-0.42,-2.64
"07/01/2015 14:40:00","H Q",61844,17.54,-0.58,0.00
"07/01/2015 14:40:00","HUD VL",61758,55.41,2.21,-35.08
"07/01/2015 14:40:00","LONGIL",61762,56.55,2.70,-35.74
"07/01/2015 14:40:00","MHK VL",61756,24.46,0.49,-5.85
"07/01/2015 14:40:00","MILLWD",61759,56.15,2.30,-35.73
"07/01/2015 14:40:00","N.Y.C.",61761,56.05,2.43,-35.50
"07/01/2015 14:40:00","NORTH",61755,17.36,-0.76,0.00
"07/01/2015 14:40:00","NPX",61845,61.87,1.49,-42.26
"07/01/2015 14:40:00","O H",61846,17.37,-1.20,-0.45
"07/01/2015 14:40:00","PJM",61847,47.38,1.00,-28.27
"07/01/2015 14:40:00","WEST",61752,43.96,-1.01,-26.85
"07/01/2015 14:45:00","CAPITL",61757,69.21,0.11,-67.43
"07/01/2015 14:45:00","CENTRL",61754,9.62,0.01,-7.94
"07/01/2015 14:45:00","DUNWOD",61760,52.50,0.21,-50.62
"07/01/2015 14:45:00","GENESE",61753,7.83,-0.04,-6.19
"07/01/2015 14:45:00","H Q",61844,1.62,-0.05,0.00
"07/01/2015 14:45:00","HUD VL",61758,51.93,0.20,-50.05
"07/01/2015 14:45:00","LONGIL",61762,56.14,0.25,-54.22
"07/01/2015 14:45:00","MHK VL",61756,10.06,0.04,-8.35
"07/01/2015 14:45:00","MILLWD",61759,52.86,0.21,-50.97
"07/01/2015 14:45:00","N.Y.C.",61761,52.54,0.22,-50.65
"07/01/2015 14:45:00","NORTH",61755,1.60,-0.07,0.00
"07/01/2015 14:45:00","NPX",61845,62.11,0.14,-60.30
"07/01/2015 14:45:00","O H",61846,9.70,-0.11,-8.14
"07/01/2015 14:45:00","PJM",61847,35.46,0.09,-33.69
"07/01/2015 14:45:00","WEST",61752,9.53,-0.10,-7.95
"07/01/2015 14:50:00","CAPITL",61757,66.54,1.18,-47.19
"07/01/2015 14:50:00","CENTRL",61754,25.82,0.14,-7.51
"07/01/2015 14:50:00","DUNWOD",61760,55.86,2.27,-35.43
"07/01/2015 14:50:00","GENESE",61753,20.38,-0.42,-2.63
"07/01/2015 14:50:00","H Q",61844,17.58,-0.58,0.00
"07/01/2015 14:50:00","HUD VL",61758,55.41,2.22,-35.03
"07/01/2015 14:50:00","LONGIL",61762,56.71,2.71,-35.84
"07/01/2015 14:50:00","MHK VL",61756,24.48,0.47,-5.84
"07/01/2015 14:50:00","MILLWD",61759,56.14,2.31,-35.67
"07/01/2015 14:50:00","N.Y.C.",61761,56.05,2.43,-35.45
"07/01/2015 14:50:00","NORTH",61755,17.42,-0.75,0.00
"07/01/2015 14:50:00","NPX",61845,61.83,1.47,-42.20
"07/01/2015 14:50:00","O H",61846,17.38,-1.22,-0.44
"07/01/2015 14:50:00","PJM",61847,47.40,1.00,-28.24
"07/01/2015 14:50:00","WEST",61752,44.02,-1.02,-26.87
"07/01/2015 14:55:00","CAPITL",61757,57.08,2.63,-14.03
"07/01/2015 14:55:00","CENTRL",61754,46.96,0.36,-6.17
"07/01/2015 14:55:00","DUNWOD",61760,56.01,5.05,-10.53
"07/01/2015 14:55:00","GENESE",61753,36.93,-0.85,2.65
"07/01/2015 14:55:00","H Q",61844,39.13,-1.30,0.00
"07/01/2015 14:55:00","HUD VL",61758,55.77,4.93,-10.41
"07/01/2015 14:55:00","LONGIL",61762,57.09,6.02,-10.64
"07/01/2015 14:55:00","MHK VL",61756,43.21,1.05,-1.74
"07/01/2015 14:55:00","MILLWD",61759,56.16,5.13,-10.60
"07/01/2015 14:55:00","N.Y.C.",61761,56.38,5.42,-10.53
"07/01/2015 14:55:00","NORTH",61755,38.73,-1.70,0.00
"07/01/2015 14:55:00","NPX",61845,56.28,3.32,-12.54
"07/01/2015 14:55:00","O H",61846,27.42,-2.55,10.46
"07/01/2015 14:55:00","PJM",61847,60.47,2.26,-17.78
"07/01/2015 14:55:00","WEST",61752,89.24,-2.10,-50.92
"07/01/2015 15:00:00","CAPITL",61757,62.24,1.14,-43.76
"07/01/2015 15:00:00","CENTRL",61754,24.48,0.19,-6.96
"07/01/2015 15:00:00","DUNWOD",61760,52.38,2.20,-32.85
"07/01/2015 15:00:00","GENESE",61753,19.48,-0.29,-2.45
"07/01/2015 15:00:00","H Q",61844,16.74,-0.59,0.00
"07/01/2015 15:00:00","HUD VL",61758,51.96,2.15,-32.48
"07/01/2015 15:00:00","LONGIL",61762,56.71,2.63,-36.75
"07/01/2015 15:00:00","MHK VL",61756,23.20,0.45,-5.42
"07/01/2015 15:00:00","MILLWD",61759,52.65,2.24,-33.08
"07/01/2015 15:00:00","N.Y.C.",61761,52.56,2.36,-32.87
"07/01/2015 15:00:00","NORTH",61755,16.53,-0.80,0.00
"07/01/2015 15:00:00","NPX",61845,57.90,1.44,-39.13
"07/01/2015 15:00:00","O H",61846,16.73,-1.02,-0.42
"07/01/2015 15:00:00","PJM",61847,44.53,1.02,-26.18
"07/01/2015 15:00:00","WEST",61752,41.38,-0.81,-24.86
"07/01/2015 15:05:00","CAPITL",61757,66.92,1.23,-47.28
"07/01/2015 15:05:00","CENTRL",61754,26.23,0.22,-7.60
"07/01/2015 15:05:00","DUNWOD",61760,56.24,2.34,-35.49
"07/01/2015 15:05:00","GENESE",61753,20.73,-0.26,-2.57
"07/01/2015 15:05:00","H Q",61844,17.78,-0.63,0.00
"07/01/2015 15:05:00","HUD VL",61758,55.81,2.30,-35.10
"07/01/2015 15:05:00","LONGIL",61762,56.71,2.80,-35.51
"07/01/2015 15:05:00","MHK VL",61756,24.72,0.46,-5.85
"07/01/2015 15:05:00","MILLWD",61759,56.54,2.39,-35.74
"07/01/2015 15:05:00","N.Y.C.",61761,56.43,2.50,-35.51
"07/01/2015 15:05:00","NORTH",61755,17.54,-0.86,0.00
"07/01/2015 15:05:00","NPX",61845,62.22,1.53,-42.28
"07/01/2015 15:05:00","O H",61846,17.67,-0.98,-0.24
"07/01/2015 15:05:00","PJM",61847,48.02,1.14,-28.47
"07/01/2015 15:05:00","WEST",61752,45.38,-0.76,-27.73
"07/01/2015 15:10:00","CAPITL",61757,63.48,1.16,-44.76
"07/01/2015 15:10:00","CENTRL",61754,24.88,0.19,-7.12
"07/01/2015 15:10:00","DUNWOD",61760,53.38,2.21,-33.60
"07/01/2015 15:10:00","GENESE",61753,19.74,-0.32,-2.50
"07/01/2015 15:10:00","H Q",61844,16.98,-0.58,0.00
"07/01/2015 15:10:00","HUD VL",61758,52.97,2.18,-33.23
"07/01/2015 15:10:00","LONGIL",61762,56.72,2.65,-36.50
"07/01/2015 15:10:00","MHK VL",61756,23.54,0.44,-5.54
"07/01/2015 15:10:00","MILLWD",61759,53.66,2.27,-33.84
"07/01/2015 15:10:00","N.Y.C.",61761,53.55,2.37,-33.62
"07/01/2015 15:10:00","NORTH",61755,16.75,-0.81,0.00
"07/01/2015 15:10:00","NPX",61845,59.03,1.44,-40.03
"07/01/2015 15:10:00","O H",61846,16.94,-1.04,-0.41
"07/01/2015 15:10:00","PJM",61847,45.38,1.04,-26.79
"07/01/2015 15:10:00","WEST",61752,42.22,-0.83,-25.49
"07/01/2015 15:15:00","CAPITL",61757,33.95,1.27,-13.77
"07/01/2015 15:15:00","CENTRL",61754,21.30,0.19,-2.20
"07/01/2015 15:15:00","DUNWOD",61760,31.69,2.44,-10.34
"07/01/2015 15:15:00","GENESE",61753,19.32,-0.36,-0.77
"07/01/2015 15:15:00","H Q",61844,18.27,-0.64,0.00
"07/01/2015 15:15:00","HUD VL",61758,31.51,2.38,-10.22
"07/01/2015 15:15:00","LONGIL",61762,49.57,2.89,-27.77
"07/01/2015 15:15:00","MHK VL",61756,21.11,0.49,-1.70
"07/01/2015 15:15:00","MILLWD",61759,31.80,2.48,-10.41
"07/01/2015 15:15:00","N.Y.C.",61761,31.88,2.63,-10.34
"07/01/2015 15:15:00","NORTH",61755,17.99,-0.93,0.00
"07/01/2015 15:15:00","NPX",61845,32.81,1.59,-12.31
"07/01/2015 15:15:00","O H",61846,17.86,-1.17,-0.12
"07/01/2015 15:15:00","PJM",61847,28.27,1.12,-8.24
"07/01/2015 15:15:00","WEST",61752,25.79,-0.95,-7.83
"07/01/2015 15:20:00","CAPITL",61757,50.05,0.29,-45.44
"07/01/2015 15:20:00","CENTRL",61754,9.71,0.03,-5.35
"07/01/2015 15:20:00","DUNWOD",61760,38.98,0.55,-34.11
"07/01/2015 15:20:00","GENESE",61753,8.40,-0.10,-4.17
"07/01/2015 15:20:00","H Q",61844,4.19,-0.14,0.00
"07/01/2015 15:20:00","HUD VL",61758,38.59,0.54,-33.72
"07/01/2015 15:20:00","LONGIL",61762,45.23,0.65,-40.25
"07/01/2015 15:20:00","MHK VL",61756,10.05,0.11,-5.62
"07/01/2015 15:20:00","MILLWD",61759,39.23,0.56,-34.34
"07/01/2015 15:20:00","N.Y.C.",61761,39.04,0.59,-34.13
"07/01/2015 15:20:00","NORTH",61755,4.12,-0.20,0.00
"07/01/2015 15:20:00","NPX",61845,45.31,0.36,-40.63
"07/01/2015 15:20:00","O H",61846,9.51,-0.29,-5.48
"07/01/2015 15:20:00","PJM",61847,27.26,0.24,-22.70
"07/01/2015 15:20:00","WEST",61752,9.43,-0.25,-5.36
"07/01/2015 15:25:00","CAPITL",61757,39.75,0.38,-33.64
"07/01/2015 15:25:00","CENTRL",61754,9.74,0.04,-3.96
"07/01/2015 15:25:00","DUNWOD",61760,31.72,0.73,-25.25
"07/01/2015 15:25:00","GENESE",61753,8.69,-0.13,-3.09
"07/01/2015 15:25:00","H Q",61844,5.55,-0.19,0.00
"07/01/2015 15:25:00","HUD VL",61758,31.42,0.72,-24.97
"07/01/2015 15:25:00","LONGIL",61762,72.65,0.87,-66.04
"07/01/2015 15:25:00","MHK VL",61756,10.04,0.14,-4.16
"07/01/2015 15:25:00","MILLWD",61759,31.91,0.75,-25.43
"07/01/2015 15:25:00","N.Y.C.",61761,31.79,0.79,-25.26
"07/01/2015 15:25:00","NORTH",61755,5.46,-0.28,0.00
"07/01/2015 15:25:00","NPX",61845,36.29,0.48,-30.08
"07/01/2015 15:25:00","O H",61846,9.42,-0.38,-4.06
"07/01/2015 15:25:00","PJM",61847,22.86,0.32,-16.81
"07/01/2015 15:25:00","WEST",61752,9.38,-0.32,-3.96
"07/01/2015 15:30:00","CAPITL",61757,14.35,0.38,-8.26
"07/01/2015 15:30:00","CENTRL",61754,9.73,0.06,-3.95
"07/01/2015 15:30:00","DUNWOD",61760,31.71,0.73,-25.26
"07/01/2015 15:30:00","GENESE",61753,8.66,-0.11,-3.05
"07/01/2015 15:30:00","H Q",61844,5.52,-0.19,0.00
"07/01/2015 15:30:00","HUD VL",61758,29.73,0.72,-23.29
"07/01/2015 15:30:00","LONGIL",61762,49.34,0.87,-42.75
"07/01/2015 15:30:00","MHK VL",61756,9.94,0.14,-4.08
"07/01/2015 15:30:00","MILLWD",61759,31.44,0.75,-24.97
"07/01/2015 15:30:00","N.Y.C.",61761,31.78,0.79,-25.28
"07/01/2015 15:30:00","NORTH",61755,5.43,-0.29,0.00
"07/01/2015 15:30:00","NPX",61845,18.35,0.47,-12.15
"07/01/2015 15:30:00","O H",61846,9.42,-0.34,-4.05
"07/01/2015 15:30:00","PJM",61847,22.89,0.34,-16.83
"07/01/2015 15:30:00","WEST",61752,9.40,-0.27,-3.95
"07/01/2015 15:35:00","CAPITL",61757,33.90,1.27,-13.72
"07/01/2015 15:35:00","CENTRL",61754,22.29,0.23,-3.15
"07/01/2015 15:35:00","DUNWOD",61760,31.67,2.46,-10.29
"07/01/2015 15:35:00","GENESE",61753,18.53,-0.30,0.08
"07/01/2015 15:35:00","H Q",61844,18.25,-0.66,0.00
"07/01/2015 15:35:00","HUD VL",61758,31.50,2.40,-10.18
"07/01/2015 15:35:00","LONGIL",61762,52.11,2.93,-30.26
"07/01/2015 15:35:00","MHK VL",61756,21.10,0.49,-1.70
"07/01/2015 15:35:00","MILLWD",61759,31.78,2.50,-10.37
"07/01/2015 15:35:00","N.Y.C.",61761,31.86,2.65,-10.30
"07/01/2015 15:35:00","NORTH",61755,17.95,-0.96,0.00
"07/01/2015 15:35:00","NPX",61845,32.77,1.59,-12.26
"07/01/2015 15:35:00","O H",61846,15.40,-1.04,2.47
"07/01/2015 15:35:00","PJM",61847,30.62,1.19,-10.51
"07/01/2015 15:35:00","WEST",61752,36.35,-0.81,-18.25
"07/01/2015 15:40:00","CAPITL",61757,38.74,2.43,0.00
"07/01/2015 15:40:00","CENTRL",61754,40.60,0.51,-3.78
"07/01/2015 15:40:00","DUNWOD",61760,41.00,4.69,0.00
"07/01/2015 15:40:00","GENESE",61753,32.51,-0.51,3.29
"07/01/2015 15:40:00","H Q",61844,35.01,-1.31,0.00
"07/01/2015 15:40:00","HUD VL",61758,40.92,4.61,0.00
"07/01/2015 15:40:00","LONGIL",61762,62.60,5.59,-20.70
"07/01/2015 15:40:00","MHK VL",61756,37.25,0.94,0.00
"07/01/2015 15:40:00","MILLWD",61759,41.10,4.79,0.00
"07/01/2015 15:40:00","N.Y.C.",61761,41.36,5.05,0.00
"07/01/2015 15:40:00","NORTH",61755,34.50,-1.81,0.00
"07/01/2015 15:40:00","NPX",61845,39.36,3.05,0.00
"07/01/2015 15:40:00","O H",61846,24.31,-1.85,10.15
"07/01/2015 15:40:00","PJM",61847,47.67,2.36,-9.00
"07/01/2015 15:40:00","WEST",61752,75.80,-1.45,-40.94
"07/01/2015 15:45:00","CAPITL",61757,45.31,0.99,-29.34
"07/01/2015 15:45:00","CENTRL",61754,19.78,0.13,-4.67
"07/01/2015 15:45:00","DUNWOD",61760,38.93,1.93,-22.02
"07/01/2015 15:45:00","GENESE",61753,16.25,-0.36,-1.64
"07/01/2015 15:45:00","H Q",61844,14.48,-0.49,0.00
"07/01/2015 15:45:00","HUD VL",61758,38.64,1.89,-21.78
"07/01/2015 15:45:00","LONGIL",61762,193.96,2.29,-176.69
"07/01/2015 15:45:00","MHK VL",61756,18.98,0.37,-3.63
"07/01/2015 15:45:00","MILLWD",61759,39.11,1.96,-22.18
"07/01/2015 15:45:00","N.Y.C.",61761,39.09,2.08,-22.04
"07/01/2015 15:45:00","NORTH",61755,14.29,-0.69,0.00
"07/01/2015 15:45:00","NPX",61845,42.45,1.24,-26.24
"07/01/2015 15:45:00","O H",61846,14.26,-1.00,-0.28
"07/01/2015 15:45:00","PJM",61847,33.39,0.87,-17.55
"07/01/2015 15:45:00","WEST",61752,30.73,-0.84,-16.59
"07/01/2015 15:50:00","CAPITL",61757,69.21,0.11,-67.44
"07/01/2015 15:50:00","CENTRL",61754,9.63,0.01,-7.95
"07/01/2015 15:50:00","DUNWOD",61760,52.50,0.21,-50.62
"07/01/2015 15:50:00","GENESE",61753,7.82,-0.04,-6.19
"07/01/2015 15:50:00","H Q",61844,1.61,-0.05,0.00
"07/01/2015 15:50:00","HUD VL",61758,51.93,0.21,-50.05
"07/01/2015 15:50:00","LONGIL",61762,112.43,0.25,-110.51
"07/01/2015 15:50:00","MHK VL",61756,10.05,0.04,-8.34
"07/01/2015 15:50:00","MILLWD",61759,52.85,0.22,-50.97
"07/01/2015 15:50:00","N.Y.C.",61761,52.54,0.23,-50.65
"07/01/2015 15:50:00","NORTH",61755,1.59,-0.08,0.00
"07/01/2015 15:50:00","NPX",61845,62.10,0.14,-60.29
"07/01/2015 15:50:00","O H",61846,9.70,-0.11,-8.14
"07/01/2015 15:50:00","PJM",61847,35.46,0.10,-33.69
"07/01/2015 15:50:00","WEST",61752,9.53,-0.09,-7.95
"07/01/2015 15:55:00","CAPITL",61757,71.54,-0.23,-75.33
"07/01/2015 15:55:00","CENTRL",61754,5.27,-0.04,-8.88
"07/01/2015 15:55:00","DUNWOD",61760,52.52,-0.46,-56.54
"07/01/2015 15:55:00","GENESE",61753,3.41,0.06,-6.92
"07/01/2015 15:55:00","H Q",61844,-3.44,0.12,0.00
"07/01/2015 15:55:00","HUD VL",61758,51.90,-0.45,-55.91
"07/01/2015 15:55:00","LONGIL",61762,60.54,-0.55,-64.66
"07/01/2015 15:55:00","MHK VL",61756,5.67,-0.09,-9.32
"07/01/2015 15:55:00","MILLWD",61759,52.91,-0.47,-56.94
"07/01/2015 15:55:00","N.Y.C.",61761,52.53,-0.49,-56.58
"07/01/2015 15:55:00","NORTH",61755,-3.39,0.17,0.00
"07/01/2015 15:55:00","NPX",61845,63.50,-0.29,-67.35
"07/01/2015 15:55:00","O H",61846,5.73,0.20,-9.09
"07/01/2015 15:55:00","PJM",61847,33.85,-0.22,-37.64
"07/01/2015 15:55:00","WEST",61752,5.48,0.16,-8.88
"07/01/2015 16:00:00","CAPITL",61757,39.53,0.37,-33.42
"07/01/2015 16:00:00","CENTRL",61754,9.74,0.07,-3.94
"07/01/2015 16:00:00","DUNWOD",61760,31.56,0.74,-25.09
"07/01/2015 16:00:00","GENESE",61753,8.69,-0.11,-3.07
"07/01/2015 16:00:00","H Q",61844,5.53,-0.20,0.00
"07/01/2015 16:00:00","HUD VL",61758,31.27,0.73,-24.81
"07/01/2015 16:00:00","LONGIL",61762,31.70,0.87,-25.10
"07/01/2015 16:00:00","MHK VL",61756,10.01,0.15,-4.13
"07/01/2015 16:00:00","MILLWD",61759,31.75,0.76,-25.26
"07/01/2015 16:00:00","N.Y.C.",61761,31.63,0.80,-25.10
"07/01/2015 16:00:00","NORTH",61755,5.44,-0.29,0.00
"07/01/2015 16:00:00","NPX",61845,36.09,0.48,-29.88
"07/01/2015 16:00:00","O H",61846,9.42,-0.34,-4.03
"07/01/2015 16:00:00","PJM",61847,22.79,0.36,-16.70
"07/01/2015 16:00:00","WEST",61752,9.39,-0.27,-3.94
"07/01/2015 16:05:00","CAPITL",61757,8.54,0.53,0.18
"07/01/2015 16:05:00","CENTRL",61754,9.84,0.09,-1.55
"07/01/2015 16:05:00","DUNWOD",61760,19.18,1.06,-9.92
"07/01/2015 16:05:00","GENESE",61753,9.22,-0.17,-1.19
"07/01/2015 16:05:00","H Q",61844,7.92,-0.28,0.00
"07/01/2015 16:05:00","HUD VL",61758,18.15,1.04,-8.92
"07/01/2015 16:05:00","LONGIL",61762,19.31,1.19,-9.92
"07/01/2015 16:05:00","MHK VL",61756,9.99,0.20,-1.59
"07/01/2015 16:05:00","MILLWD",61759,19.02,1.08,-9.74
"07/01/2015 16:05:00","N.Y.C.",61761,22.29,1.16,-12.93
"07/01/2015 16:05:00","NORTH",61755,7.79,-0.41,0.00
"07/01/2015 16:05:00","NPX",61845,11.22,0.67,-2.35
"07/01/2015 16:05:00","O H",61846,9.27,-0.52,-1.59
"07/01/2015 16:05:00","PJM",61847,15.31,0.50,-6.61
"07/01/2015 16:05:00","WEST",61752,9.31,-0.43,-1.55
"07/01/2015 16:10:00","CAPITL",61757,29.21,0.46,-21.57
"07/01/2015 16:10:00","CENTRL",61754,9.80,0.08,-2.54
"07/01/2015 16:10:00","DUNWOD",61760,24.30,0.93,-16.19
"07/01/2015 16:10:00","GENESE",61753,9.01,-0.15,-1.98
"07/01/2015 16:10:00","H Q",61844,6.93,-0.24,0.00
"07/01/2015 16:10:00","HUD VL",61758,24.11,0.92,-16.01
"07/01/2015 16:10:00","LONGIL",61762,24.45,1.07,-16.20
"07/01/2015 16:10:00","MHK VL",61756,10.03,0.18,-2.67
"07/01/2015 16:10:00","MILLWD",61759,24.43,0.95,-16.30
"07/01/2015 16:10:00","N.Y.C.",61761,24.39,1.01,-16.20
"07/01/2015 16:10:00","NORTH",61755,6.82,-0.36,0.00
"07/01/2015 16:10:00","NPX",61845,27.06,0.59,-19.29
"07/01/2015 16:10:00","O H",61846,9.33,-0.45,-2.60
"07/01/2015 16:10:00","PJM",61847,18.40,0.44,-10.78
"07/01/2015 16:10:00","WEST",61752,9.35,-0.37,-2.54
"07/01/2015 16:15:00","CAPITL",61757,29.79,0.45,-22.26
"07/01/2015 16:15:00","CENTRL",61754,9.76,0.06,-2.62
"07/01/2015 16:15:00","DUNWOD",61760,24.71,0.92,-16.71
"07/01/2015 16:15:00","GENESE",61753,8.97,-0.15,-2.04
"07/01/2015 16:15:00","H Q",61844,6.84,-0.24,0.00
"07/01/2015 16:15:00","HUD VL",61758,24.51,0.91,-16.52
"07/01/2015 16:15:00","LONGIL",61762,24.87,1.07,-16.72
"07/01/2015 16:15:00","MHK VL",61756,10.05,0.17,-2.80
"07/01/2015 16:15:00","MILLWD",61759,24.84,0.93,-16.83
"07/01/2015 16:15:00","N.Y.C.",61761,24.80,1.00,-16.72
"07/01/2015 16:15:00","NORTH",61755,6.73,-0.35,0.00
"07/01/2015 16:15:00","NPX",61845,27.57,0.59,-19.91
"07/01/2015 16:15:00","O H",61846,9.32,-0.45,-2.69
"07/01/2015 16:15:00","PJM",61847,18.62,0.42,-11.12
"07/01/2015 16:15:00","WEST",61752,9.33,-0.38,-2.62
"07/01/2015 16:20:00","CAPITL",61757,30.35,0.45,-22.86
"07/01/2015 16:20:00","CENTRL",61754,9.79,0.06,-2.69
"07/01/2015 16:20:00","DUNWOD",61760,25.12,0.92,-17.16
"07/01/2015 16:20:00","GENESE",61753,8.98,-0.16,-2.10
"07/01/2015 16:20:00","H Q",61844,6.80,-0.24,0.00
"07/01/2015 16:20:00","HUD VL",61758,24.91,0.91,-16.97
"07/01/2015 16:20:00","LONGIL",61762,25.27,1.06,-17.17
"07/01/2015 16:20:00","MHK VL",61756,10.09,0.18,-2.87
"07/01/2015 16:20:00","MILLWD",61759,25.26,0.94,-17.28
"07/01/2015 16:20:00","N.Y.C.",61761,25.21,1.00,-17.17
"07/01/2015 16:20:00","NORTH",61755,6.69,-0.34,0.00
"07/01/2015 16:20:00","NPX",61845,28.06,0.58,-20.44
"07/01/2015 16:20:00","O H",61846,9.34,-0.46,-2.76
"07/01/2015 16:20:00","PJM",61847,18.89,0.43,-11.42
"07/01/2015 16:20:00","WEST",61752,9.35,-0.39,-2.70
"07/01/2015 16:25:00","CAPITL",61757,8.99,0.48,-1.19
"07/01/2015 16:25:00","CENTRL",61754,9.85,0.05,-2.47
"07/01/2015 16:25:00","DUNWOD",61760,24.12,0.97,-15.83
"07/01/2015 16:25:00","GENESE",61753,9.03,-0.21,-1.91
"07/01/2015 16:25:00","H Q",61844,7.08,-0.24,0.00
"07/01/2015 16:25:00","HUD VL",61758,22.60,0.95,-14.33
"07/01/2015 16:25:00","LONGIL",61762,24.27,1.11,-15.83
"07/01/2015 16:25:00","MHK VL",61756,10.09,0.18,-2.59
"07/01/2015 16:25:00","MILLWD",61759,23.88,0.98,-15.57
"07/01/2015 16:25:00","N.Y.C.",61761,24.21,1.04,-15.84
"07/01/2015 16:25:00","NORTH",61755,6.97,-0.36,0.00
"07/01/2015 16:25:00","NPX",61845,12.74,0.62,-4.80
"07/01/2015 16:25:00","O H",61846,9.34,-0.52,-2.54
"07/01/2015 16:25:00","PJM",61847,18.31,0.44,-10.55
"07/01/2015 16:25:00","WEST",61752,9.35,-0.45,-2.48
"07/01/2015 16:30:00","CAPITL",61757,9.05,0.47,-1.39
"07/01/2015 16:30:00","CENTRL",61754,9.83,0.06,-2.58
"07/01/2015 16:30:00","DUNWOD",61760,24.70,0.94,-16.57
"07/01/2015 16:30:00","GENESE",61753,9.00,-0.19,-1.99
"07/01/2015 16:30:00","H Q",61844,6.95,-0.24,0.00
"07/01/2015 16:30:00","HUD VL",61758,23.13,0.93,-15.01
"07/01/2015 16:30:00","LONGIL",61762,24.85,1.08,-16.58
"07/01/2015 16:30:00","MHK VL",61756,10.07,0.17,-2.71
"07/01/2015 16:30:00","MILLWD",61759,24.46,0.96,-16.31
"07/01/2015 16:30:00","N.Y.C.",61761,24.80,1.02,-16.58
"07/01/2015 16:30:00","NORTH",61755,6.84,-0.35,0.00
"07/01/2015 16:30:00","NPX",61845,12.92,0.60,-5.13
"07/01/2015 16:30:00","O H",61846,9.35,-0.50,-2.65
"07/01/2015 16:30:00","PJM",61847,18.67,0.44,-11.04
"07/01/2015 16:30:00","WEST",61752,9.35,-0.43,-2.59
"07/01/2015 16:35:00","CAPITL",61757,9.02,0.47,-1.35
"07/01/2015 16:35:00","CENTRL",61754,9.82,0.06,-2.55
"07/01/2015 16:35:00","DUNWOD",61760,24.49,0.94,-16.34
"07/01/2015 16:35:00","GENESE",61753,8.99,-0.18,-1.97
"07/01/2015 16:35:00","H Q",61844,6.96,-0.24,0.00
"07/01/2015 16:35:00","HUD VL",61758,22.94,0.93,-14.80
"07/01/2015 16:35:00","LONGIL",61762,24.63,1.08,-16.35
"07/01/2015 16:35:00","MHK VL",61756,10.05,0.17,-2.67
"07/01/2015 16:35:00","MILLWD",61759,24.24,0.96,-16.08
"07/01/2015 16:35:00","N.Y.C.",61761,24.58,1.02,-16.36
"07/01/2015 16:35:00","NORTH",61755,6.84,-0.36,0.00
"07/01/2015 16:35:00","NPX",61845,12.85,0.60,-5.04
"07/01/2015 16:35:00","O H",61846,9.35,-0.48,-2.62
"07/01/2015 16:35:00","PJM",61847,18.54,0.45,-10.89
"07/01/2015 16:35:00","WEST",61752,9.35,-0.41,-2.56
"07/01/2015 16:40:00","CAPITL",61757,9.04,0.47,-1.33
"07/01/2015 16:40:00","CENTRL",61754,9.83,0.06,-2.54
"07/01/2015 16:40:00","DUNWOD",61760,24.49,0.95,-16.30
"07/01/2015 16:40:00","GENESE",61753,9.00,-0.19,-1.96
"07/01/2015 16:40:00","H Q",61844,6.99,-0.25,0.00
"07/01/2015 16:40:00","HUD VL",61758,22.93,0.93,-14.77
"07/01/2015 16:40:00","LONGIL",61762,24.63,1.09,-16.31
"07/01/2015 16:40:00","MHK VL",61756,10.07,0.17,-2.67
"07/01/2015 16:40:00","MILLWD",61759,24.25,0.97,-16.04
"07/01/2015 16:40:00","N.Y.C.",61761,24.58,1.03,-16.31
"07/01/2015 16:40:00","NORTH",61755,6.88,-0.35,0.00
"07/01/2015 16:40:00","NPX",61845,12.86,0.61,-5.02
"07/01/2015 16:40:00","O H",61846,9.34,-0.51,-2.61
"07/01/2015 16:40:00","PJM",61847,18.53,0.43,-10.86
"07/01/2015 16:40:00","WEST",61752,9.34,-0.44,-2.55
"07/01/2015 16:45:00","CAPITL",61757,27.95,0.48,-20.04
"07/01/2015 16:45:00","CENTRL",61754,9.84,0.05,-2.35
"07/01/2015 16:45:00","DUNWOD",61760,23.45,0.97,-15.04
"07/01/2015 16:45:00","GENESE",61753,9.07,-0.21,-1.84
"07/01/2015 16:45:00","H Q",61844,7.19,-0.25,0.00
"07/01/2015 16:45:00","HUD VL",61758,23.27,0.96,-14.87
"07/01/2015 16:45:00","LONGIL",61762,23.61,1.12,-15.05
"07/01/2015 16:45:00","MHK VL",61756,10.13,0.18,-2.52
"07/01/2015 16:45:00","MILLWD",61759,23.57,0.99,-15.15
"07/01/2015 16:45:00","N.Y.C.",61761,23.54,1.05,-15.05
"07/01/2015 16:45:00","NORTH",61755,7.08,-0.36,0.00
"07/01/2015 16:45:00","NPX",61845,25.98,0.62,-17.92
"07/01/2015 16:45:00","O H",61846,9.32,-0.54,-2.42
"07/01/2015 16:45:00","PJM",61847,17.89,0.44,-10.01
"07/01/2015 16:45:00","WEST",61752,9.33,-0.47,-2.36
"07/01/2015 16:50:00","CAPITL",61757,27.96,0.48,-20.07
"07/01/2015 16:50:00","CENTRL",61754,9.83,0.06,-2.36
"07/01/2015 16:50:00","DUNWOD",61760,23.45,0.97,-15.06
"07/01/2015 16:50:00","GENESE",61753,9.06,-0.19,-1.84
"07/01/2015 16:50:00","H Q",61844,7.17,-0.24,0.00
"07/01/2015 16:50:00","HUD VL",61758,23.27,0.96,-14.90
"07/01/2015 16:50:00","LONGIL",61762,23.61,1.12,-15.07
"07/01/2015 16:50:00","MHK VL",61756,10.12,0.18,-2.52
"07/01/2015 16:50:00","MILLWD",61759,23.58,0.99,-15.17
"07/01/2015 16:50:00","N.Y.C.",61761,23.55,1.05,-15.08
"07/01/2015 16:50:00","NORTH",61755,7.05,-0.36,0.00
"07/01/2015 16:50:00","NPX",61845,25.98,0.62,-17.95
"07/01/2015 16:50:00","O H",61846,9.33,-0.51,-2.42
"07/01/2015 16:50:00","PJM",61847,17.89,0.44,-10.03
"07/01/2015 16:50:00","WEST",61752,9.34,-0.44,-2.37
"07/01/2015 16:55:00","CAPITL",61757,27.66,0.48,-19.73
"07/01/2015 16:55:00","CENTRL",61754,9.83,0.06,-2.32
"07/01/2015 16:55:00","DUNWOD",61760,23.24,0.98,-14.82
"07/01/2015 16:55:00","GENESE",61753,9.07,-0.19,-1.81
"07/01/2015 16:55:00","H Q",61844,7.20,-0.25,0.00
"07/01/2015 16:55:00","HUD VL",61758,23.06,0.96,-14.65
"07/01/2015 16:55:00","LONGIL",61762,23.39,1.12,-14.82
"07/01/2015 16:55:00","MHK VL",61756,10.11,0.18,-2.48
"07/01/2015 16:55:00","MILLWD",61759,23.36,0.99,-14.92
"07/01/2015 16:55:00","N.Y.C.",61761,23.33,1.05,-14.83
"07/01/2015 16:55:00","NORTH",61755,7.08,-0.36,0.00
"07/01/2015 16:55:00","NPX",61845,25.72,0.63,-17.65
"07/01/2015 16:55:00","O H",61846,9.32,-0.51,-2.38
"07/01/2015 16:55:00","PJM",61847,17.76,0.45,-9.86
"07/01/2015 16:55:00","WEST",61752,9.34,-0.44,-2.33
"07/01/2015 17:00:00","CAPITL",61757,29.46,0.46,-21.84
"07/01/2015 17:00:00","CENTRL",61754,9.78,0.06,-2.57
"07/01/2015 17:00:00","DUNWOD",61760,24.50,0.94,-16.40
"07/01/2015 17:00:00","GENESE",61753,8.99,-0.17,-2.01
"07/01/2015 17:00:00","H Q",61844,6.92,-0.24,0.00
"07/01/2015 17:00:00","HUD VL",61758,24.30,0.92,-16.21
"07/01/2015 17:00:00","LONGIL",61762,24.65,1.08,-16.40
"07/01/2015 17:00:00","MHK VL",61756,10.08,0.17,-2.75
"07/01/2015 17:00:00","MILLWD",61759,24.63,0.95,-16.51
"07/01/2015 17:00:00","N.Y.C.",61761,24.58,1.01,-16.41
"07/01/2015 17:00:00","NORTH",61755,6.80,-0.36,0.00
"07/01/2015 17:00:00","NPX",61845,27.30,0.60,-19.53
"07/01/2015 17:00:00","O H",61846,9.32,-0.48,-2.64
"07/01/2015 17:00:00","PJM",61847,18.50,0.42,-10.91
"07/01/2015 17:00:00","WEST",61752,9.33,-0.41,-2.58
"07/01/2015 17:05:00","CAPITL",61757,29.17,0.47,-21.52
"07/01/2015 17:05:00","CENTRL",61754,9.79,0.07,-2.53
"07/01/2015 17:05:00","DUNWOD",61760,24.28,0.94,-16.16
"07/01/2015 17:05:00","GENESE",61753,9.00,-0.16,-1.98
"07/01/2015 17:05:00","H Q",61844,6.93,-0.25,0.00
"07/01/2015 17:05:00","HUD VL",61758,24.09,0.93,-15.97
"07/01/2015 17:05:00","LONGIL",61762,24.42,1.07,-16.16
"07/01/2015 17:05:00","MHK VL",61756,10.06,0.17,-2.71
"07/01/2015 17:05:00","MILLWD",61759,24.42,0.96,-16.27
"07/01/2015 17:05:00","N.Y.C.",61761,26.11,1.02,-17.91
"07/01/2015 17:05:00","NORTH",61755,6.80,-0.38,0.00
"07/01/2015 17:05:00","NPX",61845,27.03,0.60,-19.24
"07/01/2015 17:05:00","O H",61846,9.32,-0.46,-2.60
"07/01/2015 17:05:00","PJM",61847,18.38,0.44,-10.75
"07/01/2015 17:05:00","WEST",61752,9.33,-0.39,-2.54
"07/01/2015 17:10:00","CAPITL",61757,28.63,0.47,-20.92
"07/01/2015 17:10:00","CENTRL",61754,9.77,0.07,-2.46
"07/01/2015 17:10:00","DUNWOD",61760,23.90,0.96,-15.71
"07/01/2015 17:10:00","GENESE",61753,9.01,-0.15,-1.92
"07/01/2015 17:10:00","H Q",61844,6.99,-0.25,0.00
"07/01/2015 17:10:00","HUD VL",61758,23.71,0.94,-15.53
"07/01/2015 17:10:00","LONGIL",61762,24.05,1.09,-15.71
"07/01/2015 17:10:00","MHK VL",61756,10.05,0.17,-2.63
"07/01/2015 17:10:00","MILLWD",61759,24.03,0.98,-15.82
"07/01/2015 17:10:00","N.Y.C.",61761,25.79,1.04,-17.52
"07/01/2015 17:10:00","NORTH",61755,6.84,-0.40,0.00
"07/01/2015 17:10:00","NPX",61845,26.57,0.62,-18.71
"07/01/2015 17:10:00","O H",61846,9.31,-0.46,-2.53
"07/01/2015 17:10:00","PJM",61847,18.14,0.44,-10.46
"07/01/2015 17:10:00","WEST",61752,9.33,-0.38,-2.47
"07/01/2015 17:15:00","CAPITL",61757,30.35,0.46,-22.86
"07/01/2015 17:15:00","CENTRL",61754,9.77,0.06,-2.68
"07/01/2015 17:15:00","DUNWOD",61760,25.11,0.93,-17.15
"07/01/2015 17:15:00","GENESE",61753,8.96,-0.17,-2.10
"07/01/2015 17:15:00","H Q",61844,6.79,-0.25,0.00
"07/01/2015 17:15:00","HUD VL",61758,24.91,0.91,-16.96
"07/01/2015 17:15:00","LONGIL",61762,25.25,1.05,-17.16
"07/01/2015 17:15:00","MHK VL",61756,10.10,0.17,-2.90
"07/01/2015 17:15:00","MILLWD",61759,25.25,0.95,-17.27
"07/01/2015 17:15:00","N.Y.C.",61761,26.83,1.01,-18.79
"07/01/2015 17:15:00","NORTH",61755,6.65,-0.38,0.00
"07/01/2015 17:15:00","NPX",61845,28.06,0.60,-20.43
"07/01/2015 17:15:00","O H",61846,9.33,-0.46,-2.76
"07/01/2015 17:15:00","PJM",61847,18.89,0.44,-11.42
"07/01/2015 17:15:00","WEST",61752,9.34,-0.39,-2.69
"07/01/2015 17:20:00","CAPITL",61757,29.47,0.47,-21.84
"07/01/2015 17:20:00","CENTRL",61754,9.79,0.07,-2.56
"07/01/2015 17:20:00","DUNWOD",61760,24.50,0.95,-16.39
"07/01/2015 17:20:00","GENESE",61753,9.00,-0.17,-2.01
"07/01/2015 17:20:00","H Q",61844,6.91,-0.25,0.00
"07/01/2015 17:20:00","HUD VL",61758,24.30,0.93,-16.20
"07/01/2015 17:20:00","LONGIL",61762,24.64,1.08,-16.39
"07/01/2015 17:20:00","MHK VL",61756,10.11,0.17,-2.77
"07/01/2015 17:20:00","MILLWD",61759,24.63,0.97,-16.50
"07/01/2015 17:20:00","N.Y.C.",61761,26.31,1.02,-18.12
"07/01/2015 17:20:00","NORTH",61755,6.78,-0.39,0.00
"07/01/2015 17:20:00","NPX",61845,27.29,0.61,-19.52
"07/01/2015 17:20:00","O H",61846,9.34,-0.46,-2.63
"07/01/2015 17:20:00","PJM",61847,18.52,0.45,-10.91
"07/01/2015 17:20:00","WEST",61752,9.34,-0.39,-2.57
"07/01/2015 17:25:00","CAPITL",61757,31.76,0.45,-24.46
"07/01/2015 17:25:00","CENTRL",61754,9.77,0.05,-2.86
"07/01/2015 17:25:00","DUNWOD",61760,26.11,0.90,-18.35
"07/01/2015 17:25:00","GENESE",61753,8.93,-0.17,-2.25
"07/01/2015 17:25:00","H Q",61844,6.61,-0.24,0.00
"07/01/2015 17:25:00","HUD VL",61758,25.88,0.88,-18.14
"07/01/2015 17:25:00","LONGIL",61762,26.24,1.03,-18.36
"07/01/2015 17:25:00","MHK VL",61756,10.12,0.16,-3.10
"07/01/2015 17:25:00","MILLWD",61759,26.26,0.93,-18.48
"07/01/2015 17:25:00","N.Y.C.",61761,27.67,0.98,-19.83
"07/01/2015 17:25:00","NORTH",61755,6.50,-0.36,0.00
"07/01/2015 17:25:00","NPX",61845,29.30,0.58,-21.86
"07/01/2015 17:25:00","O H",61846,9.35,-0.46,-2.95
"07/01/2015 17:25:00","PJM",61847,19.48,0.41,-12.22
"07/01/2015 17:25:00","WEST",61752,9.35,-0.39,-2.88
"07/01/2015 17:30:00","CAPITL",61757,29.77,0.46,-22.19
"07/01/2015 17:30:00","CENTRL",61754,9.78,0.06,-2.60
"07/01/2015 17:30:00","DUNWOD",61760,24.71,0.94,-16.65
"07/01/2015 17:30:00","GENESE",61753,8.99,-0.17,-2.04
"07/01/2015 17:30:00","H Q",61844,6.87,-0.25,0.00
"07/01/2015 17:30:00","HUD VL",61758,24.51,0.93,-16.46
"07/01/2015 17:30:00","LONGIL",61762,24.85,1.07,-16.66
"07/01/2015 17:30:00","MHK VL",61756,10.11,0.17,-2.82
"07/01/2015 17:30:00","MILLWD",61759,24.85,0.96,-16.77
"07/01/2015 17:30:00","N.Y.C.",61761,26.49,1.02,-18.35
"07/01/2015 17:30:00","NORTH",61755,6.74,-0.38,0.00
"07/01/2015 17:30:00","NPX",61845,27.56,0.60,-19.84
"07/01/2015 17:30:00","O H",61846,9.33,-0.46,-2.68
"07/01/2015 17:30:00","PJM",61847,18.64,0.43,-11.08
"07/01/2015 17:30:00","WEST",61752,9.34,-0.39,-2.61
"07/01/2015 17:35:00","CAPITL",61757,31.75,0.45,-24.44
"07/01/2015 17:35:00","CENTRL",61754,9.78,0.06,-2.86
"07/01/2015 17:35:00","DUNWOD",61760,26.11,0.91,-18.34
"07/01/2015 17:35:00","GENESE",61753,8.93,-0.17,-2.24
"07/01/2015 17:35:00","H Q",61844,6.62,-0.24,0.00
"07/01/2015 17:35:00","HUD VL",61758,25.88,0.89,-18.14
"07/01/2015 17:35:00","LONGIL",61762,26.24,1.04,-18.35
"07/01/2015 17:35:00","MHK VL",61756,10.12,0.16,-3.10
"07/01/2015 17:35:00","MILLWD",61759,26.25,0.93,-18.47
"07/01/2015 17:35:00","N.Y.C.",61761,27.66,0.98,-19.82
"07/01/2015 17:35:00","NORTH",61755,6.49,-0.37,0.00
"07/01/2015 17:35:00","NPX",61845,29.29,0.58,-21.85
"07/01/2015 17:35:00","O H",61846,9.35,-0.45,-2.95
"07/01/2015 17:35:00","PJM",61847,19.49,0.43,-12.21
"07/01/2015 17:35:00","WEST",61752,9.35,-0.38,-2.88
"07/01/2015 17:40:00","CAPITL",61757,29.47,0.47,-21.82
"07/01/2015 17:40:00","CENTRL",61754,9.79,0.06,-2.56
"07/01/2015 17:40:00","DUNWOD",61760,24.50,0.95,-16.38
"07/01/2015 17:40:00","GENESE",61753,9.00,-0.18,-2.00
"07/01/2015 17:40:00","H Q",61844,6.92,-0.25,0.00
"07/01/2015 17:40:00","HUD VL",61758,24.30,0.93,-16.19
"07/01/2015 17:40:00","LONGIL",61762,24.63,1.08,-16.38
"07/01/2015 17:40:00","MHK VL",61756,10.11,0.17,-2.77
"07/01/2015 17:40:00","MILLWD",61759,24.63,0.97,-16.49
"07/01/2015 17:40:00","N.Y.C.",61761,26.31,1.03,-18.11
"07/01/2015 17:40:00","NORTH",61755,6.78,-0.39,0.00
"07/01/2015 17:40:00","NPX",61845,27.29,0.61,-19.51
"07/01/2015 17:40:00","O H",61846,9.33,-0.47,-2.63
"07/01/2015 17:40:00","PJM",61847,18.51,0.44,-10.90
"07/01/2015 17:40:00","WEST",61752,9.34,-0.40,-2.57
"07/01/2015 17:45:00","CAPITL",61757,31.75,0.45,-24.40
"07/01/2015 17:45:00","CENTRL",61754,9.80,0.05,-2.86
"07/01/2015 17:45:00","DUNWOD",61760,26.10,0.90,-18.31
"07/01/2015 17:45:00","GENESE",61753,8.95,-0.19,-2.24
"07/01/2015 17:45:00","H Q",61844,6.66,-0.23,0.00
"07/01/2015 17:45:00","HUD VL",61758,25.88,0.89,-18.10
"07/01/2015 17:45:00","LONGIL",61762,26.24,1.03,-18.32
"07/01/2015 17:45:00","MHK VL",61756,10.15,0.16,-3.10
"07/01/2015 17:45:00","MILLWD",61759,26.25,0.92,-18.44
"07/01/2015 17:45:00","N.Y.C.",61761,27.66,0.98,-19.79
"07/01/2015 17:45:00","NORTH",61755,6.53,-0.37,0.00
"07/01/2015 17:45:00","NPX",61845,29.29,0.59,-21.81
"07/01/2015 17:45:00","O H",61846,9.35,-0.49,-2.94
"07/01/2015 17:45:00","PJM",61847,19.48,0.40,-12.19
"07/01/2015 17:45:00","WEST",61752,9.35,-0.42,-2.87
"07/01/2015 17:50:00","CAPITL",61757,39.04,0.39,-32.79
"07/01/2015 17:50:00","CENTRL",61754,9.75,0.05,-3.84
"07/01/2015 17:50:00","DUNWOD",61760,31.24,0.77,-24.61
"07/01/2015 17:50:00","GENESE",61753,8.72,-0.15,-3.01
"07/01/2015 17:50:00","H Q",61844,5.66,-0.21,0.00
"07/01/2015 17:50:00","HUD VL",61758,30.95,0.76,-24.33
"07/01/2015 17:50:00","LONGIL",61762,31.35,0.87,-24.61
"07/01/2015 17:50:00","MHK VL",61756,10.16,0.14,-4.16
"07/01/2015 17:50:00","MILLWD",61759,31.43,0.79,-24.78
"07/01/2015 17:50:00","N.Y.C.",61761,31.97,0.83,-25.28
"07/01/2015 17:50:00","NORTH",61755,5.55,-0.32,0.00
"07/01/2015 17:50:00","NPX",61845,35.67,0.50,-29.31
"07/01/2015 17:50:00","O H",61846,9.42,-0.40,-3.96
"07/01/2015 17:50:00","PJM",61847,22.59,0.35,-16.38
"07/01/2015 17:50:00","WEST",61752,9.39,-0.34,-3.86
"07/01/2015 17:55:00","CAPITL",61757,28.91,0.48,-21.10
"07/01/2015 17:55:00","CENTRL",61754,9.85,0.05,-2.47
"07/01/2015 17:55:00","DUNWOD",61760,24.13,0.97,-15.83
"07/01/2015 17:55:00","GENESE",61753,9.05,-0.22,-1.94
"07/01/2015 17:55:00","H Q",61844,7.08,-0.25,0.00
"07/01/2015 17:55:00","HUD VL",61758,23.93,0.95,-15.65
"07/01/2015 17:55:00","LONGIL",61762,24.27,1.10,-15.84
"07/01/2015 17:55:00","MHK VL",61756,10.18,0.18,-2.68
"07/01/2015 17:55:00","MILLWD",61759,24.26,0.98,-15.94
"07/01/2015 17:55:00","N.Y.C.",61761,26.00,1.05,-17.62
"07/01/2015 17:55:00","NORTH",61755,6.95,-0.38,0.00
"07/01/2015 17:55:00","NPX",61845,26.81,0.62,-18.86
"07/01/2015 17:55:00","O H",61846,9.33,-0.54,-2.54
"07/01/2015 17:55:00","PJM",61847,18.29,0.43,-10.54
"07/01/2015 17:55:00","WEST",61752,9.34,-0.48,-2.49
"07/01/2015 18:00:00","CAPITL",61757,68.41,0.12,-66.50
"07/01/2015 18:00:00","CENTRL",61754,9.59,0.01,-7.79
"07/01/2015 18:00:00","DUNWOD",61760,51.93,0.23,-49.90
"07/01/2015 18:00:00","GENESE",61753,7.85,-0.05,-6.11
"07/01/2015 18:00:00","H Q",61844,1.73,-0.06,0.00
"07/01/2015 18:00:00","HUD VL",61758,51.36,0.23,-49.34
"07/01/2015 18:00:00","LONGIL",61762,51.98,0.27,-49.92
"07/01/2015 18:00:00","MHK VL",61756,10.27,0.04,-8.44
"07/01/2015 18:00:00","MILLWD",61759,52.28,0.24,-50.25
"07/01/2015 18:00:00","N.Y.C.",61761,51.98,0.25,-49.93
"07/01/2015 18:00:00","NORTH",61755,1.70,-0.09,0.00
"07/01/2015 18:00:00","NPX",61845,61.39,0.15,-59.45
"07/01/2015 18:00:00","O H",61846,9.69,-0.13,-8.02
"07/01/2015 18:00:00","PJM",61847,35.12,0.10,-33.22
"07/01/2015 18:00:00","WEST",61752,9.52,-0.11,-7.84
"07/01/2015 18:05:00","CAPITL",61757,30.36,0.47,-22.81
"07/01/2015 18:05:00","CENTRL",61754,9.81,0.06,-2.67
"07/01/2015 18:05:00","DUNWOD",61760,25.12,0.92,-17.11
"07/01/2015 18:05:00","GENESE",61753,8.98,-0.20,-2.09
"07/01/2015 18:05:00","H Q",61844,6.84,-0.24,0.00
"07/01/2015 18:05:00","HUD VL",61758,24.91,0.90,-16.92
"07/01/2015 18:05:00","LONGIL",61762,25.26,1.06,-17.12
"07/01/2015 18:05:00","MHK VL",61756,10.14,0.16,-2.89
"07/01/2015 18:05:00","MILLWD",61759,25.25,0.94,-17.23
"07/01/2015 18:05:00","N.Y.C.",61761,25.19,0.98,-17.12
"07/01/2015 18:05:00","NORTH",61755,6.72,-0.36,0.00
"07/01/2015 18:05:00","NPX",61845,28.08,0.61,-20.39
"07/01/2015 18:05:00","O H",61846,9.35,-0.49,-2.75
"07/01/2015 18:05:00","PJM",61847,18.90,0.42,-11.39
"07/01/2015 18:05:00","WEST",61752,9.35,-0.42,-2.69
"07/01/2015 18:10:00","CAPITL",61757,28.34,0.49,-20.44
"07/01/2015 18:10:00","CENTRL",61754,9.83,0.04,-2.39
"07/01/2015 18:10:00","DUNWOD",61760,23.71,0.96,-15.34
"07/01/2015 18:10:00","GENESE",61753,9.05,-0.23,-1.88
"07/01/2015 18:10:00","H Q",61844,7.16,-0.24,0.00
"07/01/2015 18:10:00","HUD VL",61758,23.51,0.94,-15.17
"07/01/2015 18:10:00","LONGIL",61762,23.84,1.09,-15.35
"07/01/2015 18:10:00","MHK VL",61756,10.16,0.16,-2.59
"07/01/2015 18:10:00","MILLWD",61759,23.83,0.98,-15.45
"07/01/2015 18:10:00","N.Y.C.",61761,23.79,1.04,-15.35
"07/01/2015 18:10:00","NORTH",61755,7.04,-0.36,0.00
"07/01/2015 18:10:00","NPX",61845,26.31,0.64,-18.27
"07/01/2015 18:10:00","O H",61846,9.32,-0.55,-2.47
"07/01/2015 18:10:00","PJM",61847,18.03,0.41,-10.21
"07/01/2015 18:10:00","WEST",61752,9.34,-0.47,-2.41
"07/01/2015 18:15:00","CAPITL",61757,28.00,0.49,-20.09
"07/01/2015 18:15:00","CENTRL",61754,9.81,0.04,-2.34
"07/01/2015 18:15:00","DUNWOD",61760,23.46,0.96,-15.07
"07/01/2015 18:15:00","GENESE",61753,9.05,-0.22,-1.84
"07/01/2015 18:15:00","H Q",61844,7.17,-0.25,0.00
"07/01/2015 18:15:00","HUD VL",61758,23.26,0.94,-14.90
"07/01/2015 18:15:00","LONGIL",61762,23.60,1.10,-15.08
"07/01/2015 18:15:00","MHK VL",61756,10.14,0.17,-2.55
"07/01/2015 18:15:00","MILLWD",61759,23.58,0.98,-15.18
"07/01/2015 18:15:00","N.Y.C.",61761,25.48,1.05,-17.01
"07/01/2015 18:15:00","NORTH",61755,7.04,-0.38,0.00
"07/01/2015 18:15:00","NPX",61845,26.01,0.64,-17.95
"07/01/2015 18:15:00","O H",61846,9.32,-0.53,-2.42
"07/01/2015 18:15:00","PJM",61847,17.89,0.43,-10.03
"07/01/2015 18:15:00","WEST",61752,9.33,-0.46,-2.37
"07/01/2015 18:20:00","CAPITL",61757,26.28,0.51,-18.10
"07/01/2015 18:20:00","CENTRL",61754,9.85,0.06,-2.11
"07/01/2015 18:20:00","DUNWOD",61760,22.26,1.00,-13.58
"07/01/2015 18:20:00","GENESE",61753,9.11,-0.22,-1.66
"07/01/2015 18:20:00","H Q",61844,7.41,-0.26,0.00
"07/01/2015 18:20:00","HUD VL",61758,22.08,0.98,-13.42
"07/01/2015 18:20:00","LONGIL",61762,22.40,1.14,-13.59
"07/01/2015 18:20:00","MHK VL",61756,10.15,0.18,-2.29
"07/01/2015 18:20:00","MILLWD",61759,22.38,1.03,-13.68
"07/01/2015 18:20:00","N.Y.C.",61761,24.47,1.09,-15.71
"07/01/2015 18:20:00","NORTH",61755,7.27,-0.41,0.00
"07/01/2015 18:20:00","NPX",61845,24.51,0.66,-16.18
"07/01/2015 18:20:00","O H",61846,9.32,-0.54,-2.18
"07/01/2015 18:20:00","PJM",61847,17.18,0.47,-9.04
"07/01/2015 18:20:00","WEST",61752,9.34,-0.47,-2.13
"07/01/2015 18:25:00","CAPITL",61757,27.17,0.49,-19.18
"07/01/2015 18:25:00","CENTRL",61754,9.80,0.06,-2.24
"07/01/2015 18:25:00","DUNWOD",61760,22.87,0.98,-14.39
"07/01/2015 18:25:00","GENESE",61753,9.06,-0.20,-1.76
"07/01/2015 18:25:00","H Q",61844,7.24,-0.26,0.00
"07/01/2015 18:25:00","HUD VL",61758,22.68,0.96,-14.22
"07/01/2015 18:25:00","LONGIL",61762,23.00,1.11,-14.39
"07/01/2015 18:25:00","MHK VL",61756,10.10,0.17,-2.43
"07/01/2015 18:25:00","MILLWD",61759,22.99,1.00,-14.49
"07/01/2015 18:25:00","N.Y.C.",61761,24.97,1.06,-16.42
"07/01/2015 18:25:00","NORTH",61755,7.09,-0.41,0.00
"07/01/2015 18:25:00","NPX",61845,25.29,0.65,-17.14
"07/01/2015 18:25:00","O H",61846,9.31,-0.50,-2.31
"07/01/2015 18:25:00","PJM",61847,17.53,0.45,-9.58
"07/01/2015 18:25:00","WEST",61752,9.32,-0.44,-2.26
"07/01/2015 18:30:00","CAPITL",61757,26.50,0.50,-18.41
"07/01/2015 18:30:00","CENTRL",61754,9.80,0.07,-2.15
"07/01/2015 18:30:00","DUNWOD",61760,22.39,0.99,-13.82
"07/01/2015 18:30:00","GENESE",61753,9.08,-0.20,-1.69
"07/01/2015 18:30:00","H Q",61844,7.32,-0.27,0.00
"07/01/2015 18:30:00","HUD VL",61758,22.21,0.97,-13.66
"07/01/2015 18:30:00","LONGIL",61762,22.53,1.13,-13.82
"07/01/2015 18:30:00","MHK VL",61756,10.10,0.18,-2.33
"07/01/2015 18:30:00","MILLWD",61759,22.50,1.01,-13.91
"07/01/2015 18:30:00","N.Y.C.",61761,24.57,1.07,-15.92
"07/01/2015 18:30:00","NORTH",61755,7.16,-0.42,0.00
"07/01/2015 18:30:00","NPX",61845,24.70,0.66,-16.46
"07/01/2015 18:30:00","O H",61846,9.31,-0.49,-2.22
"07/01/2015 18:30:00","PJM",61847,17.25,0.47,-9.20
"07/01/2015 18:30:00","WEST",61752,9.33,-0.42,-2.17
"07/01/2015 18:35:00","CAPITL",61757,25.90,0.51,-17.68
"07/01/2015 18:35:00","CENTRL",61754,9.84,0.07,-2.06
"07/01/2015 18:35:00","DUNWOD",61760,21.98,1.01,-13.27
"07/01/2015 18:35:00","GENESE",61753,9.11,-0.22,-1.62
"07/01/2015 18:35:00","H Q",61844,7.44,-0.27,0.00
"07/01/2015 18:35:00","HUD VL",61758,21.82,0.99,-13.12
"07/01/2015 18:35:00","LONGIL",61762,22.12,1.14,-13.27
"07/01/2015 18:35:00","MHK VL",61756,10.13,0.18,-2.24
"07/01/2015 18:35:00","MILLWD",61759,22.10,1.03,-13.36
"07/01/2015 18:35:00","N.Y.C.",61761,24.24,1.09,-15.44
"07/01/2015 18:35:00","NORTH",61755,7.28,-0.42,0.00
"07/01/2015 18:35:00","NPX",61845,24.18,0.67,-15.80
"07/01/2015 18:35:00","O H",61846,9.31,-0.52,-2.13
"07/01/2015 18:35:00","PJM",61847,17.01,0.47,-8.83
"07/01/2015 18:35:00","WEST",61752,9.33,-0.45,-2.08
"07/01/2015 18:40:00","CAPITL",61757,25.91,0.51,-17.71
"07/01/2015 18:40:00","CENTRL",61754,9.83,0.07,-2.07
"07/01/2015 18:40:00","DUNWOD",61760,21.99,1.01,-13.29
"07/01/2015 18:40:00","GENESE",61753,9.10,-0.22,-1.63
"07/01/2015 18:40:00","H Q",61844,7.42,-0.27,0.00
"07/01/2015 18:40:00","HUD VL",61758,21.82,0.99,-13.14
"07/01/2015 18:40:00","LONGIL",61762,22.13,1.14,-13.29
"07/01/2015 18:40:00","MHK VL",61756,10.12,0.18,-2.24
"07/01/2015 18:40:00","MILLWD",61759,22.10,1.02,-13.38
"07/01/2015 18:40:00","N.Y.C.",61761,24.24,1.09,-15.46
"07/01/2015 18:40:00","NORTH",61755,7.27,-0.42,0.00
"07/01/2015 18:40:00","NPX",61845,24.19,0.67,-15.83
"07/01/2015 18:40:00","O H",61846,9.31,-0.52,-2.14
"07/01/2015 18:40:00","PJM",61847,17.01,0.47,-8.85
"07/01/2015 18:40:00","WEST",61752,9.33,-0.45,-2.09
"07/01/2015 18:45:00","CAPITL",61757,25.20,0.52,-16.86
"07/01/2015 18:45:00","CENTRL",61754,9.84,0.06,-1.97
"07/01/2015 18:45:00","DUNWOD",61760,21.48,1.02,-12.65
"07/01/2015 18:45:00","GENESE",61753,9.13,-0.23,-1.55
"07/01/2015 18:45:00","H Q",61844,7.55,-0.27,0.00
"07/01/2015 18:45:00","HUD VL",61758,21.32,1.00,-12.50
"07/01/2015 18:45:00","LONGIL",61762,21.62,1.15,-12.66
"07/01/2015 18:45:00","MHK VL",61756,10.13,0.18,-2.14
"07/01/2015 18:45:00","MILLWD",61759,21.59,1.04,-12.74
"07/01/2015 18:45:00","N.Y.C.",61761,23.81,1.10,-14.89
"07/01/2015 18:45:00","NORTH",61755,7.39,-0.42,0.00
"07/01/2015 18:45:00","NPX",61845,23.56,0.68,-15.07
"07/01/2015 18:45:00","O H",61846,9.30,-0.55,-2.03
"07/01/2015 18:45:00","PJM",61847,16.70,0.46,-8.42
"07/01/2015 18:45:00","WEST",61752,9.33,-0.47,-1.99
"07/01/2015 18:50:00","CAPITL",61757,25.20,0.51,-16.90
"07/01/2015 18:50:00","CENTRL",61754,9.83,0.07,-1.97
"07/01/2015 18:50:00","DUNWOD",61760,21.48,1.02,-12.68
"07/01/2015 18:50:00","GENESE",61753,9.12,-0.22,-1.55
"07/01/2015 18:50:00","H Q",61844,7.52,-0.26,0.00
"07/01/2015 18:50:00","HUD VL",61758,21.31,1.00,-12.53
"07/01/2015 18:50:00","LONGIL",61762,21.61,1.14,-12.68
"07/01/2015 18:50:00","MHK VL",61756,10.10,0.18,-2.14
"07/01/2015 18:50:00","MILLWD",61759,21.59,1.04,-12.77
"07/01/2015 18:50:00","N.Y.C.",61761,23.79,1.10,-14.91
"07/01/2015 18:50:00","NORTH",61755,7.36,-0.42,0.00
"07/01/2015 18:50:00","NPX",61845,23.56,0.68,-15.10
"07/01/2015 18:50:00","O H",61846,9.30,-0.52,-2.04
"07/01/2015 18:50:00","PJM",61847,16.70,0.47,-8.44
"07/01/2015 18:50:00","WEST",61752,9.32,-0.45,-1.99
"07/01/2015 18:55:00","CAPITL",61757,22.98,0.54,-14.34
"07/01/2015 18:55:00","CENTRL",61754,9.84,0.07,-1.67
"07/01/2015 18:55:00","DUNWOD",61760,19.91,1.06,-10.76
"07/01/2015 18:55:00","GENESE",61753,9.18,-0.23,-1.32
"07/01/2015 18:55:00","H Q",61844,7.81,-0.28,0.00
"07/01/2015 18:55:00","HUD VL",61758,19.76,1.04,-10.64
"07/01/2015 18:55:00","LONGIL",61762,20.05,1.20,-10.76
"07/01/2015 18:55:00","MHK VL",61756,10.10,0.19,-1.82
"07/01/2015 18:55:00","MILLWD",61759,20.00,1.08,-10.83
"07/01/2015 18:55:00","N.Y.C.",61761,22.48,1.14,-13.24
"07/01/2015 18:55:00","NORTH",61755,7.65,-0.45,0.00
"07/01/2015 18:55:00","NPX",61845,21.62,0.71,-12.82
"07/01/2015 18:55:00","O H",61846,9.28,-0.54,-1.73
"07/01/2015 18:55:00","PJM",61847,15.75,0.49,-7.16
"07/01/2015 18:55:00","WEST",61752,9.31,-0.47,-1.69
"07/01/2015 19:00:00","CAPITL",61757,24.81,0.53,-16.44
"07/01/2015 19:00:00","CENTRL",61754,9.83,0.07,-1.92
"07/01/2015 19:00:00","DUNWOD",61760,21.19,1.02,-12.34
"07/01/2015 19:00:00","GENESE",61753,9.14,-0.20,-1.51
"07/01/2015 19:00:00","H Q",61844,7.56,-0.27,0.00
"07/01/2015 19:00:00","HUD VL",61758,21.03,1.00,-12.19
"07/01/2015 19:00:00","LONGIL",61762,21.35,1.18,-12.34
"07/01/2015 19:00:00","MHK VL",61756,10.10,0.18,-2.08
"07/01/2015 19:00:00","MILLWD",61759,21.30,1.03,-12.42
"07/01/2015 19:00:00","N.Y.C.",61761,23.56,1.09,-14.64
"07/01/2015 19:00:00","NORTH",61755,7.41,-0.43,0.00
"07/01/2015 19:00:00","NPX",61845,23.22,0.69,-14.69
"07/01/2015 19:00:00","O H",61846,9.29,-0.53,-1.98
"07/01/2015 19:00:00","PJM",61847,16.52,0.47,-8.21
"07/01/2015 19:00:00","WEST",61752,9.32,-0.45,-1.94
"07/01/2015 19:05:00","CAPITL",61757,19.76,0.57,-10.64
"07/01/2015 19:05:00","CENTRL",61754,9.87,0.09,-1.24
"07/01/2015 19:05:00","DUNWOD",61760,17.64,1.11,-7.99
"07/01/2015 19:05:00","GENESE",61753,9.30,-0.21,-0.98
"07/01/2015 19:05:00","H Q",61844,8.24,-0.30,0.00
"07/01/2015 19:05:00","HUD VL",61758,17.52,1.08,-7.89
"07/01/2015 19:05:00","LONGIL",61762,17.83,1.30,-7.99
"07/01/2015 19:05:00","MHK VL",61756,10.09,0.20,-1.35
"07/01/2015 19:05:00","MILLWD",61759,17.72,1.14,-8.04
"07/01/2015 19:05:00","N.Y.C.",61761,20.58,1.19,-10.85
"07/01/2015 19:05:00","NORTH",61755,8.06,-0.48,0.00
"07/01/2015 19:05:00","NPX",61845,18.80,0.75,-9.51
"07/01/2015 19:05:00","O H",61846,9.26,-0.56,-1.28
"07/01/2015 19:05:00","PJM",61847,14.38,0.53,-5.32
"07/01/2015 19:05:00","WEST",61752,9.31,-0.49,-1.25
"07/01/2015 19:10:00","CAPITL",61757,19.56,0.56,-10.44
"07/01/2015 19:10:00","CENTRL",61754,9.87,0.09,-1.22
"07/01/2015 19:10:00","DUNWOD",61760,17.50,1.11,-7.83
"07/01/2015 19:10:00","GENESE",61753,9.30,-0.21,-0.96
"07/01/2015 19:10:00","H Q",61844,8.26,-0.30,0.00
"07/01/2015 19:10:00","HUD VL",61758,17.38,1.09,-7.74
"07/01/2015 19:10:00","LONGIL",61762,17.67,1.28,-7.83
"07/01/2015 19:10:00","MHK VL",61756,10.07,0.20,-1.32
"07/01/2015 19:10:00","MILLWD",61759,17.58,1.14,-7.89
"07/01/2015 19:10:00","N.Y.C.",61761,20.45,1.20,-10.70
"07/01/2015 19:10:00","NORTH",61755,8.08,-0.48,0.00
"07/01/2015 19:10:00","NPX",61845,18.63,0.74,-9.33
"07/01/2015 19:10:00","O H",61846,9.26,-0.56,-1.26
"07/01/2015 19:10:00","PJM",61847,14.30,0.53,-5.21
"07/01/2015 19:10:00","WEST",61752,9.31,-0.47,-1.23
"07/01/2015 19:15:00","CAPITL",61757,15.55,0.60,-5.81
"07/01/2015 19:15:00","CENTRL",61754,9.91,0.09,-0.68
"07/01/2015 19:15:00","DUNWOD",61760,14.70,1.20,-4.36
"07/01/2015 19:15:00","GENESE",61753,9.42,-0.26,-0.53
"07/01/2015 19:15:00","H Q",61844,8.82,-0.32,0.00
"07/01/2015 19:15:00","HUD VL",61758,14.62,1.17,-4.31
"07/01/2015 19:15:00","LONGIL",61762,14.86,1.36,-4.36
"07/01/2015 19:15:00","MHK VL",61756,10.10,0.22,-0.74
"07/01/2015 19:15:00","MILLWD",61759,14.75,1.22,-4.39
"07/01/2015 19:15:00","N.Y.C.",61761,18.23,1.30,-7.79
"07/01/2015 19:15:00","NORTH",61755,8.62,-0.52,0.00
"07/01/2015 19:15:00","NPX",61845,15.12,0.79,-5.19
"07/01/2015 19:15:00","O H",61846,9.23,-0.61,-0.70
"07/01/2015 19:15:00","PJM",61847,12.62,0.58,-2.90
"07/01/2015 19:15:00","WEST",61752,9.30,-0.53,-0.68
"07/01/2015 19:20:00","CAPITL",61757,18.70,0.57,-9.45
"07/01/2015 19:20:00","CENTRL",61754,9.86,0.09,-1.10
"07/01/2015 19:20:00","DUNWOD",61760,16.90,1.14,-7.09
"07/01/2015 19:20:00","GENESE",61753,9.33,-0.22,-0.87
"07/01/2015 19:20:00","H Q",61844,8.37,-0.30,0.00
"07/01/2015 19:20:00","HUD VL",61758,16.80,1.11,-7.01
"07/01/2015 19:20:00","LONGIL",61762,17.08,1.31,-7.09
"07/01/2015 19:20:00","MHK VL",61756,10.08,0.20,-1.20
"07/01/2015 19:20:00","MILLWD",61759,16.97,1.15,-7.14
"07/01/2015 19:20:00","N.Y.C.",61761,21.92,1.22,-12.02
"07/01/2015 19:20:00","NORTH",61755,8.18,-0.49,0.00
"07/01/2015 19:20:00","NPX",61845,17.87,0.75,-8.45
"07/01/2015 19:20:00","O H",61846,9.25,-0.56,-1.14
"07/01/2015 19:20:00","PJM",61847,13.93,0.54,-4.72
"07/01/2015 19:20:00","WEST",61752,9.31,-0.48,-1.11
"07/01/2015 19:25:00","CAPITL",61757,15.92,0.60,-6.26
"07/01/2015 19:25:00","CENTRL",61754,9.88,0.09,-0.73
"07/01/2015 19:25:00","DUNWOD",61760,14.93,1.18,-4.70
"07/01/2015 19:25:00","GENESE",61753,9.41,-0.23,-0.57
"07/01/2015 19:25:00","H Q",61844,8.74,-0.32,0.00
"07/01/2015 19:25:00","HUD VL",61758,14.85,1.15,-4.65
"07/01/2015 19:25:00","LONGIL",61762,15.12,1.36,-4.70
"07/01/2015 19:25:00","MHK VL",61756,10.07,0.22,-0.80
"07/01/2015 19:25:00","MILLWD",61759,14.98,1.20,-4.73
"07/01/2015 19:25:00","N.Y.C.",61761,18.43,1.28,-8.09
"07/01/2015 19:25:00","NORTH",61755,8.53,-0.53,0.00
"07/01/2015 19:25:00","NPX",61845,15.44,0.79,-5.60
"07/01/2015 19:25:00","O H",61846,9.22,-0.60,-0.76
"07/01/2015 19:25:00","PJM",61847,12.75,0.56,-3.13
"07/01/2015 19:25:00","WEST",61752,9.29,-0.51,-0.74
"07/01/2015 19:30:00","CAPITL",61757,14.47,0.61,-4.60
"07/01/2015 19:30:00","CENTRL",61754,9.90,0.10,-0.54
"07/01/2015 19:30:00","DUNWOD",61760,13.92,1.21,-3.45
"07/01/2015 19:30:00","GENESE",61753,9.45,-0.23,-0.42
"07/01/2015 19:30:00","H Q",61844,8.93,-0.33,0.00
"07/01/2015 19:30:00","HUD VL",61758,13.85,1.18,-3.41
"07/01/2015 19:30:00","LONGIL",61762,14.10,1.39,-3.45
"07/01/2015 19:30:00","MHK VL",61756,10.06,0.21,-0.59
"07/01/2015 19:30:00","MILLWD",61759,13.97,1.23,-3.48
"07/01/2015 19:30:00","N.Y.C.",61761,17.59,1.31,-7.02
"07/01/2015 19:30:00","NORTH",61755,8.71,-0.55,0.00
"07/01/2015 19:30:00","NPX",61845,14.18,0.81,-4.11
"07/01/2015 19:30:00","O H",61846,9.21,-0.60,-0.56
"07/01/2015 19:30:00","PJM",61847,12.13,0.57,-2.30
"07/01/2015 19:30:00","WEST",61752,9.28,-0.52,-0.54
"07/01/2015 19:35:00","CAPITL",61757,10.49,0.65,-0.06
"07/01/2015 19:35:00","CENTRL",61754,9.91,0.12,-0.01
"07/01/2015 19:35:00","DUNWOD",61760,11.12,1.29,-0.05
"07/01/2015 19:35:00","GENESE",61753,9.57,-0.22,-0.01
"07/01/2015 19:35:00","H Q",61844,9.42,-0.36,0.00
"07/01/2015 19:35:00","HUD VL",61758,11.09,1.26,-0.05
"07/01/2015 19:35:00","LONGIL",61762,11.32,1.49,-0.05
"07/01/2015 19:35:00","MHK VL",61756,10.03,0.23,-0.01
"07/01/2015 19:35:00","MILLWD",61759,11.14,1.31,-0.05
"07/01/2015 19:35:00","N.Y.C.",61761,15.25,1.40,-4.07
"07/01/2015 19:35:00","NORTH",61755,9.19,-0.60,0.00
"07/01/2015 19:35:00","NPX",61845,10.69,0.85,-0.06
"07/01/2015 19:35:00","O H",61846,9.19,-0.61,-0.01
"07/01/2015 19:35:00","PJM",61847,10.45,0.64,-0.03
"07/01/2015 19:35:00","WEST",61752,9.27,-0.52,-0.01
"07/01/2015 19:40:00","CAPITL",61757,10.35,0.63,0.00
"07/01/2015 19:40:00","CENTRL",61754,9.85,0.13,0.00
"07/01/2015 19:40:00","DUNWOD",61760,11.00,1.28,0.00
"07/01/2015 19:40:00","GENESE",61753,9.52,-0.19,0.00
"07/01/2015 19:40:00","H Q",61844,9.36,-0.36,0.00
"07/01/2015 19:40:00","HUD VL",61758,10.97,1.25,0.00
"07/01/2015 19:40:00","LONGIL",61762,11.20,1.48,0.00
"07/01/2015 19:40:00","MHK VL",61756,9.94,0.22,0.00
"07/01/2015 19:40:00","MILLWD",61759,11.02,1.30,0.00
"07/01/2015 19:40:00","N.Y.C.",61761,15.15,1.39,-4.04
"07/01/2015 19:40:00","NORTH",61755,9.10,-0.62,0.00
"07/01/2015 19:40:00","NPX",61845,10.56,0.85,0.00
"07/01/2015 19:40:00","O H",61846,9.17,-0.55,0.00
"07/01/2015 19:40:00","PJM",61847,10.36,0.64,0.00
"07/01/2015 19:40:00","WEST",61752,9.26,-0.46,0.00
"07/01/2015 19:45:00","CAPITL",61757,10.29,0.63,0.00
"07/01/2015 19:45:00","CENTRL",61754,9.82,0.15,0.00
"07/01/2015 19:45:00","DUNWOD",61760,10.92,1.26,0.00
"07/01/2015 19:45:00","GENESE",61753,9.51,-0.16,0.00
"07/01/2015 19:45:00","H Q",61844,9.30,-0.37,0.00
"07/01/2015 19:45:00","HUD VL",61758,10.89,1.23,0.00
"07/01/2015 19:45:00","LONGIL",61762,11.11,1.44,0.00
"07/01/2015 19:45:00","MHK VL",61756,9.89,0.22,0.00
"07/01/2015 19:45:00","MILLWD",61759,10.95,1.29,0.00
"07/01/2015 19:45:00","N.Y.C.",61761,15.08,1.36,-4.05
"07/01/2015 19:45:00","NORTH",61755,9.05,-0.62,0.00
"07/01/2015 19:45:00","NPX",61845,10.50,0.83,0.00
"07/01/2015 19:45:00","O H",61846,9.17,-0.49,0.00
"07/01/2015 19:45:00","PJM",61847,10.32,0.66,0.00
"07/01/2015 19:45:00","WEST",61752,9.27,-0.40,0.00
"07/01/2015 19:50:00","CAPITL",61757,10.25,0.63,0.00
"07/01/2015 19:50:00","CENTRL",61754,9.77,0.14,0.00
"07/01/2015 19:50:00","DUNWOD",61760,10.88,1.25,0.00
"07/01/2015 19:50:00","GENESE",61753,9.48,-0.14,0.00
"07/01/2015 19:50:00","H Q",61844,9.26,-0.37,0.00
"07/01/2015 19:50:00","HUD VL",61758,10.85,1.22,0.00
"07/01/2015 19:50:00","LONGIL",61762,11.05,1.42,0.00
"07/01/2015 19:50:00","MHK VL",61756,9.85,0.22,0.00
"07/01/2015 19:50:00","MILLWD",61759,10.90,1.27,0.00
"07/01/2015 19:50:00","N.Y.C.",61761,15.03,1.36,-4.04
"07/01/2015 19:50:00","NORTH",61755,9.00,-0.63,0.00
"07/01/2015 19:50:00","NPX",61845,10.45,0.83,0.00
"07/01/2015 19:50:00","O H",61846,9.15,-0.47,0.00
"07/01/2015 19:50:00","PJM",61847,10.27,0.64,0.00
"07/01/2015 19:50:00","WEST",61752,9.26,-0.37,0.00
"07/01/2015 19:55:00","CAPITL",61757,10.25,0.63,0.00
"07/01/2015 19:55:00","CENTRL",61754,9.78,0.15,0.00
"07/01/2015 19:55:00","DUNWOD",61760,10.87,1.24,0.00
"07/01/2015 19:55:00","GENESE",61753,9.48,-0.14,0.00
"07/01/2015 19:55:00","H Q",61844,9.27,-0.36,0.00
"07/01/2015 19:55:00","HUD VL",61758,10.84,1.21,0.00
"07/01/2015 19:55:00","LONGIL",61762,11.04,1.42,0.00
"07/01/2015 19:55:00","MHK VL",61756,9.86,0.23,0.00
"07/01/2015 19:55:00","MILLWD",61759,10.89,1.26,0.00
"07/01/2015 19:55:00","N.Y.C.",61761,15.02,1.35,-4.05
"07/01/2015 19:55:00","NORTH",61755,9.01,-0.62,0.00
"07/01/2015 19:55:00","NPX",61845,10.44,0.82,0.00
"07/01/2015 19:55:00","O H",61846,9.16,-0.46,0.00
"07/01/2015 19:55:00","PJM",61847,10.28,0.65,0.00
"07/01/2015 19:55:00","WEST",61752,9.27,-0.36,0.00
"07/01/2015 20:00:00","CAPITL",61757,10.25,0.63,0.00
"07/01/2015 20:00:00","CENTRL",61754,9.77,0.14,0.00
"07/01/2015 20:00:00","DUNWOD",61760,10.85,1.22,0.00
"07/01/2015 20:00:00","GENESE",61753,9.49,-0.13,0.00
"07/01/2015 20:00:00","H Q",61844,9.28,-0.35,0.00
"07/01/2015 20:00:00","HUD VL",61758,10.82,1.19,0.00
"07/01/2015 20:00:00","LONGIL",61762,11.01,1.39,0.00
"07/01/2015 20:00:00","MHK VL",61756,9.85,0.22,0.00
"07/01/2015 20:00:00","MILLWD",61759,10.87,1.24,0.00
"07/01/2015 20:00:00","N.Y.C.",61761,14.99,1.32,-4.05
"07/01/2015 20:00:00","NORTH",61755,9.02,-0.61,0.00
"07/01/2015 20:00:00","NPX",61845,10.44,0.82,0.00
"07/01/2015 20:00:00","O H",61846,9.15,-0.47,0.00
"07/01/2015 20:00:00","PJM",61847,10.25,0.63,0.00
"07/01/2015 20:00:00","WEST",61752,9.26,-0.37,0.00
"07/01/2015 20:05:00","CAPITL",61757,10.25,0.63,0.00
"07/01/2015 20:05:00","CENTRL",61754,9.76,0.13,0.00
"07/01/2015 20:05:00","DUNWOD",61760,10.84,1.21,0.00
"07/01/2015 20:05:00","GENESE",61753,9.48,-0.14,0.00
"07/01/2015 20:05:00","H Q",61844,9.28,-0.35,0.00
"07/01/2015 20:05:00","HUD VL",61758,10.81,1.18,0.00
"07/01/2015 20:05:00","LONGIL",61762,11.00,1.38,0.00
"07/01/2015 20:05:00","MHK VL",61756,9.85,0.22,0.00
"07/01/2015 20:05:00","MILLWD",61759,10.86,1.23,0.00
"07/01/2015 20:05:00","N.Y.C.",61761,14.99,1.31,-4.05
"07/01/2015 20:05:00","NORTH",61755,9.04,-0.59,0.00
"07/01/2015 20:05:00","NPX",61845,10.44,0.82,0.00
"07/01/2015 20:05:00","O H",61846,9.14,-0.48,0.00
"07/01/2015 20:05:00","PJM",61847,10.23,0.61,0.00
"07/01/2015 20:05:00","WEST",61752,9.24,-0.39,0.00
"07/01/2015 20:10:00","CAPITL",61757,10.21,0.62,0.00
"07/01/2015 20:10:00","CENTRL",61754,9.73,0.14,0.00
"07/01/2015 20:10:00","DUNWOD",61760,10.78,1.20,0.00
"07/01/2015 20:10:00","GENESE",61753,9.46,-0.12,0.00
"07/01/2015 20:10:00","H Q",61844,9.24,-0.34,0.00
"07/01/2015 20:10:00","HUD VL",61758,10.75,1.17,0.00
"07/01/2015 20:10:00","LONGIL",61762,10.95,1.36,0.00
"07/01/2015 20:10:00","MHK VL",61756,9.81,0.22,0.00
"07/01/2015 20:10:00","MILLWD",61759,10.80,1.22,0.00
"07/01/2015 20:10:00","N.Y.C.",61761,14.94,1.29,-4.06
"07/01/2015 20:10:00","NORTH",61755,9.00,-0.58,0.00
"07/01/2015 20:10:00","NPX",61845,10.40,0.81,0.00
"07/01/2015 20:10:00","O H",61846,9.14,-0.44,0.00
"07/01/2015 20:10:00","PJM",61847,10.20,0.61,0.00
"07/01/2015 20:10:00","WEST",61752,9.24,-0.34,0.00
"07/01/2015 20:15:00","CAPITL",61757,10.25,0.63,0.00
"07/01/2015 20:15:00","CENTRL",61754,9.74,0.12,0.00
"07/01/2015 20:15:00","DUNWOD",61760,10.83,1.21,0.00
"07/01/2015 20:15:00","GENESE",61753,9.47,-0.14,0.00
"07/01/2015 20:15:00","H Q",61844,9.27,-0.35,0.00
"07/01/2015 20:15:00","HUD VL",61758,10.81,1.19,0.00
"07/01/2015 20:15:00","LONGIL",61762,11.00,1.38,0.00
"07/01/2015 20:15:00","MHK VL",61756,9.84,0.22,0.00
"07/01/2015 20:15:00","MILLWD",61759,10.85,1.23,0.00
"07/01/2015 20:15:00","N.Y.C.",61761,15.04,1.32,-4.11
"07/01/2015 20:15:00","NORTH",61755,9.04,-0.58,0.00
"07/01/2015 20:15:00","NPX",61845,10.45,0.84,0.00
"07/01/2015 20:15:00","O H",61846,9.14,-0.48,0.00
"07/01/2015 20:15:00","PJM",61847,10.22,0.61,0.00
"07/01/2015 20:15:00","WEST",61752,9.23,-0.38,0.00
"07/01/2015 20:20:00","CAPITL",61757,10.26,0.64,0.00
"07/01/2015 20:20:00","CENTRL",61754,9.76,0.13,0.00
"07/01/2015 20:20:00","DUNWOD",61760,10.84,1.21,0.00
"07/01/2015 20:20:00","GENESE",61753,9.48,-0.14,0.00
"07/01/2015 20:20:00","H Q",61844,9.28,-0.35,0.00
"07/01/2015 20:20:00","HUD VL",61758,10.81,1.18,0.00
"07/01/2015 20:20:00","LONGIL",61762,11.01,1.39,0.00
"07/01/2015 20:20:00","MHK VL",61756,9.85,0.22,0.00
"07/01/2015 20:20:00","MILLWD",61759,10.86,1.23,0.00
"07/01/2015 20:20:00","N.Y.C.",61761,15.05,1.31,-4.11
"07/01/2015 20:20:00","NORTH",61755,9.05,-0.58,0.00
"07/01/2015 20:20:00","NPX",61845,10.45,0.83,0.00
"07/01/2015 20:20:00","O H",61846,9.14,-0.48,0.00
"07/01/2015 20:20:00","PJM",61847,10.23,0.61,0.00
"07/01/2015 20:20:00","WEST",61752,9.25,-0.38,0.00
"07/01/2015 20:25:00","CAPITL",61757,10.23,0.62,0.00
"07/01/2015 20:25:00","CENTRL",61754,9.75,0.14,0.00
"07/01/2015 20:25:00","DUNWOD",61760,10.81,1.20,0.00
"07/01/2015 20:25:00","GENESE",61753,9.47,-0.13,0.00
"07/01/2015 20:25:00","H Q",61844,9.26,-0.35,0.00
"07/01/2015 20:25:00","HUD VL",61758,10.79,1.18,0.00
"07/01/2015 20:25:00","LONGIL",61762,10.98,1.37,0.00
"07/01/2015 20:25:00","MHK VL",61756,9.83,0.22,0.00
"07/01/2015 20:25:00","MILLWD",61759,10.82,1.22,0.00
"07/01/2015 20:25:00","N.Y.C.",61761,15.03,1.31,-4.12
"07/01/2015 20:25:00","NORTH",61755,9.02,-0.59,0.00
"07/01/2015 20:25:00","NPX",61845,10.42,0.82,0.00
"07/01/2015 20:25:00","O H",61846,9.14,-0.46,0.00
"07/01/2015 20:25:00","PJM",61847,10.22,0.62,0.00
"07/01/2015 20:25:00","WEST",61752,9.25,-0.36,0.00
"07/01/2015 20:30:00","CAPITL",61757,10.15,0.61,0.00
"07/01/2015 20:30:00","CENTRL",61754,9.72,0.17,0.00
"07/01/2015 20:30:00","DUNWOD",61760,10.74,1.19,0.00
"07/01/2015 20:30:00","GENESE",61753,9.45,-0.10,0.00
"07/01/2015 20:30:00","H Q",61844,9.19,-0.35,0.00
"07/01/2015 20:30:00","HUD VL",61758,10.71,1.16,0.00
"07/01/2015 20:30:00","LONGIL",61762,10.90,1.35,0.00
"07/01/2015 20:30:00","MHK VL",61756,9.77,0.23,0.00
"07/01/2015 20:30:00","MILLWD",61759,10.76,1.21,0.00
"07/01/2015 20:30:00","N.Y.C.",61761,14.96,1.29,-4.13
"07/01/2015 20:30:00","NORTH",61755,8.95,-0.59,0.00
"07/01/2015 20:30:00","NPX",61845,10.35,0.80,0.00
"07/01/2015 20:30:00","O H",61846,9.16,-0.38,0.00
"07/01/2015 20:30:00","PJM",61847,10.18,0.64,0.00
"07/01/2015 20:30:00","WEST",61752,9.27,-0.28,0.00
"07/01/2015 20:35:00","CAPITL",61757,10.09,0.61,0.00
"07/01/2015 20:35:00","CENTRL",61754,9.68,0.20,0.00
"07/01/2015 20:35:00","DUNWOD",61760,10.65,1.17,0.00
"07/01/2015 20:35:00","GENESE",61753,9.43,-0.06,0.00
"07/01/2015 20:35:00","H Q",61844,9.13,-0.35,0.00
"07/01/2015 20:35:00","HUD VL",61758,10.63,1.15,0.00
"07/01/2015 20:35:00","LONGIL",61762,10.82,1.34,0.00
"07/01/2015 20:35:00","MHK VL",61756,9.71,0.23,0.00
"07/01/2015 20:35:00","MILLWD",61759,10.67,1.19,0.00
"07/01/2015 20:35:00","N.Y.C.",61761,14.89,1.26,-4.14
"07/01/2015 20:35:00","NORTH",61755,8.90,-0.59,0.00
"07/01/2015 20:35:00","NPX",61845,10.27,0.79,0.00
"07/01/2015 20:35:00","O H",61846,9.16,-0.32,0.00
"07/01/2015 20:35:00","PJM",61847,10.14,0.65,0.00
"07/01/2015 20:35:00","WEST",61752,9.27,-0.21,0.00
"07/01/2015 20:40:00","CAPITL",61757,10.24,0.62,0.00
"07/01/2015 20:40:00","CENTRL",61754,9.76,0.14,0.00
"07/01/2015 20:40:00","DUNWOD",61760,10.82,1.20,0.00
"07/01/2015 20:40:00","GENESE",61753,9.47,-0.14,0.00
"07/01/2015 20:40:00","H Q",61844,9.27,-0.35,0.00
"07/01/2015 20:40:00","HUD VL",61758,10.79,1.17,0.00
"07/01/2015 20:40:00","LONGIL",61762,10.99,1.37,0.00
"07/01/2015 20:40:00","MHK VL",61756,9.85,0.23,0.00
"07/01/2015 20:40:00","MILLWD",61759,10.84,1.22,0.00
"07/01/2015 20:40:00","N.Y.C.",61761,15.04,1.31,-4.11
"07/01/2015 20:40:00","NORTH",61755,9.04,-0.58,0.00
"07/01/2015 20:40:00","NPX",61845,10.43,0.82,0.00
"07/01/2015 20:40:00","O H",61846,9.14,-0.47,0.00
"07/01/2015 20:40:00","PJM",61847,10.22,0.61,0.00
"07/01/2015 20:40:00","WEST",61752,9.25,-0.37,0.00
"07/01/2015 20:45:00","CAPITL",61757,10.32,0.64,0.00
"07/01/2015 20:45:00","CENTRL",61754,9.81,0.14,0.00
"07/01/2015 20:45:00","DUNWOD",61760,10.89,1.21,0.00
"07/01/2015 20:45:00","GENESE",61753,9.50,-0.17,0.00
"07/01/2015 20:45:00","H Q",61844,9.33,-0.35,0.00
"07/01/2015 20:45:00","HUD VL",61758,10.87,1.19,0.00
"07/01/2015 20:45:00","LONGIL",61762,11.07,1.39,0.00
"07/01/2015 20:45:00","MHK VL",61756,9.91,0.23,0.00
"07/01/2015 20:45:00","MILLWD",61759,10.91,1.23,0.00
"07/01/2015 20:45:00","N.Y.C.",61761,15.09,1.32,-4.10
"07/01/2015 20:45:00","NORTH",61755,9.12,-0.56,0.00
"07/01/2015 20:45:00","NPX",61845,10.50,0.82,0.00
"07/01/2015 20:45:00","O H",61846,9.16,-0.51,0.00
"07/01/2015 20:45:00","PJM",61847,10.28,0.60,0.00
"07/01/2015 20:45:00","WEST",61752,9.26,-0.42,0.00
"07/01/2015 20:50:00","CAPITL",61757,11.92,0.74,0.00
"07/01/2015 20:50:00","CENTRL",61754,11.31,0.12,0.00
"07/01/2015 20:50:00","DUNWOD",61760,12.61,1.42,0.00
"07/01/2015 20:50:00","GENESE",61753,10.93,-0.26,0.00
"07/01/2015 20:50:00","H Q",61844,10.79,-0.39,0.00
"07/01/2015 20:50:00","HUD VL",61758,12.57,1.39,0.00
"07/01/2015 20:50:00","LONGIL",61762,12.83,1.64,0.00
"07/01/2015 20:50:00","MHK VL",61756,11.45,0.27,0.00
"07/01/2015 20:50:00","MILLWD",61759,12.63,1.44,0.00
"07/01/2015 20:50:00","N.Y.C.",61761,16.54,1.54,-3.81
"07/01/2015 20:50:00","NORTH",61755,10.55,-0.64,0.00
"07/01/2015 20:50:00","NPX",61845,12.15,0.96,0.00
"07/01/2015 20:50:00","O H",61846,10.48,-0.70,0.00
"07/01/2015 20:50:00","PJM",61847,11.85,0.66,0.00
"07/01/2015 20:50:00","WEST",61752,10.59,-0.59,0.00
"07/01/2015 20:55:00","CAPITL",61757,12.73,0.79,0.00
"07/01/2015 20:55:00","CENTRL",61754,12.09,0.14,0.00
"07/01/2015 20:55:00","DUNWOD",61760,13.45,1.50,0.00
"07/01/2015 20:55:00","GENESE",61753,11.67,-0.27,0.00
"07/01/2015 20:55:00","H Q",61844,11.53,-0.42,0.00
"07/01/2015 20:55:00","HUD VL",61758,13.41,1.47,0.00
"07/01/2015 20:55:00","LONGIL",61762,13.71,1.77,0.00
"07/01/2015 20:55:00","MHK VL",61756,12.24,0.30,0.00
"07/01/2015 20:55:00","MILLWD",61759,13.47,1.53,0.00
"07/01/2015 20:55:00","N.Y.C.",61761,17.24,1.62,-3.67
"07/01/2015 20:55:00","NORTH",61755,11.28,-0.67,0.00
"07/01/2015 20:55:00","NPX",61845,12.97,1.03,0.00
"07/01/2015 20:55:00","O H",61846,11.20,-0.74,0.00
"07/01/2015 20:55:00","PJM",61847,12.66,0.72,0.00
"07/01/2015 20:55:00","WEST",61752,11.31,-0.63,0.00
"07/01/2015 21:00:00","CAPITL",61757,14.10,0.87,0.00
"07/01/2015 21:00:00","CENTRL",61754,13.37,0.15,0.00
"07/01/2015 21:00:00","DUNWOD",61760,14.91,1.68,0.00
"07/01/2015 21:00:00","GENESE",61753,12.91,-0.32,0.00
"07/01/2015 21:00:00","H Q",61844,12.76,-0.46,0.00
"07/01/2015 21:00:00","HUD VL",61758,14.87,1.64,0.00
"07/01/2015 21:00:00","LONGIL",61762,15.25,2.02,0.00
"07/01/2015 21:00:00","MHK VL",61756,13.57,0.34,0.00
"07/01/2015 21:00:00","MILLWD",61759,14.93,1.71,0.00
"07/01/2015 21:00:00","N.Y.C.",61761,18.48,1.81,-3.44
"07/01/2015 21:00:00","NORTH",61755,12.50,-0.73,0.00
"07/01/2015 21:00:00","NPX",61845,14.36,1.14,0.00
"07/01/2015 21:00:00","O H",61846,12.38,-0.85,0.00
"07/01/2015 21:00:00","PJM",61847,14.02,0.79,0.00
"07/01/2015 21:00:00","WEST",61752,12.50,-0.73,0.00
"07/01/2015 21:05:00","CAPITL",61757,16.94,1.02,0.00
"07/01/2015 21:05:00","CENTRL",61754,16.84,0.33,-0.58
"07/01/2015 21:05:00","DUNWOD",61760,17.87,1.96,0.00
"07/01/2015 21:05:00","GENESE",61753,15.25,-0.14,0.53
"07/01/2015 21:05:00","H Q",61844,15.33,-0.59,0.00
"07/01/2015 21:05:00","HUD VL",61758,17.84,1.93,0.00
"07/01/2015 21:05:00","LONGIL",61762,18.27,2.36,0.00
"07/01/2015 21:05:00","MHK VL",61756,16.36,0.45,0.00
"07/01/2015 21:05:00","MILLWD",61759,17.90,1.99,0.00
"07/01/2015 21:05:00","N.Y.C.",61761,20.95,2.08,-2.95
"07/01/2015 21:05:00","NORTH",61755,14.98,-0.94,0.00
"07/01/2015 21:05:00","NPX",61845,17.24,1.32,0.00
"07/01/2015 21:05:00","O H",61846,13.68,-0.59,1.64
"07/01/2015 21:05:00","PJM",61847,18.49,1.11,-1.46
"07/01/2015 21:05:00","WEST",61752,21.99,-0.41,-6.49
"07/01/2015 21:10:00","CAPITL",61757,19.79,1.16,0.00
"07/01/2015 21:10:00","CENTRL",61754,19.92,0.45,-0.84
"07/01/2015 21:10:00","DUNWOD",61760,20.87,2.23,0.00
"07/01/2015 21:10:00","GENESE",61753,18.60,-0.04,0.00
"07/01/2015 21:10:00","H Q",61844,17.93,-0.71,0.00
"07/01/2015 21:10:00","HUD VL",61758,20.85,2.22,0.00
"07/01/2015 21:10:00","LONGIL",61762,21.35,2.72,0.00
"07/01/2015 21:10:00","MHK VL",61756,19.17,0.54,0.00
"07/01/2015 21:10:00","MILLWD",61759,20.92,2.29,0.00
"07/01/2015 21:10:00","N.Y.C.",61761,23.46,2.39,-2.44
"07/01/2015 21:10:00","NORTH",61755,17.53,-1.10,0.00
"07/01/2015 21:10:00","NPX",61845,20.12,1.49,0.00
"07/01/2015 21:10:00","O H",61846,15.15,-0.50,2.98
"07/01/2015 21:10:00","PJM",61847,21.95,1.34,-1.98
"07/01/2015 21:10:00","WEST",61752,31.45,-0.26,-13.08
"07/01/2015 21:15:00","CAPITL",61757,16.92,1.02,0.00
"07/01/2015 21:15:00","CENTRL",61754,16.15,0.25,0.00
"07/01/2015 21:15:00","DUNWOD",61760,17.84,1.94,0.00
"07/01/2015 21:15:00","GENESE",61753,15.66,-0.24,0.00
"07/01/2015 21:15:00","H Q",61844,15.34,-0.56,0.00
"07/01/2015 21:15:00","HUD VL",61758,17.81,1.91,0.00
"07/01/2015 21:15:00","LONGIL",61762,18.24,2.34,0.00
"07/01/2015 21:15:00","MHK VL",61756,16.33,0.43,0.00
"07/01/2015 21:15:00","MILLWD",61759,17.87,1.97,0.00
"07/01/2015 21:15:00","N.Y.C.",61761,20.99,2.10,-2.99
"07/01/2015 21:15:00","NORTH",61755,15.01,-0.89,0.00
"07/01/2015 21:15:00","NPX",61845,17.24,1.34,0.00
"07/01/2015 21:15:00","O H",61846,15.11,-0.79,0.00
"07/01/2015 21:15:00","PJM",61847,16.89,0.99,0.00
"07/01/2015 21:15:00","WEST",61752,15.28,-0.62,0.00
"07/01/2015 21:20:00","CAPITL",61757,17.15,1.03,0.00
"07/01/2015 21:20:00","CENTRL",61754,17.00,0.29,-0.59
"07/01/2015 21:20:00","DUNWOD",61760,18.09,1.97,0.00
"07/01/2015 21:20:00","GENESE",61753,15.38,-0.21,0.53
"07/01/2015 21:20:00","H Q",61844,15.54,-0.58,0.00
"07/01/2015 21:20:00","HUD VL",61758,18.05,1.93,0.00
"07/01/2015 21:20:00","LONGIL",61762,18.47,2.35,0.00
"07/01/2015 21:20:00","MHK VL",61756,16.57,0.45,0.00
"07/01/2015 21:20:00","MILLWD",61759,18.12,2.00,0.00
"07/01/2015 21:20:00","N.Y.C.",61761,21.20,2.13,-2.95
"07/01/2015 21:20:00","NORTH",61755,15.20,-0.92,0.00
"07/01/2015 21:20:00","NPX",61845,17.46,1.34,0.00
"07/01/2015 21:20:00","O H",61846,13.71,-0.74,1.67
"07/01/2015 21:20:00","PJM",61847,18.63,1.03,-1.48
"07/01/2015 21:20:00","WEST",61752,22.18,-0.55,-6.61
"07/01/2015 21:25:00","CAPITL",61757,15.03,0.89,0.00
"07/01/2015 21:25:00","CENTRL",61754,14.35,0.21,0.00
"07/01/2015 21:25:00","DUNWOD",61760,15.89,1.75,0.00
"07/01/2015 21:25:00","GENESE",61753,13.88,-0.25,0.00
"07/01/2015 21:25:00","H Q",61844,13.64,-0.50,0.00
"07/01/2015 21:25:00","HUD VL",61758,15.86,1.72,0.00
"07/01/2015 21:25:00","LONGIL",61762,16.23,2.09,0.00
"07/01/2015 21:25:00","MHK VL",61756,14.52,0.38,0.00
"07/01/2015 21:25:00","MILLWD",61759,15.92,1.78,0.00
"07/01/2015 21:25:00","N.Y.C.",61761,19.36,1.91,-3.32
"07/01/2015 21:25:00","NORTH",61755,13.33,-0.81,0.00
"07/01/2015 21:25:00","NPX",61845,15.31,1.17,0.00
"07/01/2015 21:25:00","O H",61846,13.37,-0.76,0.00
"07/01/2015 21:25:00","PJM",61847,15.01,0.88,0.00
"07/01/2015 21:25:00","WEST",61752,13.54,-0.59,0.00
"07/01/2015 21:30:00","CAPITL",61757,14.10,0.82,0.00
"07/01/2015 21:30:00","CENTRL",61754,13.76,0.27,-0.22
"07/01/2015 21:30:00","DUNWOD",61760,14.91,1.63,0.00
"07/01/2015 21:30:00","GENESE",61753,12.97,-0.11,0.20
"07/01/2015 21:30:00","H Q",61844,12.78,-0.49,0.00
"07/01/2015 21:30:00","HUD VL",61758,14.88,1.61,0.00
"07/01/2015 21:30:00","LONGIL",61762,15.23,1.95,0.00
"07/01/2015 21:30:00","MHK VL",61756,13.65,0.37,0.00
"07/01/2015 21:30:00","MILLWD",61759,14.93,1.66,0.00
"07/01/2015 21:30:00","N.Y.C.",61761,18.54,1.78,-3.49
"07/01/2015 21:30:00","NORTH",61755,12.49,-0.78,0.00
"07/01/2015 21:30:00","NPX",61845,14.35,1.07,0.00
"07/01/2015 21:30:00","O H",61846,12.14,-0.50,0.63
"07/01/2015 21:30:00","PJM",61847,14.74,0.90,-0.56
"07/01/2015 21:30:00","WEST",61752,15.44,-0.33,-2.50
"07/01/2015 21:35:00","CAPITL",61757,12.64,0.75,0.00
"07/01/2015 21:35:00","CENTRL",61754,12.08,0.19,0.00
"07/01/2015 21:35:00","DUNWOD",61760,13.37,1.47,0.00
"07/01/2015 21:35:00","GENESE",61753,11.74,-0.15,0.00
"07/01/2015 21:35:00","H Q",61844,11.47,-0.43,0.00
"07/01/2015 21:35:00","HUD VL",61758,13.33,1.44,0.00
"07/01/2015 21:35:00","LONGIL",61762,13.64,1.75,0.00
"07/01/2015 21:35:00","MHK VL",61756,12.22,0.32,0.00
"07/01/2015 21:35:00","MILLWD",61759,13.39,1.50,0.00
"07/01/2015 21:35:00","N.Y.C.",61761,17.25,1.61,-3.75
"07/01/2015 21:35:00","NORTH",61755,11.20,-0.69,0.00
"07/01/2015 21:35:00","NPX",61845,12.88,0.99,0.00
"07/01/2015 21:35:00","O H",61846,11.36,-0.54,0.00
"07/01/2015 21:35:00","PJM",61847,12.67,0.77,0.00
"07/01/2015 21:35:00","WEST",61752,11.50,-0.39,0.00
"07/01/2015 21:40:00","CAPITL",61757,12.66,0.76,0.00
"07/01/2015 21:40:00","CENTRL",61754,12.06,0.17,0.00
"07/01/2015 21:40:00","DUNWOD",61760,13.37,1.47,0.00
"07/01/2015 21:40:00","GENESE",61753,11.73,-0.17,0.00
"07/01/2015 21:40:00","H Q",61844,11.48,-0.42,0.00
"07/01/2015 21:40:00","HUD VL",61758,13.33,1.44,0.00
"07/01/2015 21:40:00","LONGIL",61762,13.63,1.74,0.00
"07/01/2015 21:40:00","MHK VL",61756,12.20,0.31,0.00
"07/01/2015 21:40:00","MILLWD",61759,13.38,1.49,0.00
"07/01/2015 21:40:00","N.Y.C.",61761,17.23,1.61,-3.73
"07/01/2015 21:40:00","NORTH",61755,11.20,-0.69,0.00
"07/01/2015 21:40:00","NPX",61845,12.89,1.00,0.00
"07/01/2015 21:40:00","O H",61846,11.31,-0.58,0.00
"07/01/2015 21:40:00","PJM",61847,12.63,0.74,0.00
"07/01/2015 21:40:00","WEST",61752,11.47,-0.43,0.00
"07/01/2015 21:45:00","CAPITL",61757,12.45,0.75,0.00
"07/01/2015 21:45:00","CENTRL",61754,11.89,0.19,0.00
"07/01/2015 21:45:00","DUNWOD",61760,13.14,1.44,0.00
"07/01/2015 21:45:00","GENESE",61753,11.56,-0.14,0.00
"07/01/2015 21:45:00","H Q",61844,11.28,-0.42,0.00
"07/01/2015 21:45:00","HUD VL",61758,13.11,1.40,0.00
"07/01/2015 21:45:00","LONGIL",61762,13.40,1.70,0.00
"07/01/2015 21:45:00","MHK VL",61756,12.01,0.30,0.00
"07/01/2015 21:45:00","MILLWD",61759,13.16,1.46,0.00
"07/01/2015 21:45:00","N.Y.C.",61761,17.04,1.57,-3.77
"07/01/2015 21:45:00","NORTH",61755,11.01,-0.69,0.00
"07/01/2015 21:45:00","NPX",61845,12.68,0.98,0.00
"07/01/2015 21:45:00","O H",61846,11.18,-0.53,0.00
"07/01/2015 21:45:00","PJM",61847,12.44,0.74,0.00
"07/01/2015 21:45:00","WEST",61752,11.33,-0.37,0.00
"07/01/2015 21:50:00","CAPITL",61757,13.82,0.82,0.00
"07/01/2015 21:50:00","CENTRL",61754,13.22,0.22,0.00
"07/01/2015 21:50:00","DUNWOD",61760,14.57,1.57,0.00
"07/01/2015 21:50:00","GENESE",61753,12.91,-0.09,0.00
"07/01/2015 21:50:00","H Q",61844,12.54,-0.46,0.00
"07/01/2015 21:50:00","HUD VL",61758,14.53,1.53,0.00
"07/01/2015 21:50:00","LONGIL",61762,14.84,1.85,0.00
"07/01/2015 21:50:00","MHK VL",61756,13.34,0.34,0.00
"07/01/2015 21:50:00","MILLWD",61759,14.60,1.60,0.00
"07/01/2015 21:50:00","N.Y.C.",61761,18.24,1.72,-3.53
"07/01/2015 21:50:00","NORTH",61755,12.22,-0.78,0.00
"07/01/2015 21:50:00","NPX",61845,14.08,1.08,0.00
"07/01/2015 21:50:00","O H",61846,12.51,-0.49,0.00
"07/01/2015 21:50:00","PJM",61847,13.83,0.83,0.00
"07/01/2015 21:50:00","WEST",61752,12.69,-0.31,0.00
"07/01/2015 21:55:00","CAPITL",61757,13.81,0.83,0.00
"07/01/2015 21:55:00","CENTRL",61754,13.20,0.22,0.00
"07/01/2015 21:55:00","DUNWOD",61760,14.55,1.57,0.00
"07/01/2015 21:55:00","GENESE",61753,12.89,-0.09,0.00
"07/01/2015 21:55:00","H Q",61844,12.51,-0.47,0.00
"07/01/2015 21:55:00","HUD VL",61758,14.52,1.54,0.00
"07/01/2015 21:55:00","LONGIL",61762,14.82,1.84,0.00
"07/01/2015 21:55:00","MHK VL",61756,13.30,0.32,0.00
"07/01/2015 21:55:00","MILLWD",61759,14.58,1.60,0.00
"07/01/2015 21:55:00","N.Y.C.",61761,18.20,1.71,-3.51
"07/01/2015 21:55:00","NORTH",61755,12.20,-0.78,0.00
"07/01/2015 21:55:00","NPX",61845,14.07,1.09,0.00
"07/01/2015 21:55:00","O H",61846,12.49,-0.49,0.00
"07/01/2015 21:55:00","PJM",61847,13.81,0.83,0.00
"07/01/2015 21:55:00","WEST",61752,12.68,-0.30,0.00
"07/01/2015 22:00:00","CAPITL",61757,19.92,1.18,0.00
"07/01/2015 22:00:00","CENTRL",61754,19.07,0.34,0.00
"07/01/2015 22:00:00","DUNWOD",61760,21.00,2.27,0.00
"07/01/2015 22:00:00","GENESE",61753,18.66,-0.07,0.00
"07/01/2015 22:00:00","H Q",61844,18.06,-0.67,0.00
"07/01/2015 22:00:00","HUD VL",61758,20.94,2.21,0.00
"07/01/2015 22:00:00","LONGIL",61762,21.47,2.74,0.00
"07/01/2015 22:00:00","MHK VL",61756,19.20,0.47,0.00
"07/01/2015 22:00:00","MILLWD",61759,21.04,2.30,0.00
"07/01/2015 22:00:00","N.Y.C.",61761,26.72,2.45,-5.53
"07/01/2015 22:00:00","NORTH",61755,17.59,-1.14,0.00
"07/01/2015 22:00:00","NPX",61845,20.31,1.57,0.00
"07/01/2015 22:00:00","O H",61846,18.10,-0.64,0.00
"07/01/2015 22:00:00","PJM",61847,19.94,1.20,0.00
"07/01/2015 22:00:00","WEST",61752,18.40,-0.34,0.00
"07/01/2015 22:05:00","CAPITL",61757,19.84,1.12,0.00
"07/01/2015 22:05:00","CENTRL",61754,19.11,0.39,0.00
"07/01/2015 22:05:00","DUNWOD",61760,20.94,2.23,0.00
"07/01/2015 22:05:00","GENESE",61753,18.74,0.02,0.00
"07/01/2015 22:05:00","H Q",61844,18.04,-0.67,0.00
"07/01/2015 22:05:00","HUD VL",61758,20.91,2.19,0.00
"07/01/2015 22:05:00","LONGIL",61762,21.47,2.75,0.00
"07/01/2015 22:05:00","MHK VL",61756,19.18,0.47,0.00
"07/01/2015 22:05:00","MILLWD",61759,20.98,2.26,0.00
"07/01/2015 22:05:00","N.Y.C.",61761,23.58,2.40,-2.47
"07/01/2015 22:05:00","NORTH",61755,17.59,-1.12,0.00
"07/01/2015 22:05:00","NPX",61845,20.21,1.50,0.00
"07/01/2015 22:05:00","O H",61846,18.27,-0.45,0.00
"07/01/2015 22:05:00","PJM",61847,19.97,1.25,0.00
"07/01/2015 22:05:00","WEST",61752,18.57,-0.15,0.00
"07/01/2015 22:10:00","CAPITL",61757,19.86,1.14,0.00
"07/01/2015 22:10:00","CENTRL",61754,19.09,0.37,0.00
"07/01/2015 22:10:00","DUNWOD",61760,20.98,2.26,0.00
"07/01/2015 22:10:00","GENESE",61753,18.66,-0.06,0.00
"07/01/2015 22:10:00","H Q",61844,18.04,-0.67,0.00
"07/01/2015 22:10:00","HUD VL",61758,20.92,2.21,0.00
"07/01/2015 22:10:00","LONGIL",61762,21.45,2.73,0.00
"07/01/2015 22:10:00","MHK VL",61756,19.18,0.47,0.00
"07/01/2015 22:10:00","MILLWD",61759,21.00,2.28,0.00
"07/01/2015 22:10:00","N.Y.C.",61761,23.61,2.43,-2.46
"07/01/2015 22:10:00","NORTH",61755,17.59,-1.12,0.00
"07/01/2015 22:10:00","NPX",61845,20.25,1.54,0.00
"07/01/2015 22:10:00","O H",61846,18.16,-0.56,0.00
"07/01/2015 22:10:00","PJM",61847,19.95,1.24,0.00
"07/01/2015 22:10:00","WEST",61752,18.45,-0.26,0.00
"07/01/2015 22:15:00","CAPITL",61757,19.83,1.10,0.00
"07/01/2015 22:15:00","CENTRL",61754,19.04,0.32,0.00
"07/01/2015 22:15:00","DUNWOD",61760,20.95,2.23,0.00
"07/01/2015 22:15:00","GENESE",61753,18.59,-0.13,0.00
"07/01/2015 22:15:00","H Q",61844,18.09,-0.64,0.00
"07/01/2015 22:15:00","HUD VL",61758,20.89,2.17,0.00
"07/01/2015 22:15:00","LONGIL",61762,21.44,2.71,0.00
"07/01/2015 22:15:00","MHK VL",61756,19.19,0.47,0.00
"07/01/2015 22:15:00","MILLWD",61759,20.99,2.26,0.00
"07/01/2015 22:15:00","N.Y.C.",61761,23.64,2.43,-2.48
"07/01/2015 22:15:00","NORTH",61755,17.67,-1.05,0.00
"07/01/2015 22:15:00","NPX",61845,20.22,1.50,0.00
"07/01/2015 22:15:00","O H",61846,18.07,-0.66,0.00
"07/01/2015 22:15:00","PJM",61847,19.90,1.18,0.00
"07/01/2015 22:15:00","WEST",61752,18.33,-0.39,0.00
"07/01/2015 22:20:00","CAPITL",61757,19.47,1.05,0.00
"07/01/2015 22:20:00","CENTRL",61754,18.79,0.37,0.00
"07/01/2015 22:20:00","DUNWOD",61760,20.60,2.17,0.00
"07/01/2015 22:20:00","GENESE",61753,18.37,-0.06,0.00
"07/01/2015 22:20:00","H Q",61844,17.80,-0.63,0.00
"07/01/2015 22:20:00","HUD VL",61758,20.54,2.12,0.00
"07/01/2015 22:20:00","LONGIL",61762,21.09,2.67,0.00
"07/01/2015 22:20:00","MHK VL",61756,18.88,0.46,0.00
"07/01/2015 22:20:00","MILLWD",61759,20.63,2.21,0.00
"07/01/2015 22:20:00","N.Y.C.",61761,23.34,2.38,-2.54
"07/01/2015 22:20:00","NORTH",61755,17.41,-1.01,0.00
"07/01/2015 22:20:00","NPX",61845,19.84,1.42,0.00
"07/01/2015 22:20:00","O H",61846,17.91,-0.52,0.00
"07/01/2015 22:20:00","PJM",61847,19.62,1.20,0.00
"07/01/2015 22:20:00","WEST",61752,18.18,-0.24,0.00
"07/01/2015 22:25:00","CAPITL",61757,16.46,0.89,0.00
"07/01/2015 22:25:00","CENTRL",61754,15.87,0.30,0.00
"07/01/2015 22:25:00","DUNWOD",61760,17.43,1.85,0.00
"07/01/2015 22:25:00","GENESE",61753,15.54,-0.03,0.00
"07/01/2015 22:25:00","H Q",61844,15.05,-0.53,0.00
"07/01/2015 22:25:00","HUD VL",61758,17.38,1.81,0.00
"07/01/2015 22:25:00","LONGIL",61762,17.87,2.29,0.00
"07/01/2015 22:25:00","MHK VL",61756,15.95,0.37,0.00
"07/01/2015 22:25:00","MILLWD",61759,17.46,1.88,0.00
"07/01/2015 22:25:00","N.Y.C.",61761,20.70,2.04,-3.09
"07/01/2015 22:25:00","NORTH",61755,14.69,-0.89,0.00
"07/01/2015 22:25:00","NPX",61845,16.79,1.22,0.00
"07/01/2015 22:25:00","O H",61846,15.19,-0.39,0.00
"07/01/2015 22:25:00","PJM",61847,16.60,1.03,0.00
"07/01/2015 22:25:00","WEST",61752,15.42,-0.16,0.00
"07/01/2015 22:30:00","CAPITL",61757,16.55,0.92,0.00
"07/01/2015 22:30:00","CENTRL",61754,15.89,0.27,0.00
"07/01/2015 22:30:00","DUNWOD",61760,17.52,1.89,0.00
"07/01/2015 22:30:00","GENESE",61753,15.56,-0.06,0.00
"07/01/2015 22:30:00","H Q",61844,15.09,-0.53,0.00
"07/01/2015 22:30:00","HUD VL",61758,17.45,1.83,0.00
"07/01/2015 22:30:00","LONGIL",61762,17.94,2.31,0.00
"07/01/2015 22:30:00","MHK VL",61756,16.00,0.37,0.00
"07/01/2015 22:30:00","MILLWD",61759,17.53,1.91,0.00
"07/01/2015 22:30:00","N.Y.C.",61761,20.76,2.06,-3.07
"07/01/2015 22:30:00","NORTH",61755,14.72,-0.91,0.00
"07/01/2015 22:30:00","NPX",61845,16.88,1.25,0.00
"07/01/2015 22:30:00","O H",61846,15.17,-0.45,0.00
"07/01/2015 22:30:00","PJM",61847,16.64,1.02,0.00
"07/01/2015 22:30:00","WEST",61752,15.39,-0.23,0.00
"07/01/2015 22:35:00","CAPITL",61757,15.90,0.87,0.00
"07/01/2015 22:35:00","CENTRL",61754,15.32,0.28,0.00
"07/01/2015 22:35:00","DUNWOD",61760,16.82,1.79,0.00
"07/01/2015 22:35:00","GENESE",61753,15.00,-0.03,0.00
"07/01/2015 22:35:00","H Q",61844,14.52,-0.51,0.00
"07/01/2015 22:35:00","HUD VL",61758,16.77,1.74,0.00
"07/01/2015 22:35:00","LONGIL",61762,17.23,2.19,0.00
"07/01/2015 22:35:00","MHK VL",61756,15.39,0.36,0.00
"07/01/2015 22:35:00","MILLWD",61759,16.83,1.80,0.00
"07/01/2015 22:35:00","N.Y.C.",61761,20.18,1.95,-3.19
"07/01/2015 22:35:00","NORTH",61755,14.16,-0.87,0.00
"07/01/2015 22:35:00","NPX",61845,16.22,1.19,0.00
"07/01/2015 22:35:00","O H",61846,14.67,-0.36,0.00
"07/01/2015 22:35:00","PJM",61847,16.04,1.01,0.00
"07/01/2015 22:35:00","WEST",61752,14.88,-0.15,0.00
"07/01/2015 22:40:00","CAPITL",61757,15.36,0.84,0.00
"07/01/2015 22:40:00","CENTRL",61754,14.80,0.28,0.00
"07/01/2015 22:40:00","DUNWOD",61760,16.26,1.74,0.00
"07/01/2015 22:40:00","GENESE",61753,14.49,-0.03,0.00
"07/01/2015 22:40:00","H Q",61844,14.01,-0.51,0.00
"07/01/2015 22:40:00","HUD VL",61758,16.21,1.68,0.00
"07/01/2015 22:40:00","LONGIL",61762,16.64,2.12,0.00
"07/01/2015 22:40:00","MHK VL",61756,14.86,0.33,0.00
"07/01/2015 22:40:00","MILLWD",61759,16.28,1.76,0.00
"07/01/2015 22:40:00","N.Y.C.",61761,19.71,1.90,-3.29
"07/01/2015 22:40:00","NORTH",61755,13.67,-0.86,0.00
"07/01/2015 22:40:00","NPX",61845,15.68,1.16,0.00
"07/01/2015 22:40:00","O H",61846,14.17,-0.35,0.00
"07/01/2015 22:40:00","PJM",61847,15.50,0.97,0.00
"07/01/2015 22:40:00","WEST",61752,14.39,-0.13,0.00
"07/01/2015 22:45:00","CAPITL",61757,15.32,0.84,0.00
"07/01/2015 22:45:00","CENTRL",61754,14.75,0.27,0.00
"07/01/2015 22:45:00","DUNWOD",61760,16.20,1.72,0.00
"07/01/2015 22:45:00","GENESE",61753,14.46,-0.01,0.00
"07/01/2015 22:45:00","H Q",61844,13.97,-0.51,0.00
"07/01/2015 22:45:00","HUD VL",61758,16.14,1.66,0.00
"07/01/2015 22:45:00","LONGIL",61762,16.58,2.10,0.00
"07/01/2015 22:45:00","MHK VL",61756,14.81,0.33,0.00
"07/01/2015 22:45:00","MILLWD",61759,16.21,1.74,0.00
"07/01/2015 22:45:00","N.Y.C.",61761,16.35,1.87,0.00
"07/01/2015 22:45:00","NORTH",61755,13.62,-0.85,0.00
"07/01/2015 22:45:00","NPX",61845,15.64,1.16,0.00
"07/01/2015 22:45:00","O H",61846,14.16,-0.32,0.00
"07/01/2015 22:45:00","PJM",61847,15.45,0.97,0.00
"07/01/2015 22:45:00","WEST",61752,14.38,-0.10,0.00
"07/01/2015 22:50:00","CAPITL",61757,14.08,0.77,0.00
"07/01/2015 22:50:00","CENTRL",61754,13.56,0.25,0.00
"07/01/2015 22:50:00","DUNWOD",61760,14.91,1.60,0.00
"07/01/2015 22:50:00","GENESE",61753,13.28,-0.03,0.00
"07/01/2015 22:50:00","H Q",61844,12.84,-0.47,0.00
"07/01/2015 22:50:00","HUD VL",61758,14.85,1.54,0.00
"07/01/2015 22:50:00","LONGIL",61762,15.25,1.94,0.00
"07/01/2015 22:50:00","MHK VL",61756,13.60,0.29,0.00
"07/01/2015 22:50:00","MILLWD",61759,14.92,1.61,0.00
"07/01/2015 22:50:00","N.Y.C.",61761,15.04,1.73,0.00
"07/01/2015 22:50:00","NORTH",61755,12.52,-0.79,0.00
"07/01/2015 22:50:00","NPX",61845,14.37,1.07,0.00
"07/01/2015 22:50:00","O H",61846,13.02,-0.29,0.00
"07/01/2015 22:50:00","PJM",61847,14.23,0.92,0.00
"07/01/2015 22:50:00","WEST",61752,13.22,-0.09,0.00
"07/01/2015 22:55:00","CAPITL",61757,15.33,0.83,0.00
"07/01/2015 22:55:00","CENTRL",61754,14.80,0.29,0.00
"07/01/2015 22:55:00","DUNWOD",61760,16.25,1.74,0.00
"07/01/2015 22:55:00","GENESE",61753,14.46,-0.04,0.00
"07/01/2015 22:55:00","H Q",61844,14.00,-0.51,0.00
"07/01/2015 22:55:00","HUD VL",61758,16.19,1.68,0.00
"07/01/2015 22:55:00","LONGIL",61762,16.64,2.13,0.00
"07/01/2015 22:55:00","MHK VL",61756,14.83,0.32,0.00
"07/01/2015 22:55:00","MILLWD",61759,16.26,1.75,0.00
"07/01/2015 22:55:00","N.Y.C.",61761,16.41,1.90,0.00
"07/01/2015 22:55:00","NORTH",61755,13.65,-0.86,0.00
"07/01/2015 22:55:00","NPX",61845,15.65,1.15,0.00
"07/01/2015 22:55:00","O H",61846,14.20,-0.31,0.00
"07/01/2015 22:55:00","PJM",61847,15.52,1.02,0.00
"07/01/2015 22:55:00","WEST",61752,14.41,-0.10,0.00
"07/01/2015 23:00:00","CAPITL",61757,18.81,0.96,0.00
"07/01/2015 23:00:00","CENTRL",61754,18.17,0.32,0.00
"07/01/2015 23:00:00","DUNWOD",61760,19.90,2.05,0.00
"07/01/2015 23:00:00","GENESE",61753,17.73,-0.12,0.00
"07/01/2015 23:00:00","H Q",61844,17.30,-0.55,0.00
"07/01/2015 23:00:00","HUD VL",61758,19.83,1.98,0.00
"07/01/2015 23:00:00","LONGIL",61762,20.31,2.46,0.00
"07/01/2015 23:00:00","MHK VL",61756,18.22,0.38,0.00
"07/01/2015 23:00:00","MILLWD",61759,19.92,2.07,0.00
"07/01/2015 23:00:00","N.Y.C.",61761,22.74,2.23,-2.66
"07/01/2015 23:00:00","NORTH",61755,16.89,-0.96,0.00
"07/01/2015 23:00:00","NPX",61845,19.21,1.36,0.00
"07/01/2015 23:00:00","O H",61846,17.39,-0.46,0.00
"07/01/2015 23:00:00","PJM",61847,19.01,1.16,0.00
"07/01/2015 23:00:00","WEST",61752,17.62,-0.23,0.00
"07/01/2015 23:05:00","CAPITL",61757,19.70,0.99,0.00
"07/01/2015 23:05:00","CENTRL",61754,19.01,0.30,0.00
"07/01/2015 23:05:00","DUNWOD",61760,20.82,2.11,0.00
"07/01/2015 23:05:00","GENESE",61753,18.60,-0.11,0.00
"07/01/2015 23:05:00","H Q",61844,18.15,-0.56,0.00
"07/01/2015 23:05:00","HUD VL",61758,20.77,2.06,0.00
"07/01/2015 23:05:00","LONGIL",61762,21.20,2.49,0.00
"07/01/2015 23:05:00","MHK VL",61756,19.09,0.37,0.00
"07/01/2015 23:05:00","MILLWD",61759,20.84,2.13,0.00
"07/01/2015 23:05:00","N.Y.C.",61761,364.72,2.30,-343.71
"07/01/2015 23:05:00","NORTH",61755,17.74,-0.97,0.00
"07/01/2015 23:05:00","NPX",61845,20.10,1.38,0.00
"07/01/2015 23:05:00","O H",61846,18.22,-0.49,0.00
"07/01/2015 23:05:00","PJM",61847,19.89,1.18,0.00
"07/01/2015 23:05:00","WEST",61752,18.49,-0.22,0.00
"07/01/2015 23:10:00","CAPITL",61757,19.47,0.96,0.00
"07/01/2015 23:10:00","CENTRL",61754,18.86,0.35,0.00
"07/01/2015 23:10:00","DUNWOD",61760,20.61,2.11,0.00
"07/01/2015 23:10:00","GENESE",61753,18.45,-0.06,0.00
"07/01/2015 23:10:00","H Q",61844,17.91,-0.59,0.00
"07/01/2015 23:10:00","HUD VL",61758,20.56,2.05,0.00
"07/01/2015 23:10:00","LONGIL",61762,21.00,2.50,0.00
"07/01/2015 23:10:00","MHK VL",61756,18.91,0.41,0.00
"07/01/2015 23:10:00","MILLWD",61759,20.63,2.13,0.00
"07/01/2015 23:10:00","N.Y.C.",61761,23.34,2.29,-2.54
"07/01/2015 23:10:00","NORTH",61755,17.51,-1.00,0.00
"07/01/2015 23:10:00","NPX",61845,19.86,1.35,0.00
"07/01/2015 23:10:00","O H",61846,18.14,-0.37,0.00
"07/01/2015 23:10:00","PJM",61847,19.75,1.24,0.00
"07/01/2015 23:10:00","WEST",61752,18.40,-0.11,0.00
"07/01/2015 23:15:00","CAPITL",61757,19.75,0.96,0.00
"07/01/2015 23:15:00","CENTRL",61754,19.07,0.28,0.00
"07/01/2015 23:15:00","DUNWOD",61760,20.89,2.10,0.00
"07/01/2015 23:15:00","GENESE",61753,18.64,-0.15,0.00
"07/01/2015 23:15:00","H Q",61844,18.26,-0.53,0.00
"07/01/2015 23:15:00","HUD VL",61758,20.84,2.05,0.00
"07/01/2015 23:15:00","LONGIL",61762,21.27,2.48,0.00
"07/01/2015 23:15:00","MHK VL",61756,19.18,0.40,0.00
"07/01/2015 23:15:00","MILLWD",61759,20.91,2.12,0.00
"07/01/2015 23:15:00","N.Y.C.",61761,21.08,2.29,0.00
"07/01/2015 23:15:00","NORTH",61755,17.87,-0.92,0.00
"07/01/2015 23:15:00","NPX",61845,20.16,1.37,0.00
"07/01/2015 23:15:00","O H",61846,18.24,-0.55,0.00
"07/01/2015 23:15:00","PJM",61847,19.95,1.17,0.00
"07/01/2015 23:15:00","WEST",61752,18.49,-0.30,0.00
"07/01/2015 23:20:00","CAPITL",61757,19.85,0.96,0.00
"07/01/2015 23:20:00","CENTRL",61754,19.13,0.24,0.00
"07/01/2015 23:20:00","DUNWOD",61760,20.98,2.10,0.00
"07/01/2015 23:20:00","GENESE",61753,18.66,-0.23,0.00
"07/01/2015 23:20:00","H Q",61844,18.36,-0.53,0.00
"07/01/2015 23:20:00","HUD VL",61758,20.93,2.04,0.00
"07/01/2015 23:20:00","LONGIL",61762,21.36,2.47,0.00
"07/01/2015 23:20:00","MHK VL",61756,19.28,0.40,0.00
"07/01/2015 23:20:00","MILLWD",61759,21.00,2.11,0.00
"07/01/2015 23:20:00","N.Y.C.",61761,23.62,2.28,-2.44
"07/01/2015 23:20:00","NORTH",61755,18.00,-0.89,0.00
"07/01/2015 23:20:00","NPX",61845,20.25,1.36,0.00
"07/01/2015 23:20:00","O H",61846,18.26,-0.62,0.00
"07/01/2015 23:20:00","PJM",61847,20.04,1.15,0.00
"07/01/2015 23:20:00","WEST",61752,18.49,-0.40,0.00
"07/01/2015 23:25:00","CAPITL",61757,18.72,0.86,0.00
"07/01/2015 23:25:00","CENTRL",61754,18.16,0.30,0.00
"07/01/2015 23:25:00","DUNWOD",61760,19.84,1.98,0.00
"07/01/2015 23:25:00","GENESE",61753,17.73,-0.12,0.00
"07/01/2015 23:25:00","H Q",61844,17.36,-0.50,0.00
"07/01/2015 23:25:00","HUD VL",61758,19.79,1.93,0.00
"07/01/2015 23:25:00","LONGIL",61762,20.18,2.32,0.00
"07/01/2015 23:25:00","MHK VL",61756,18.22,0.36,0.00
"07/01/2015 23:25:00","MILLWD",61759,19.84,1.98,0.00
"07/01/2015 23:25:00","N.Y.C.",61761,22.66,2.16,-2.64
"07/01/2015 23:25:00","NORTH",61755,17.04,-0.82,0.00
"07/01/2015 23:25:00","NPX",61845,19.09,1.23,0.00
"07/01/2015 23:25:00","O H",61846,17.43,-0.43,0.00
"07/01/2015 23:25:00","PJM",61847,19.02,1.16,0.00
"07/01/2015 23:25:00","WEST",61752,17.66,-0.20,0.00
"07/01/2015 23:30:00","CAPITL",61757,17.44,0.81,0.00
"07/01/2015 23:30:00","CENTRL",61754,16.89,0.27,0.00
"07/01/2015 23:30:00","DUNWOD",61760,18.49,1.86,0.00
"07/01/2015 23:30:00","GENESE",61753,16.49,-0.13,0.00
"07/01/2015 23:30:00","H Q",61844,16.16,-0.47,0.00
"07/01/2015 23:30:00","HUD VL",61758,18.42,1.80,0.00
"07/01/2015 23:30:00","LONGIL",61762,18.80,2.18,0.00
"07/01/2015 23:30:00","MHK VL",61756,16.94,0.32,0.00
"07/01/2015 23:30:00","MILLWD",61759,18.49,1.86,0.00
"07/01/2015 23:30:00","N.Y.C.",61761,21.52,2.03,-2.87
"07/01/2015 23:30:00","NORTH",61755,15.86,-0.76,0.00
"07/01/2015 23:30:00","NPX",61845,17.79,1.16,0.00
"07/01/2015 23:30:00","O H",61846,16.23,-0.40,0.00
"07/01/2015 23:30:00","PJM",61847,17.71,1.08,0.00
"07/01/2015 23:30:00","WEST",61752,16.44,-0.18,0.00
"07/01/2015 23:35:00","CAPITL",61757,16.40,0.78,0.00
"07/01/2015 23:35:00","CENTRL",61754,15.87,0.25,0.00
"07/01/2015 23:35:00","DUNWOD",61760,17.36,1.75,0.00
"07/01/2015 23:35:00","GENESE",61753,15.49,-0.13,0.00
"07/01/2015 23:35:00","H Q",61844,15.18,-0.44,0.00
"07/01/2015 23:35:00","HUD VL",61758,17.30,1.69,0.00
"07/01/2015 23:35:00","LONGIL",61762,17.66,2.05,0.00
"07/01/2015 23:35:00","MHK VL",61756,15.91,0.30,0.00
"07/01/2015 23:35:00","MILLWD",61759,17.36,1.75,0.00
"07/01/2015 23:35:00","N.Y.C.",61761,20.61,1.94,-3.06
"07/01/2015 23:35:00","NORTH",61755,14.88,-0.73,0.00
"07/01/2015 23:35:00","NPX",61845,16.74,1.12,0.00
"07/01/2015 23:35:00","O H",61846,15.23,-0.39,0.00
"07/01/2015 23:35:00","PJM",61847,16.62,1.00,0.00
"07/01/2015 23:35:00","WEST",61752,15.43,-0.19,0.00
"07/01/2015 23:40:00","CAPITL",61757,16.26,0.76,0.00
"07/01/2015 23:40:00","CENTRL",61754,15.76,0.26,0.00
"07/01/2015 23:40:00","DUNWOD",61760,17.22,1.72,0.00
"07/01/2015 23:40:00","GENESE",61753,15.42,-0.08,0.00
"07/01/2015 23:40:00","H Q",61844,15.06,-0.43,0.00
"07/01/2015 23:40:00","HUD VL",61758,17.16,1.66,0.00
"07/01/2015 23:40:00","LONGIL",61762,17.53,2.03,0.00
"07/01/2015 23:40:00","MHK VL",61756,15.79,0.29,0.00
"07/01/2015 23:40:00","MILLWD",61759,17.23,1.74,0.00
"07/01/2015 23:40:00","N.Y.C.",61761,20.47,1.89,-3.09
"07/01/2015 23:40:00","NORTH",61755,14.75,-0.74,0.00
"07/01/2015 23:40:00","NPX",61845,16.60,1.10,0.00
"07/01/2015 23:40:00","O H",61846,15.20,-0.29,0.00
"07/01/2015 23:40:00","PJM",61847,16.50,1.01,0.00
"07/01/2015 23:40:00","WEST",61752,15.40,-0.09,0.00
"07/01/2015 23:45:00","CAPITL",61757,16.26,0.76,0.00
"07/01/2015 23:45:00","CENTRL",61754,15.76,0.26,0.00
"07/01/2015 23:45:00","DUNWOD",61760,17.23,1.74,0.00
"07/01/2015 23:45:00","GENESE",61753,15.42,-0.08,0.00
"07/01/2015 23:45:00","H Q",61844,15.05,-0.45,0.00
"07/01/2015 23:45:00","HUD VL",61758,17.17,1.67,0.00
"07/01/2015 23:45:00","LONGIL",61762,17.53,2.03,0.00
"07/01/2015 23:45:00","MHK VL",61756,15.79,0.29,0.00
"07/01/2015 23:45:00","MILLWD",61759,17.25,1.75,0.00
"07/01/2015 23:45:00","N.Y.C.",61761,20.51,1.94,-3.08
"07/01/2015 23:45:00","NORTH",61755,14.75,-0.74,0.00
"07/01/2015 23:45:00","NPX",61845,16.61,1.12,0.00
"07/01/2015 23:45:00","O H",61846,15.20,-0.29,0.00
"07/01/2015 23:45:00","PJM",61847,16.52,1.02,0.00
"07/01/2015 23:45:00","WEST",61752,15.42,-0.08,0.00
"07/01/2015 23:50:00","CAPITL",61757,16.19,0.76,0.00
"07/01/2015 23:50:00","CENTRL",61754,15.69,0.26,0.00
"07/01/2015 23:50:00","DUNWOD",61760,17.16,1.73,0.00
"07/01/2015 23:50:00","GENESE",61753,15.39,-0.05,0.00
"07/01/2015 23:50:00","H Q",61844,14.98,-0.45,0.00
"07/01/2015 23:50:00","HUD VL",61758,17.08,1.65,0.00
"07/01/2015 23:50:00","LONGIL",61762,17.42,1.99,0.00
"07/01/2015 23:50:00","MHK VL",61756,15.72,0.29,0.00
"07/01/2015 23:50:00","MILLWD",61759,17.16,1.73,0.00
"07/01/2015 23:50:00","N.Y.C.",61761,20.42,1.90,-3.09
"07/01/2015 23:50:00","NORTH",61755,14.68,-0.76,0.00
"07/01/2015 23:50:00","NPX",61845,16.54,1.11,0.00
"07/01/2015 23:50:00","O H",61846,15.18,-0.25,0.00
"07/01/2015 23:50:00","PJM",61847,16.45,1.02,0.00
"07/01/2015 23:50:00","WEST",61752,15.40,-0.03,0.00
"07/01/2015 23:55:00","CAPITL",61757,13.08,0.63,0.00
"07/01/2015 23:55:00","CENTRL",61754,12.61,0.16,0.00
"07/01/2015 23:55:00","DUNWOD",61760,13.89,1.44,0.00
"07/01/2015 23:55:00","GENESE",61753,12.30,-0.15,0.00
"07/01/2015 23:55:00","H Q",61844,12.10,-0.35,0.00
"07/01/2015 23:55:00","HUD VL",61758,13.83,1.38,0.00
"07/01/2015 23:55:00","LONGIL",61762,14.10,1.66,0.00
"07/01/2015 23:55:00","MHK VL",61756,12.67,0.22,0.00
"07/01/2015 23:55:00","MILLWD",61759,13.88,1.43,0.00
"07/01/2015 23:55:00","N.Y.C.",61761,17.69,1.59,-3.65
"07/01/2015 23:55:00","NORTH",61755,11.85,-0.60,0.00
"07/01/2015 23:55:00","NPX",61845,13.37,0.92,0.00
"07/01/2015 23:55:00","O H",61846,12.07,-0.37,0.00
"07/01/2015 23:55:00","PJM",61847,13.24,0.80,0.00
"07/01/2015 23:55:00","WEST",61752,12.22,-0.22,0.00
"07/02/2015 00:00:00","CAPITL",61757,17.83,0.96,0.00
"07/02/2015 00:00:00","CENTRL",61754,17.02,0.15,0.00
"07/02/2015 00:00:00","DUNWOD",61760,18.80,1.92,0.00
"07/02/2015 00:00:00","GENESE",61753,16.54,-0.34,0.00
"07/02/2015 00:00:00","H Q",61844,16.42,-0.45,0.00
"07/02/2015 00:00:00","HUD VL",61758,18.71,1.84,0.00
"07/02/2015 00:00:00","LONGIL",61762,19.13,2.26,0.00
"07/02/2015 00:00:00","MHK VL",61756,17.16,0.29,0.00
"07/02/2015 00:00:00","MILLWD",61759,18.80,1.92,0.00
"07/02/2015 00:00:00","N.Y.C.",61761,21.70,2.13,-2.70
"07/02/2015 00:00:00","NORTH",61755,16.10,-0.78,0.00
"07/02/2015 00:00:00","NPX",61845,18.17,1.30,0.00
"07/02/2015 00:00:00","O H",61846,16.17,-0.71,0.00
"07/02/2015 00:00:00","PJM",61847,17.85,0.98,0.00
"07/02/2015 00:00:00","WEST",61752,16.35,-0.52,0.00
